0 0.116883 0.954000 0.116883 0.962000 0.103896 0.964000 0.103896 0.968000 0.116883 0.970000 0.116883 0.994000 0.207792 0.994000 0.207792 0.990000 0.168831 0.990000 0.155844 0.988000 0.155844 0.954000
0 0.129870 0.894000 0.129870 0.902000 0.116883 0.904000 0.103896 0.904000 0.103896 0.910000 0.116883 0.912000 0.116883 0.922000 0.129870 0.924000 0.129870 0.928000 0.116883 0.930000 0.103896 0.930000 0.103896 0.934000 0.116883 0.936000 0.116883 0.944000 0.155844 0.944000 0.155844 0.912000 0.168831 0.910000 0.194805 0.910000 0.194805 0.906000 0.168831 0.906000 0.155844 0.904000 0.155844 0.894000
0 0.116883 0.836000 0.116883 0.840000 0.129870 0.842000 0.129870 0.846000 0.116883 0.848000 0.103896 0.848000 0.103896 0.856000 0.090909 0.858000 0.090909 0.862000 0.116883 0.862000 0.129870 0.864000 0.129870 0.868000 0.116883 0.870000 0.116883 0.878000 0.103896 0.880000 0.103896 0.884000 0.116883 0.884000 0.129870 0.886000 0.155844 0.886000 0.155844 0.858000 0.168831 0.856000 0.220779 0.856000 0.220779 0.852000 0.168831 0.852000 0.155844 0.850000 0.155844 0.846000 0.168831 0.844000 0.220779 0.844000 0.220779 0.840000 0.168831 0.840000 0.155844 0.838000 0.155844 0.836000
0 0.129870 0.728000 0.129870 0.752000 0.116883 0.754000 0.116883 0.758000 0.129870 0.760000 0.129870 0.786000 0.116883 0.788000 0.103896 0.788000 0.103896 0.792000 0.116883 0.792000 0.129870 0.794000 0.129870 0.798000 0.116883 0.800000 0.116883 0.808000 0.103896 0.810000 0.103896 0.814000 0.116883 0.814000 0.129870 0.816000 0.129870 0.820000 0.116883 0.822000 0.103896 0.822000 0.103896 0.826000 0.155844 0.826000 0.155844 0.760000 0.168831 0.758000 0.220779 0.758000 0.220779 0.752000 0.168831 0.752000 0.155844 0.750000 0.155844 0.734000 0.168831 0.732000 0.220779 0.732000 0.220779 0.728000
0 0.116883 0.658000 0.116883 0.672000 0.129870 0.674000 0.129870 0.708000 0.155844 0.708000 0.155844 0.658000
0 0.129870 0.492000 0.129870 0.498000 0.116883 0.500000 0.116883 0.504000 0.129870 0.506000 0.129870 0.526000 0.116883 0.528000 0.116883 0.532000 0.129870 0.534000 0.129870 0.540000 0.116883 0.542000 0.090909 0.542000 0.090909 0.612000 0.077922 0.614000 0.077922 0.622000 0.090909 0.624000 0.090909 0.638000 0.155844 0.638000 0.155844 0.614000 0.168831 0.612000 0.168831 0.610000 0.181818 0.608000 0.181818 0.600000 0.142857 0.600000 0.129870 0.598000 0.129870 0.594000 0.155844 0.590000 0.155844 0.584000 0.168831 0.582000 0.194805 0.582000 0.207792 0.584000 0.207792 0.590000 0.233766 0.590000 0.233766 0.580000 0.246753 0.578000 0.272727 0.578000 0.285714 0.580000 0.311688 0.580000 0.311688 0.576000 0.298701 0.574000 0.298701 0.572000 0.285714 0.570000 0.285714 0.568000 0.207792 0.568000 0.207792 0.576000 0.194805 0.578000 0.168831 0.578000 0.155844 0.576000 0.155844 0.548000 0.168831 0.546000 0.168831 0.542000 0.155844 0.540000 0.155844 0.492000
0 0.142857 0.368000 0.142857 0.370000 0.129870 0.372000 0.129870 0.402000 0.142857 0.404000 0.142857 0.414000 0.168831 0.414000 0.168831 0.390000 0.155844 0.388000 0.155844 0.382000 0.168831 0.380000 0.168831 0.368000
0 0.142857 0.306000 0.142857 0.312000 0.129870 0.314000 0.129870 0.346000 0.168831 0.346000 0.168831 0.324000 0.181818 0.322000 0.181818 0.318000 0.168831 0.316000 0.168831 0.306000
0 0.142857 0.248000 0.142857 0.256000 0.129870 0.258000 0.129870 0.262000 0.142857 0.264000 0.142857 0.280000 0.129870 0.282000 0.129870 0.286000 0.142857 0.288000 0.142857 0.298000 0.168831 0.298000 0.168831 0.288000 0.181818 0.286000 0.181818 0.282000 0.168831 0.280000 0.168831 0.276000 0.181818 0.274000 0.181818 0.258000 0.168831 0.256000 0.168831 0.248000
0 0.142857 0.188000 0.142857 0.238000 0.168831 0.238000 0.168831 0.228000 0.181818 0.226000 0.181818 0.212000 0.168831 0.210000 0.168831 0.206000 0.181818 0.204000 0.181818 0.198000 0.168831 0.196000 0.168831 0.188000
0 0.142857 0.012000 0.142857 0.018000 0.129870 0.020000 0.090909 0.020000 0.090909 0.024000 0.129870 0.024000 0.142857 0.026000 0.142857 0.040000 0.129870 0.042000 0.090909 0.042000 0.090909 0.050000 0.116883 0.050000 0.129870 0.052000 0.129870 0.060000 0.142857 0.062000 0.142857 0.068000 0.129870 0.070000 0.077922 0.070000 0.077922 0.074000 0.090909 0.076000 0.090909 0.118000 0.103896 0.120000 0.103896 0.126000 0.116883 0.126000 0.142857 0.130000 0.142857 0.138000 0.129870 0.140000 0.090909 0.140000 0.090909 0.144000 0.129870 0.144000 0.142857 0.146000 0.142857 0.180000 0.168831 0.180000 0.181818 0.178000 0.181818 0.174000 0.168831 0.172000 0.168831 0.160000 0.181818 0.158000 0.181818 0.146000 0.207792 0.142000 0.246753 0.142000 0.259740 0.144000 0.259740 0.148000 0.285714 0.148000 0.298701 0.150000 0.298701 0.154000 0.324675 0.154000 0.337662 0.156000 0.363636 0.156000 0.376623 0.158000 0.376623 0.162000 0.389610 0.162000 0.415584 0.166000 0.415584 0.174000 0.428571 0.176000 0.428571 0.180000 0.441558 0.182000 0.441558 0.190000 0.454545 0.192000 0.454545 0.222000 0.441558 0.224000 0.441558 0.228000 0.428571 0.230000 0.415584 0.230000 0.415584 0.234000 0.402597 0.236000 0.402597 0.238000 0.389610 0.240000 0.389610 0.246000 0.376623 0.248000 0.376623 0.258000 0.363636 0.260000 0.298701 0.260000 0.298701 0.270000 0.324675 0.270000 0.324675 0.268000 0.337662 0.266000 0.428571 0.266000 0.428571 0.260000 0.454545 0.256000 0.454545 0.254000 0.467532 0.252000 0.467532 0.250000 0.493506 0.246000 0.493506 0.244000 0.519481 0.240000 0.545455 0.240000 0.558442 0.242000 0.558442 0.250000 0.571429 0.252000 0.571429 0.268000 0.597403 0.272000 0.597403 0.280000 0.623377 0.280000 0.623377 0.278000 0.636364 0.276000 0.636364 0.266000 0.623377 0.264000 0.623377 0.250000 0.610390 0.248000 0.610390 0.240000 0.597403 0.238000 0.597403 0.224000 0.584416 0.222000 0.584416 0.206000 0.571429 0.204000 0.571429 0.192000 0.545455 0.188000 0.545455 0.182000 0.532468 0.180000 0.532468 0.156000 0.545455 0.154000 0.545455 0.152000 0.558442 0.150000 0.558442 0.146000 0.571429 0.144000 0.571429 0.142000 0.584416 0.140000 0.584416 0.136000 0.597403 0.134000 0.597403 0.132000 0.610390 0.130000 0.610390 0.126000 0.623377 0.124000 0.623377 0.116000 0.636364 0.114000 0.636364 0.096000 0.649351 0.094000 0.649351 0.068000 0.636364 0.066000 0.636364 0.052000 0.623377 0.050000 0.623377 0.048000 0.610390 0.048000 0.597403 0.046000 0.597403 0.038000 0.584416 0.038000 0.571429 0.036000 0.571429 0.034000 0.545455 0.034000 0.545455 0.038000 0.558442 0.038000 0.571429 0.040000 0.571429 0.042000 0.584416 0.042000 0.597403 0.044000 0.597403 0.052000 0.584416 0.054000 0.571429 0.054000 0.571429 0.058000 0.558442 0.060000 0.558442 0.068000 0.545455 0.070000 0.506494 0.070000 0.493506 0.068000 0.493506 0.054000 0.480519 0.052000 0.480519 0.050000 0.467532 0.048000 0.467532 0.042000 0.428571 0.036000 0.415584 0.036000 0.389610 0.032000 0.389610 0.030000 0.376623 0.028000 0.350649 0.028000 0.350649 0.032000 0.363636 0.034000 0.363636 0.036000 0.389610 0.040000 0.389610 0.046000 0.402597 0.048000 0.402597 0.058000 0.389610 0.060000 0.337662 0.060000 0.324675 0.058000 0.324675 0.054000 0.298701 0.054000 0.298701 0.062000 0.324675 0.062000 0.337662 0.064000 0.337662 0.068000 0.324675 0.070000 0.298701 0.070000 0.298701 0.072000 0.285714 0.074000 0.259740 0.074000 0.233766 0.070000 0.233766 0.054000 0.194805 0.054000 0.181818 0.052000 0.181818 0.032000 0.194805 0.030000 0.194805 0.026000 0.181818 0.024000 0.181818 0.012000