0 0.178988 0.837283 0.178988 0.838863 0.175097 0.840442 0.167315 0.840442 0.163424 0.842022 0.159533 0.842022 0.147860 0.846761 0.140078 0.846761 0.140078 0.848341 0.136187 0.849921 0.132296 0.849921 0.132296 0.853081 0.128405 0.854660 0.116732 0.854660 0.116732 0.857820 0.108949 0.860979 0.108949 0.862559 0.105058 0.864139 0.097276 0.864139 0.097276 0.865719 0.093385 0.867299 0.093385 0.868878 0.081712 0.873618 0.077821 0.873618 0.077821 0.876777 0.081712 0.876777 0.085603 0.878357 0.085603 0.881517 0.081712 0.883096 0.066148 0.883096 0.062257 0.884676 0.062257 0.886256 0.058366 0.887836 0.054475 0.887836 0.046693 0.890995 0.046693 0.895735 0.050584 0.897314 0.070039 0.897314 0.073930 0.895735 0.073930 0.889415 0.077821 0.887836 0.097276 0.887836 0.101167 0.889415 0.108949 0.889415 0.108949 0.883096 0.112840 0.881517 0.120623 0.881517 0.124514 0.883096 0.124514 0.889415 0.132296 0.889415 0.132296 0.886256 0.128405 0.886256 0.124514 0.884676 0.124514 0.875197 0.128405 0.873618 0.143969 0.873618 0.147860 0.875197 0.147860 0.884676 0.155642 0.884676 0.155642 0.873618 0.159533 0.872038 0.167315 0.872038 0.171206 0.873618 0.171206 0.884676 0.178988 0.884676 0.178988 0.867299 0.182879 0.865719 0.186770 0.865719 0.186770 0.837283
0 0.031128 0.739336 0.031128 0.794629 0.038911 0.794629 0.038911 0.739336
0 0.256809 0.679305 0.256809 0.691943 0.252918 0.693523 0.249027 0.693523 0.249027 0.695103 0.245136 0.696682 0.245136 0.698262 0.241245 0.699842 0.237354 0.699842 0.237354 0.701422 0.233463 0.703002 0.225681 0.703002 0.225681 0.706161 0.229572 0.706161 0.237354 0.709321 0.237354 0.710900 0.245136 0.710900 0.245136 0.703002 0.249027 0.701422 0.256809 0.701422 0.260700 0.703002 0.260700 0.712480 0.268482 0.712480 0.272374 0.710900 0.291829 0.710900 0.291829 0.690363 0.284047 0.690363 0.284047 0.699842 0.280156 0.701422 0.272374 0.701422 0.268482 0.699842 0.268482 0.679305
0 0.342412 0.674566 0.342412 0.679305 0.346304 0.679305 0.350195 0.680885 0.350195 0.701422 0.346304 0.703002 0.338521 0.703002 0.334630 0.701422 0.334630 0.688784 0.326848 0.688784 0.326848 0.710900 0.334630 0.710900 0.334630 0.709321 0.338521 0.707741 0.357977 0.707741 0.357977 0.684044 0.361868 0.682464 0.369650 0.682464 0.369650 0.676145 0.354086 0.676145 0.350195 0.674566
0 0.809339 0.669826 0.809339 0.709321 0.817121 0.709321 0.817121 0.669826
0 0.739300 0.624013 0.739300 0.663507 0.747082 0.663507 0.747082 0.624013
0 0.626459 0.624013 0.626459 0.663507 0.634241 0.663507 0.634241 0.624013
0 0.579767 0.578199 0.579767 0.616114 0.587549 0.616114 0.587549 0.587678 0.591440 0.586098 0.599222 0.586098 0.603113 0.587678 0.603113 0.603476 0.610895 0.603476 0.610895 0.578199 0.603113 0.578199 0.603113 0.581359 0.599222 0.582938 0.591440 0.582938 0.587549 0.581359 0.587549 0.578199
0 0.715953 0.576619 0.715953 0.616114 0.723735 0.616114 0.723735 0.576619
0 0.805447 0.350711 0.805447 0.383886 0.813230 0.383886 0.813230 0.369668 0.817121 0.368088 0.824903 0.368088 0.828794 0.369668 0.828794 0.374408 0.836576 0.374408 0.836576 0.371248 0.832685 0.369668 0.832685 0.364929 0.817121 0.364929 0.813230 0.363349 0.813230 0.350711
0 0.392996 0.327014 0.392996 0.341232 0.381323 0.345972 0.377432 0.345972 0.377432 0.347551 0.373541 0.349131 0.361868 0.349131 0.361868 0.353870 0.365759 0.353870 0.369650 0.355450 0.369650 0.357030 0.373541 0.357030 0.377432 0.358610 0.377432 0.361769 0.373541 0.363349 0.369650 0.363349 0.369650 0.366509 0.381323 0.366509 0.385214 0.364929 0.400778 0.364929 0.400778 0.363349 0.404669 0.361769 0.408560 0.361769 0.408560 0.353870 0.412451 0.352291 0.412451 0.345972 0.408560 0.344392 0.408560 0.338073 0.404669 0.338073 0.400778 0.336493 0.400778 0.327014
0 0.961089 0.325434 0.957198 0.327014 0.941634 0.327014 0.941634 0.331754 0.937743 0.333333 0.922179 0.333333 0.922179 0.336493 0.941634 0.336493 0.953307 0.341232 0.953307 0.342812 0.957198 0.344392 0.957198 0.352291 0.961089 0.352291 0.964981 0.353870 0.964981 0.355450 0.972763 0.355450 0.972763 0.353870 0.976654 0.352291 0.984436 0.352291 0.984436 0.342812 0.980545 0.341232 0.980545 0.336493 0.976654 0.336493 0.972763 0.334913 0.972763 0.325434
0 0.322957 0.298578 0.322957 0.339652 0.330739 0.339652 0.330739 0.298578
0 0.789883 0.199052 0.785992 0.200632 0.785992 0.205371 0.782101 0.206951 0.778210 0.206951 0.778210 0.211690 0.774319 0.213270 0.774319 0.214850 0.770428 0.216430 0.770428 0.224329 0.762646 0.227488 0.762646 0.229068 0.758755 0.230648 0.758755 0.236967 0.754864 0.238547 0.750973 0.238547 0.750973 0.246445 0.747082 0.248025 0.743191 0.248025 0.743191 0.249605 0.739300 0.251185 0.731518 0.251185 0.727626 0.252765 0.712062 0.252765 0.704280 0.249605 0.704280 0.244866 0.708171 0.243286 0.719844 0.243286 0.719844 0.222749 0.712062 0.222749 0.712062 0.235387 0.708171 0.236967 0.700389 0.236967 0.696498 0.235387 0.696498 0.214850 0.680934 0.214850 0.677043 0.213270 0.665370 0.213270 0.665370 0.214850 0.661479 0.216430 0.657588 0.216430 0.657588 0.218009 0.653696 0.219589 0.653696 0.230648 0.673152 0.230648 0.677043 0.232227 0.677043 0.236967 0.680934 0.238547 0.680934 0.244866 0.684825 0.244866 0.688716 0.246445 0.688716 0.249605 0.684825 0.251185 0.673152 0.251185 0.673152 0.254344 0.677043 0.255924 0.677043 0.259084 0.673152 0.260664 0.665370 0.260664 0.665370 0.263823 0.673152 0.263823 0.673152 0.260664 0.677043 0.259084 0.684825 0.259084 0.688716 0.260664 0.688716 0.265403 0.692607 0.265403 0.696498 0.266983 0.700389 0.266983 0.704280 0.268562 0.708171 0.268562 0.712062 0.270142 0.712062 0.290679 0.719844 0.290679 0.719844 0.273302 0.723735 0.271722 0.739300 0.271722 0.743191 0.273302 0.743191 0.276461 0.739300 0.278041 0.735409 0.278041 0.735409 0.290679 0.743191 0.290679 0.743191 0.279621 0.747082 0.278041 0.778210 0.278041 0.782101 0.279621 0.782101 0.293839 0.789883 0.293839 0.789883 0.284360 0.793774 0.282780 0.801556 0.282780 0.805447 0.284360 0.805447 0.290679 0.813230 0.290679 0.813230 0.284360 0.817121 0.282780 0.844358 0.282780 0.848249 0.284360 0.848249 0.290679 0.856031 0.290679 0.856031 0.284360 0.859922 0.282780 0.863813 0.282780 0.863813 0.281201 0.867704 0.279621 0.867704 0.265403 0.871595 0.263823 0.879377 0.263823 0.883268 0.265403 0.883268 0.268562 0.898833 0.268562 0.902724 0.270142 0.906615 0.270142 0.910506 0.271722 0.910506 0.276461 0.918288 0.276461 0.918288 0.273302 0.914397 0.273302 0.910506 0.271722 0.910506 0.266983 0.906615 0.266983 0.898833 0.263823 0.875486 0.263823 0.871595 0.262243 0.871595 0.260664 0.867704 0.260664 0.863813 0.259084 0.863813 0.254344 0.840467 0.254344 0.840467 0.259084 0.836576 0.260664 0.821012 0.260664 0.817121 0.259084 0.805447 0.259084 0.805447 0.260664 0.801556 0.262243 0.793774 0.262243 0.789883 0.260664 0.789883 0.259084 0.785992 0.259084 0.782101 0.257504 0.782101 0.252765 0.778210 0.251185 0.770428 0.251185 0.770428 0.257504 0.766537 0.259084 0.758755 0.259084 0.754864 0.257504 0.754864 0.254344 0.750973 0.252765 0.750973 0.246445 0.754864 0.244866 0.778210 0.244866 0.782101 0.243286 0.789883 0.243286 0.789883 0.232227 0.793774 0.230648 0.809339 0.230648 0.809339 0.222749 0.813230 0.221169 0.813230 0.213270 0.805447 0.213270 0.801556 0.211690 0.801556 0.203791 0.797665 0.202212 0.797665 0.199052
0 0.571984 0.000000 0.571984 0.001580 0.568093 0.003160 0.536965 0.003160 0.533074 0.004739 0.513619 0.004739 0.513619 0.011058 0.517510 0.012638 0.517510 0.018957 0.513619 0.020537 0.513619 0.023697 0.517510 0.025276 0.517510 0.030016 0.513619 0.031596 0.509728 0.031596 0.509728 0.033175 0.505837 0.034755 0.498054 0.034755 0.498054 0.036335 0.490272 0.039494 0.490272 0.042654 0.486381 0.044234 0.486381 0.045814 0.482490 0.047393 0.478599 0.047393 0.478599 0.050553 0.474708 0.052133 0.466926 0.052133 0.466926 0.058452 0.463035 0.060032 0.463035 0.061611 0.459144 0.063191 0.459144 0.064771 0.455253 0.066351 0.451362 0.066351 0.447471 0.067930 0.443580 0.067930 0.443580 0.071090 0.439689 0.072670 0.431907 0.072670 0.431907 0.074250 0.428016 0.075829 0.424125 0.075829 0.412451 0.080569 0.400778 0.080569 0.400778 0.086888 0.389105 0.091627 0.381323 0.091627 0.381323 0.094787 0.377432 0.096367 0.373541 0.096367 0.373541 0.097946 0.365759 0.101106 0.357977 0.101106 0.350195 0.104265 0.350195 0.110585 0.342412 0.113744 0.338521 0.113744 0.334630 0.115324 0.307393 0.115324 0.303502 0.116904 0.284047 0.116904 0.280156 0.115324 0.280156 0.113744 0.276265 0.112164 0.249027 0.112164 0.245136 0.110585 0.245136 0.109005 0.237354 0.109005 0.237354 0.112164 0.241245 0.113744 0.241245 0.126382 0.233463 0.129542 0.229572 0.129542 0.217899 0.134281 0.214008 0.134281 0.214008 0.135861 0.210117 0.137441 0.206226 0.137441 0.202335 0.139021 0.202335 0.142180 0.186770 0.148499 0.171206 0.148499 0.167315 0.150079 0.159533 0.150079 0.155642 0.151659 0.147860 0.151659 0.147860 0.153239 0.140078 0.156398 0.140078 0.157978 0.136187 0.159558 0.132296 0.159558 0.128405 0.161137 0.124514 0.161137 0.112840 0.165877 0.108949 0.165877 0.101167 0.169036 0.101167 0.170616 0.097276 0.172196 0.081712 0.172196 0.081712 0.176935 0.077821 0.178515 0.070039 0.178515 0.066148 0.180095 0.066148 0.181675 0.062257 0.183254 0.058366 0.183254 0.058366 0.187994 0.054475 0.189573 0.054475 0.195893 0.050584 0.197472 0.050584 0.203791 0.046693 0.205371 0.046693 0.210111 0.050584 0.211690 0.050584 0.218009 0.058366 0.218009 0.058366 0.216430 0.066148 0.213270 0.066148 0.192733 0.070039 0.191153 0.081712 0.191153 0.081712 0.189573 0.085603 0.187994 0.089494 0.187994 0.089494 0.178515 0.093385 0.176935 0.101167 0.176935 0.105058 0.178515 0.105058 0.184834 0.112840 0.184834 0.112840 0.178515 0.116732 0.176935 0.132296 0.176935 0.132296 0.175355 0.136187 0.173776 0.136187 0.169036 0.140078 0.167457 0.159533 0.167457 0.159533 0.156398 0.163424 0.154818 0.171206 0.154818 0.182879 0.150079 0.190661 0.150079 0.194553 0.151659 0.194553 0.153239 0.202335 0.156398 0.202335 0.159558 0.206226 0.161137 0.206226 0.165877 0.210117 0.165877 0.214008 0.167457 0.214008 0.173776 0.217899 0.175355 0.217899 0.181675 0.221790 0.183254 0.221790 0.187994 0.225681 0.189573 0.225681 0.194313 0.233463 0.194313 0.237354 0.195893 0.237354 0.200632 0.233463 0.202212 0.221790 0.202212 0.221790 0.205371 0.233463 0.205371 0.237354 0.206951 0.237354 0.208531 0.241245 0.210111 0.241245 0.213270 0.237354 0.214850 0.229572 0.214850 0.225681 0.216430 0.221790 0.216430 0.221790 0.219589 0.225681 0.219589 0.229572 0.221169 0.229572 0.232227 0.225681 0.233807 0.210117 0.233807 0.210117 0.236967 0.237354 0.236967 0.241245 0.238547 0.241245 0.241706 0.233463 0.244866 0.221790 0.244866 0.217899 0.246445 0.217899 0.249605 0.206226 0.254344 0.194553 0.254344 0.194553 0.259084 0.190661 0.260664 0.175097 0.260664 0.171206 0.262243 0.167315 0.262243 0.167315 0.263823 0.155642 0.268562 0.155642 0.270142 0.151751 0.271722 0.143969 0.271722 0.140078 0.273302 0.140078 0.274882 0.136187 0.276461 0.132296 0.276461 0.132296 0.279621 0.143969 0.279621 0.147860 0.281201 0.147860 0.287520 0.155642 0.287520 0.155642 0.282780 0.159533 0.281201 0.163424 0.281201 0.167315 0.279621 0.182879 0.279621 0.182879 0.265403 0.186770 0.263823 0.194553 0.263823 0.198444 0.265403 0.198444 0.266983 0.206226 0.266983 0.214008 0.263823 0.237354 0.263823 0.237354 0.260664 0.233463 0.260664 0.229572 0.259084 0.229572 0.254344 0.233463 0.252765 0.245136 0.252765 0.249027 0.254344 0.256809 0.254344 0.260700 0.255924 0.264591 0.255924 0.268482 0.257504 0.284047 0.257504 0.287938 0.259084 0.287938 0.260664 0.291829 0.262243 0.307393 0.262243 0.311284 0.263823 0.311284 0.265403 0.315175 0.266983 0.315175 0.270142 0.319066 0.270142 0.322957 0.271722 0.322957 0.273302 0.330739 0.273302 0.334630 0.271722 0.354086 0.271722 0.357977 0.273302 0.357977 0.276461 0.361868 0.278041 0.361868 0.282780 0.357977 0.284360 0.357977 0.285940 0.354086 0.287520 0.334630 0.287520 0.334630 0.290679 0.338521 0.292259 0.354086 0.292259 0.357977 0.293839 0.357977 0.298578 0.373541 0.298578 0.377432 0.300158 0.377432 0.304897 0.389105 0.304897 0.392996 0.306477 0.392996 0.319115 0.400778 0.319115 0.400778 0.308057 0.404669 0.306477 0.416342 0.306477 0.420233 0.308057 0.420233 0.311216 0.428016 0.314376 0.428016 0.322275 0.431907 0.323855 0.431907 0.328594 0.428016 0.330174 0.428016 0.347551 0.435798 0.347551 0.439689 0.349131 0.439689 0.360190 0.435798 0.361769 0.431907 0.361769 0.431907 0.364929 0.435798 0.364929 0.439689 0.366509 0.447471 0.366509 0.447471 0.364929 0.451362 0.363349 0.459144 0.363349 0.463035 0.364929 0.463035 0.366509 0.478599 0.366509 0.482490 0.368088 0.482490 0.371248 0.478599 0.372828 0.463035 0.372828 0.463035 0.377567 0.478599 0.377567 0.482490 0.379147 0.482490 0.385466 0.494163 0.385466 0.498054 0.383886 0.513619 0.383886 0.517510 0.385466 0.517510 0.390205 0.513619 0.391785 0.509728 0.391785 0.509728 0.393365 0.505837 0.394945 0.498054 0.394945 0.494163 0.393365 0.494163 0.391785 0.482490 0.391785 0.482490 0.394945 0.478599 0.396524 0.470817 0.396524 0.470817 0.399684 0.466926 0.401264 0.463035 0.401264 0.463035 0.402844 0.459144 0.404423 0.451362 0.404423 0.447471 0.402844 0.447471 0.391785 0.439689 0.391785 0.439689 0.406003 0.435798 0.407583 0.428016 0.407583 0.428016 0.418641 0.424125 0.420221 0.416342 0.420221 0.412451 0.418641 0.412451 0.417062 0.396887 0.417062 0.392996 0.415482 0.357977 0.415482 0.357977 0.421801 0.350195 0.424961 0.334630 0.424961 0.330739 0.423381 0.311284 0.423381 0.311284 0.428120 0.315175 0.429700 0.315175 0.431280 0.381323 0.431280 0.385214 0.432859 0.385214 0.436019 0.377432 0.439179 0.369650 0.439179 0.365759 0.437599 0.334630 0.437599 0.330739 0.439179 0.322957 0.439179 0.322957 0.442338 0.330739 0.442338 0.334630 0.443918 0.334630 0.453397 0.330739 0.454976 0.322957 0.454976 0.319066 0.453397 0.287938 0.453397 0.287938 0.456556 0.284047 0.458136 0.252918 0.458136 0.249027 0.459716 0.210117 0.459716 0.206226 0.461295 0.198444 0.461295 0.194553 0.462875 0.186770 0.462875 0.182879 0.461295 0.147860 0.461295 0.136187 0.466035 0.132296 0.466035 0.128405 0.467615 0.128405 0.470774 0.124514 0.472354 0.112840 0.472354 0.108949 0.473934 0.093385 0.473934 0.081712 0.469194 0.081712 0.467615 0.077821 0.467615 0.073930 0.466035 0.073930 0.456556 0.070039 0.454976 0.070039 0.453397 0.066148 0.451817 0.066148 0.445498 0.058366 0.442338 0.054475 0.442338 0.050584 0.440758 0.050584 0.439179 0.046693 0.439179 0.038911 0.436019 0.038911 0.432859 0.027237 0.428120 0.027237 0.426540 0.015564 0.426540 0.015564 0.429700 0.019455 0.431280 0.019455 0.432859 0.023346 0.432859 0.027237 0.434439 0.027237 0.436019 0.035019 0.439179 0.035019 0.440758 0.042802 0.443918 0.042802 0.447077 0.046693 0.448657 0.046693 0.450237 0.050584 0.450237 0.054475 0.451817 0.054475 0.453397 0.058366 0.454976 0.058366 0.458136 0.062257 0.459716 0.062257 0.477093 0.066148 0.478673 0.073930 0.478673 0.077821 0.477093 0.085603 0.477093 0.089494 0.478673 0.089494 0.480253 0.093385 0.480253 0.097276 0.481833 0.097276 0.483412 0.101167 0.483412 0.105058 0.484992 0.105058 0.486572 0.112840 0.489731 0.112840 0.496051 0.120623 0.499210 0.120623 0.505529 0.124514 0.505529 0.128405 0.507109 0.128405 0.511848 0.136187 0.511848 0.136187 0.508689 0.132296 0.507109 0.132296 0.503949 0.136187 0.502370 0.136187 0.499210 0.132296 0.499210 0.128405 0.497630 0.128405 0.492891 0.124514 0.492891 0.120623 0.491311 0.120623 0.481833 0.124514 0.480253 0.140078 0.480253 0.143969 0.478673 0.151751 0.478673 0.151751 0.475513 0.155642 0.473934 0.159533 0.473934 0.163424 0.472354 0.163424 0.470774 0.167315 0.469194 0.182879 0.469194 0.182879 0.467615 0.186770 0.466035 0.194553 0.466035 0.198444 0.467615 0.198444 0.473934 0.206226 0.473934 0.210117 0.475513 0.210117 0.478673 0.225681 0.478673 0.229572 0.480253 0.233463 0.480253 0.241245 0.483412 0.241245 0.486572 0.245136 0.486572 0.249027 0.488152 0.252918 0.488152 0.256809 0.489731 0.256809 0.499210 0.249027 0.502370 0.233463 0.502370 0.233463 0.507109 0.241245 0.507109 0.241245 0.505529 0.245136 0.503949 0.252918 0.503949 0.256809 0.505529 0.256809 0.507109 0.272374 0.507109 0.276265 0.508689 0.276265 0.510269 0.284047 0.513428 0.284047 0.518167 0.280156 0.519747 0.268482 0.519747 0.268482 0.529226 0.264591 0.530806 0.256809 0.530806 0.252918 0.529226 0.252918 0.526066 0.245136 0.526066 0.245136 0.529226 0.241245 0.530806 0.237354 0.530806 0.233463 0.532385 0.233463 0.537125 0.237354 0.537125 0.249027 0.541864 0.249027 0.545024 0.252918 0.546603 0.252918 0.548183 0.256809 0.548183 0.260700 0.549763 0.260700 0.551343 0.268482 0.554502 0.268482 0.557662 0.264591 0.559242 0.256809 0.559242 0.256809 0.562401 0.264591 0.562401 0.264591 0.559242 0.268482 0.557662 0.276265 0.557662 0.280156 0.559242 0.280156 0.563981 0.284047 0.563981 0.287938 0.565561 0.287938 0.567141 0.299611 0.567141 0.299611 0.535545 0.307393 0.532385 0.322957 0.532385 0.326848 0.533965 0.326848 0.545024 0.334630 0.545024 0.334630 0.535545 0.338521 0.533965 0.346304 0.533965 0.350195 0.535545 0.357977 0.535545 0.361868 0.533965 0.369650 0.533965 0.373541 0.532385 0.392996 0.532385 0.396887 0.533965 0.396887 0.543444 0.404669 0.546603 0.404669 0.560821 0.408560 0.562401 0.408560 0.571880 0.404669 0.573460 0.404669 0.625592 0.400778 0.627172 0.400778 0.630332 0.396887 0.631912 0.396887 0.633491 0.392996 0.635071 0.389105 0.635071 0.385214 0.636651 0.381323 0.636651 0.381323 0.650869 0.385214 0.650869 0.389105 0.652449 0.389105 0.663507 0.385214 0.665087 0.385214 0.669826 0.400778 0.669826 0.408560 0.672986 0.408560 0.676145 0.412451 0.677725 0.412451 0.685624 0.408560 0.687204 0.396887 0.687204 0.396887 0.710900 0.404669 0.710900 0.404669 0.695103 0.408560 0.693523 0.420233 0.693523 0.424125 0.695103 0.424125 0.699842 0.428016 0.701422 0.428016 0.709321 0.431907 0.710900 0.431907 0.723539 0.435798 0.725118 0.435798 0.733017 0.439689 0.734597 0.439689 0.747235 0.431907 0.750395 0.431907 0.751975 0.428016 0.753555 0.428016 0.756714 0.420233 0.759874 0.408560 0.759874 0.404669 0.758294 0.404669 0.718799 0.396887 0.718799 0.396887 0.758294 0.404669 0.758294 0.408560 0.759874 0.408560 0.764613 0.400778 0.767773 0.392996 0.767773 0.389105 0.769352 0.389105 0.774092 0.385214 0.775671 0.381323 0.775671 0.381323 0.777251 0.377432 0.778831 0.361868 0.778831 0.357977 0.777251 0.357977 0.764613 0.342412 0.764613 0.338521 0.763033 0.338521 0.758294 0.342412 0.756714 0.369650 0.756714 0.373541 0.758294 0.373541 0.759874 0.381323 0.759874 0.381323 0.726698 0.373541 0.726698 0.373541 0.751975 0.369650 0.753555 0.361868 0.753555 0.357977 0.751975 0.357977 0.718799 0.350195 0.718799 0.346304 0.720379 0.338521 0.720379 0.334630 0.718799 0.334630 0.717220 0.326848 0.717220 0.326848 0.756714 0.322957 0.758294 0.307393 0.758294 0.303502 0.756714 0.303502 0.748815 0.299611 0.748815 0.295720 0.747235 0.295720 0.740916 0.291829 0.739336 0.291829 0.717220 0.280156 0.717220 0.280156 0.718799 0.276265 0.720379 0.260700 0.720379 0.260700 0.736177 0.256809 0.737757 0.249027 0.737757 0.249027 0.742496 0.245136 0.744076 0.237354 0.744076 0.237354 0.758294 0.245136 0.758294 0.245136 0.745656 0.249027 0.744076 0.256809 0.744076 0.260700 0.745656 0.260700 0.747235 0.268482 0.747235 0.272374 0.748815 0.272374 0.758294 0.268482 0.759874 0.268482 0.761453 0.264591 0.763033 0.260700 0.763033 0.260700 0.802528 0.268482 0.802528 0.268482 0.764613 0.272374 0.763033 0.280156 0.763033 0.284047 0.764613 0.284047 0.804107 0.291829 0.804107 0.291829 0.775671 0.295720 0.774092 0.311284 0.774092 0.315175 0.775671 0.315175 0.788310 0.319066 0.788310 0.326848 0.791469 0.326848 0.796209 0.330739 0.797788 0.330739 0.802528 0.365759 0.802528 0.369650 0.804107 0.369650 0.807267 0.365759 0.808847 0.361868 0.808847 0.357977 0.810427 0.354086 0.810427 0.354086 0.812006 0.350195 0.813586 0.342412 0.813586 0.342412 0.816746 0.338521 0.818325 0.326848 0.818325 0.322957 0.819905 0.295720 0.819905 0.291829 0.818325 0.291829 0.812006 0.284047 0.812006 0.284047 0.819905 0.280156 0.821485 0.272374 0.821485 0.268482 0.819905 0.268482 0.812006 0.260700 0.812006 0.260700 0.823065 0.256809 0.824645 0.249027 0.824645 0.245136 0.823065 0.245136 0.813586 0.237354 0.813586 0.237354 0.823065 0.241245 0.823065 0.245136 0.824645 0.245136 0.827804 0.241245 0.829384 0.225681 0.829384 0.225681 0.830964 0.217899 0.834123 0.206226 0.834123 0.202335 0.835703 0.202335 0.845182 0.206226 0.846761 0.206226 0.857820 0.202335 0.859400 0.202335 0.864139 0.206226 0.865719 0.206226 0.867299 0.210117 0.868878 0.210117 0.872038 0.214008 0.873618 0.214008 0.875197 0.233463 0.875197 0.237354 0.876777 0.237354 0.879937 0.245136 0.879937 0.245136 0.868878 0.249027 0.867299 0.256809 0.867299 0.260700 0.868878 0.260700 0.875197 0.268482 0.875197 0.268482 0.864139 0.272374 0.862559 0.280156 0.862559 0.284047 0.864139 0.284047 0.870458 0.291829 0.870458 0.291829 0.859400 0.295720 0.857820 0.311284 0.857820 0.315175 0.859400 0.315175 0.860979 0.319066 0.862559 0.319066 0.865719 0.326848 0.865719 0.330739 0.867299 0.330739 0.889415 0.338521 0.889415 0.338521 0.862559 0.342412 0.860979 0.346304 0.860979 0.350195 0.859400 0.357977 0.859400 0.361868 0.860979 0.361868 0.864139 0.357977 0.865719 0.354086 0.865719 0.354086 0.868878 0.369650 0.868878 0.373541 0.870458 0.373541 0.873618 0.369650 0.875197 0.354086 0.875197 0.354086 0.889415 0.361868 0.889415 0.361868 0.876777 0.365759 0.875197 0.373541 0.875197 0.377432 0.876777 0.377432 0.895735 0.385214 0.895735 0.385214 0.886256 0.389105 0.884676 0.396887 0.884676 0.400778 0.886256 0.400778 0.895735 0.408560 0.895735 0.408560 0.876777 0.412451 0.875197 0.412451 0.865719 0.416342 0.864139 0.416342 0.848341 0.420233 0.846761 0.428016 0.846761 0.431907 0.848341 0.431907 0.865719 0.439689 0.865719 0.443580 0.867299 0.443580 0.884676 0.451362 0.884676 0.451362 0.857820 0.455253 0.856240 0.463035 0.856240 0.466926 0.857820 0.466926 0.873618 0.478599 0.873618 0.482490 0.875197 0.482490 0.883096 0.478599 0.884676 0.466926 0.884676 0.466926 0.895735 0.463035 0.897314 0.455253 0.897314 0.455253 0.898894 0.447471 0.902054 0.443580 0.902054 0.439689 0.903633 0.435798 0.903633 0.431907 0.905213 0.431907 0.909953 0.435798 0.911532 0.435798 0.921011 0.443580 0.921011 0.443580 0.917852 0.447471 0.916272 0.455253 0.916272 0.455253 0.914692 0.459144 0.913112 0.463035 0.913112 0.466926 0.911532 0.466926 0.906793 0.470817 0.905213 0.478599 0.905213 0.482490 0.906793 0.482490 0.916272 0.478599 0.917852 0.478599 0.921011 0.474708 0.922591 0.459144 0.922591 0.455253 0.924171 0.455253 0.925750 0.451362 0.927330 0.451362 0.928910 0.447471 0.930490 0.447471 0.932070 0.443580 0.933649 0.443580 0.938389 0.439689 0.939968 0.424125 0.939968 0.420233 0.938389 0.420233 0.913112 0.416342 0.911532 0.416342 0.906793 0.400778 0.906793 0.396887 0.908373 0.385214 0.908373 0.385214 0.913112 0.381323 0.914692 0.377432 0.914692 0.377432 0.919431 0.385214 0.919431 0.385214 0.913112 0.389105 0.911532 0.396887 0.911532 0.400778 0.913112 0.400778 0.916272 0.404669 0.916272 0.408560 0.917852 0.408560 0.921011 0.404669 0.922591 0.392996 0.922591 0.392996 0.930490 0.400778 0.930490 0.404669 0.932070 0.404669 0.933649 0.408560 0.935229 0.408560 0.939968 0.416342 0.939968 0.420233 0.941548 0.420233 0.946288 0.435798 0.946288 0.439689 0.947867 0.439689 0.951027 0.435798 0.952607 0.435798 0.958926 0.443580 0.958926 0.447471 0.960506 0.447471 0.971564 0.455253 0.971564 0.455253 0.951027 0.466926 0.946288 0.470817 0.946288 0.470817 0.944708 0.474708 0.943128 0.474708 0.936809 0.478599 0.935229 0.478599 0.933649 0.486381 0.930490 0.486381 0.927330 0.490272 0.925750 0.498054 0.925750 0.498054 0.905213 0.501946 0.903633 0.509728 0.903633 0.513619 0.905213 0.513619 0.913112 0.521401 0.913112 0.521401 0.903633 0.525292 0.902054 0.533074 0.902054 0.533074 0.887836 0.536965 0.886256 0.548638 0.886256 0.552529 0.887836 0.552529 0.902054 0.548638 0.903633 0.548638 0.906793 0.552529 0.908373 0.552529 0.914692 0.548638 0.916272 0.548638 0.927330 0.544747 0.928910 0.544747 0.938389 0.540856 0.939968 0.540856 0.943128 0.536965 0.944708 0.536965 0.949447 0.533074 0.951027 0.529183 0.951027 0.529183 0.958926 0.525292 0.960506 0.525292 0.965245 0.517510 0.968404 0.517510 0.971564 0.513619 0.973144 0.513619 0.976303 0.525292 0.976303 0.529183 0.974724 0.529183 0.971564 0.533074 0.969984 0.533074 0.963665 0.536965 0.962085 0.544747 0.962085 0.544747 0.958926 0.548638 0.957346 0.548638 0.954186 0.552529 0.952607 0.560311 0.952607 0.564202 0.954186 0.564202 0.968404 0.568093 0.969984 0.568093 0.976303 0.571984 0.976303 0.575875 0.977883 0.575875 0.985782 0.579767 0.985782 0.583658 0.987362 0.591440 0.987362 0.591440 0.957346 0.587549 0.957346 0.583658 0.955766 0.583658 0.952607 0.579767 0.951027 0.579767 0.919431 0.583658 0.917852 0.591440 0.917852 0.599222 0.921011 0.599222 0.922591 0.603113 0.924171 0.607004 0.924171 0.610895 0.925750 0.610895 0.927330 0.614786 0.928910 0.614786 0.930490 0.618677 0.932070 0.618677 0.935229 0.622568 0.936809 0.622568 0.938389 0.626459 0.938389 0.630350 0.939968 0.634241 0.939968 0.638132 0.941548 0.638132 0.943128 0.645914 0.946288 0.645914 0.947867 0.649805 0.949447 0.657588 0.949447 0.661479 0.951027 0.661479 0.952607 0.665370 0.954186 0.665370 0.957346 0.669261 0.957346 0.673152 0.958926 0.680934 0.958926 0.684825 0.960506 0.684825 0.962085 0.692607 0.962085 0.692607 0.955766 0.684825 0.955766 0.680934 0.954186 0.680934 0.952607 0.677043 0.951027 0.673152 0.951027 0.669261 0.949447 0.669261 0.947867 0.661479 0.947867 0.649805 0.943128 0.649805 0.933649 0.645914 0.933649 0.642023 0.932070 0.642023 0.930490 0.638132 0.928910 0.638132 0.917852 0.626459 0.917852 0.618677 0.914692 0.618677 0.903633 0.626459 0.900474 0.626459 0.897314 0.622568 0.895735 0.622568 0.883096 0.626459 0.881517 0.634241 0.881517 0.638132 0.883096 0.638132 0.884676 0.645914 0.884676 0.645914 0.865719 0.649805 0.864139 0.657588 0.864139 0.661479 0.865719 0.661479 0.868878 0.665370 0.870458 0.665370 0.873618 0.669261 0.875197 0.669261 0.878357 0.665370 0.879937 0.661479 0.879937 0.661479 0.884676 0.665370 0.886256 0.665370 0.889415 0.673152 0.889415 0.677043 0.890995 0.677043 0.895735 0.680934 0.895735 0.684825 0.897314 0.684825 0.903633 0.688716 0.905213 0.696498 0.905213 0.696498 0.902054 0.692607 0.900474 0.688716 0.900474 0.684825 0.898894 0.684825 0.895735 0.688716 0.894155 0.700389 0.894155 0.704280 0.895735 0.708171 0.895735 0.712062 0.897314 0.712062 0.902054 0.715953 0.903633 0.723735 0.903633 0.727626 0.905213 0.727626 0.911532 0.739300 0.916272 0.739300 0.917852 0.747082 0.917852 0.750973 0.919431 0.750973 0.922591 0.762646 0.922591 0.762646 0.916272 0.750973 0.911532 0.750973 0.909953 0.747082 0.908373 0.747082 0.905213 0.739300 0.905213 0.735409 0.903633 0.735409 0.902054 0.727626 0.902054 0.723735 0.900474 0.723735 0.894155 0.727626 0.892575 0.727626 0.867299 0.731518 0.865719 0.739300 0.865719 0.743191 0.867299 0.743191 0.895735 0.750973 0.895735 0.750973 0.864139 0.754864 0.862559 0.774319 0.862559 0.778210 0.860979 0.785992 0.860979 0.789883 0.862559 0.789883 0.887836 0.797665 0.887836 0.797665 0.881517 0.801556 0.879937 0.828794 0.879937 0.832685 0.881517 0.832685 0.890995 0.844358 0.890995 0.844358 0.889415 0.848249 0.887836 0.863813 0.887836 0.863813 0.884676 0.867704 0.883096 0.883268 0.883096 0.887160 0.884676 0.887160 0.887836 0.891051 0.889415 0.891051 0.890995 0.894942 0.892575 0.906615 0.892575 0.910506 0.894155 0.910506 0.895735 0.914397 0.897314 0.914397 0.900474 0.922179 0.900474 0.922179 0.895735 0.918288 0.894155 0.918288 0.890995 0.910506 0.887836 0.910506 0.886256 0.906615 0.884676 0.906615 0.881517 0.910506 0.879937 0.910506 0.876777 0.883268 0.876777 0.879377 0.875197 0.879377 0.873618 0.875486 0.872038 0.875486 0.859400 0.871595 0.857820 0.867704 0.857820 0.863813 0.856240 0.859922 0.856240 0.856031 0.854660 0.856031 0.851501 0.859922 0.849921 0.863813 0.849921 0.863813 0.815166 0.859922 0.815166 0.856031 0.813586 0.856031 0.807267 0.859922 0.805687 0.859922 0.800948 0.836576 0.800948 0.832685 0.799368 0.832685 0.796209 0.836576 0.794629 0.840467 0.794629 0.840467 0.734597 0.832685 0.734597 0.832685 0.793049 0.828794 0.794629 0.821012 0.794629 0.817121 0.793049 0.817121 0.764613 0.809339 0.764613 0.809339 0.783570 0.805447 0.785150 0.797665 0.785150 0.793774 0.783570 0.793774 0.763033 0.785992 0.763033 0.785992 0.774092 0.782101 0.775671 0.766537 0.775671 0.762646 0.774092 0.762646 0.767773 0.754864 0.767773 0.750973 0.766193 0.750973 0.764613 0.747082 0.763033 0.747082 0.717220 0.743191 0.717220 0.739300 0.715640 0.739300 0.712480 0.743191 0.710900 0.747082 0.710900 0.747082 0.698262 0.750973 0.696682 0.750973 0.693523 0.747082 0.693523 0.743191 0.691943 0.731518 0.691943 0.727626 0.690363 0.727626 0.687204 0.723735 0.685624 0.723735 0.624013 0.715953 0.624013 0.715953 0.638231 0.712062 0.639810 0.704280 0.639810 0.700389 0.638231 0.700389 0.633491 0.684825 0.633491 0.680934 0.631912 0.680934 0.625592 0.669261 0.625592 0.669261 0.642970 0.673152 0.644550 0.673152 0.658768 0.669261 0.660348 0.669261 0.665087 0.673152 0.666667 0.673152 0.674566 0.669261 0.676145 0.661479 0.676145 0.661479 0.685624 0.669261 0.685624 0.673152 0.687204 0.673152 0.703002 0.680934 0.703002 0.680934 0.698262 0.684825 0.696682 0.688716 0.696682 0.692607 0.695103 0.700389 0.695103 0.704280 0.696682 0.704280 0.704581 0.708171 0.706161 0.708171 0.709321 0.712062 0.710900 0.712062 0.715640 0.708171 0.717220 0.692607 0.717220 0.692607 0.721959 0.688716 0.723539 0.673152 0.723539 0.673152 0.744076 0.669261 0.745656 0.653696 0.745656 0.649805 0.744076 0.649805 0.742496 0.645914 0.740916 0.645914 0.721959 0.642023 0.720379 0.642023 0.712480 0.638132 0.712480 0.634241 0.710900 0.634241 0.699842 0.638132 0.698262 0.638132 0.693523 0.634241 0.691943 0.634241 0.688784 0.642023 0.685624 0.642023 0.674566 0.638132 0.674566 0.634241 0.672986 0.634241 0.669826 0.626459 0.669826 0.626459 0.690363 0.622568 0.691943 0.614786 0.691943 0.610895 0.690363 0.610895 0.671406 0.603113 0.671406 0.603113 0.703002 0.607004 0.703002 0.610895 0.704581 0.610895 0.710900 0.607004 0.712480 0.591440 0.712480 0.591440 0.715640 0.587549 0.717220 0.579767 0.717220 0.575875 0.715640 0.575875 0.712480 0.560311 0.712480 0.556420 0.710900 0.544747 0.710900 0.544747 0.715640 0.552529 0.715640 0.556420 0.717220 0.556420 0.729858 0.552529 0.731438 0.529183 0.731438 0.521401 0.728278 0.521401 0.718799 0.513619 0.718799 0.509728 0.717220 0.509728 0.710900 0.513619 0.709321 0.521401 0.709321 0.521401 0.669826 0.517510 0.668246 0.517510 0.658768 0.509728 0.658768 0.509728 0.668246 0.505837 0.669826 0.478599 0.669826 0.474708 0.668246 0.474708 0.661927 0.478599 0.660348 0.486381 0.660348 0.486381 0.652449 0.490272 0.650869 0.533074 0.650869 0.533074 0.646130 0.529183 0.644550 0.529183 0.635071 0.533074 0.633491 0.540856 0.633491 0.544747 0.635071 0.544747 0.642970 0.552529 0.642970 0.556420 0.644550 0.556420 0.663507 0.560311 0.663507 0.564202 0.665087 0.564202 0.668246 0.560311 0.669826 0.556420 0.669826 0.556420 0.691943 0.564202 0.691943 0.564202 0.671406 0.568093 0.669826 0.579767 0.669826 0.579767 0.665087 0.583658 0.663507 0.587549 0.663507 0.587549 0.625592 0.579767 0.625592 0.579767 0.630332 0.575875 0.631912 0.560311 0.631912 0.556420 0.630332 0.556420 0.627172 0.521401 0.627172 0.521401 0.636651 0.517510 0.638231 0.490272 0.638231 0.486381 0.636651 0.478599 0.636651 0.474708 0.635071 0.474708 0.633491 0.466926 0.633491 0.463035 0.631912 0.463035 0.624013 0.439689 0.624013 0.435798 0.622433 0.435798 0.619273 0.439689 0.617694 0.463035 0.617694 0.463035 0.611374 0.466926 0.609795 0.474708 0.609795 0.478599 0.611374 0.486381 0.611374 0.486381 0.608215 0.474708 0.608215 0.470817 0.606635 0.470817 0.595577 0.455253 0.595577 0.451362 0.593997 0.451362 0.586098 0.447471 0.584518 0.447471 0.578199 0.443580 0.578199 0.439689 0.576619 0.439689 0.573460 0.443580 0.571880 0.447471 0.571880 0.447471 0.537125 0.451362 0.535545 0.482490 0.535545 0.486381 0.537125 0.486381 0.552923 0.494163 0.552923 0.494163 0.535545 0.498054 0.533965 0.505837 0.533965 0.509728 0.535545 0.509728 0.562401 0.505837 0.563981 0.498054 0.563981 0.494163 0.562401 0.494163 0.559242 0.486381 0.559242 0.486381 0.570300 0.494163 0.570300 0.494163 0.568720 0.498054 0.567141 0.505837 0.567141 0.509728 0.568720 0.509728 0.571880 0.517510 0.571880 0.517510 0.535545 0.521401 0.533965 0.536965 0.533965 0.540856 0.535545 0.552529 0.535545 0.556420 0.537125 0.556420 0.579779 0.564202 0.579779 0.564202 0.538705 0.568093 0.537125 0.575875 0.537125 0.579767 0.538705 0.579767 0.570300 0.587549 0.570300 0.587549 0.565561 0.591440 0.563981 0.610895 0.563981 0.614786 0.562401 0.622568 0.562401 0.626459 0.563981 0.626459 0.565561 0.634241 0.565561 0.634241 0.538705 0.638132 0.537125 0.642023 0.537125 0.642023 0.530806 0.649805 0.527646 0.657588 0.527646 0.661479 0.529226 0.661479 0.538705 0.665370 0.538705 0.669261 0.540284 0.669261 0.552923 0.677043 0.552923 0.677043 0.551343 0.680934 0.549763 0.688716 0.549763 0.692607 0.551343 0.696498 0.551343 0.700389 0.552923 0.700389 0.556082 0.696498 0.557662 0.692607 0.557662 0.692607 0.570300 0.700389 0.570300 0.700389 0.559242 0.704280 0.557662 0.712062 0.557662 0.715953 0.559242 0.715953 0.570300 0.723735 0.570300 0.723735 0.557662 0.727626 0.556082 0.735409 0.556082 0.739300 0.557662 0.739300 0.570300 0.747082 0.570300 0.747082 0.559242 0.743191 0.559242 0.739300 0.557662 0.739300 0.554502 0.743191 0.552923 0.747082 0.552923 0.747082 0.549763 0.750973 0.548183 0.758755 0.548183 0.758755 0.538705 0.762646 0.537125 0.782101 0.537125 0.785992 0.538705 0.785992 0.568720 0.782101 0.570300 0.782101 0.573460 0.785992 0.575039 0.785992 0.589258 0.793774 0.589258 0.793774 0.570300 0.797665 0.568720 0.805447 0.568720 0.809339 0.570300 0.809339 0.578199 0.824903 0.578199 0.828794 0.579779 0.828794 0.581359 0.840467 0.581359 0.840467 0.578199 0.821012 0.578199 0.817121 0.576619 0.817121 0.563981 0.821012 0.562401 0.836576 0.562401 0.836576 0.554502 0.821012 0.554502 0.817121 0.552923 0.817121 0.549763 0.821012 0.548183 0.840467 0.548183 0.840467 0.545024 0.836576 0.543444 0.836576 0.537125 0.840467 0.535545 0.848249 0.535545 0.852140 0.537125 0.852140 0.543444 0.859922 0.543444 0.859922 0.535545 0.863813 0.533965 0.871595 0.533965 0.875486 0.532385 0.883268 0.532385 0.887160 0.533965 0.894942 0.533965 0.898833 0.535545 0.898833 0.541864 0.906615 0.541864 0.906615 0.535545 0.910506 0.533965 0.918288 0.533965 0.922179 0.535545 0.922179 0.541864 0.929961 0.541864 0.929961 0.535545 0.933852 0.533965 0.941634 0.533965 0.945525 0.535545 0.945525 0.606635 0.953307 0.606635 0.953307 0.535545 0.957198 0.533965 0.964981 0.533965 0.968872 0.535545 0.968872 0.541864 0.976654 0.541864 0.976654 0.535545 0.980545 0.533965 0.988327 0.533965 0.992218 0.532385 0.996109 0.532385 0.996109 0.529226 0.992218 0.529226 0.988327 0.527646 0.980545 0.527646 0.976654 0.526066 0.976654 0.500790 0.968872 0.500790 0.968872 0.513428 0.964981 0.515008 0.964981 0.519747 0.968872 0.521327 0.968872 0.524487 0.964981 0.526066 0.945525 0.526066 0.941634 0.524487 0.933852 0.524487 0.933852 0.527646 0.929961 0.529226 0.922179 0.529226 0.918288 0.527646 0.918288 0.526066 0.910506 0.526066 0.906615 0.524487 0.906615 0.502370 0.898833 0.502370 0.898833 0.522907 0.894942 0.524487 0.887160 0.524487 0.887160 0.526066 0.883268 0.527646 0.875486 0.527646 0.871595 0.526066 0.871595 0.524487 0.863813 0.524487 0.859922 0.522907 0.859922 0.502370 0.852140 0.502370 0.852140 0.503949 0.848249 0.505529 0.840467 0.505529 0.836576 0.503949 0.836576 0.475513 0.840467 0.473934 0.840467 0.470774 0.844358 0.469194 0.859922 0.469194 0.859922 0.462875 0.848249 0.462875 0.844358 0.461295 0.844358 0.451817 0.840467 0.451817 0.836576 0.450237 0.836576 0.437599 0.828794 0.437599 0.828794 0.445498 0.824903 0.447077 0.817121 0.447077 0.813230 0.445498 0.805447 0.445498 0.805447 0.448657 0.813230 0.448657 0.817121 0.450237 0.817121 0.454976 0.821012 0.454976 0.824903 0.456556 0.824903 0.459716 0.821012 0.461295 0.813230 0.461295 0.813230 0.466035 0.809339 0.467615 0.809339 0.469194 0.805447 0.470774 0.805447 0.484992 0.801556 0.486572 0.797665 0.486572 0.797665 0.488152 0.793774 0.489731 0.785992 0.489731 0.782101 0.488152 0.782101 0.478673 0.785992 0.477093 0.789883 0.477093 0.789883 0.473934 0.782101 0.473934 0.782101 0.477093 0.778210 0.478673 0.762646 0.478673 0.758755 0.477093 0.754864 0.477093 0.750973 0.475513 0.747082 0.475513 0.743191 0.473934 0.743191 0.470774 0.747082 0.469194 0.747082 0.464455 0.735409 0.464455 0.735409 0.466035 0.731518 0.467615 0.723735 0.467615 0.719844 0.466035 0.719844 0.461295 0.723735 0.459716 0.723735 0.456556 0.715953 0.456556 0.712062 0.458136 0.704280 0.458136 0.700389 0.456556 0.700389 0.440758 0.692607 0.440758 0.692607 0.451817 0.688716 0.453397 0.673152 0.453397 0.669261 0.451817 0.669261 0.448657 0.665370 0.448657 0.661479 0.447077 0.645914 0.447077 0.642023 0.445498 0.642023 0.440758 0.638132 0.440758 0.634241 0.439179 0.626459 0.439179 0.622568 0.437599 0.610895 0.437599 0.607004 0.439179 0.599222 0.439179 0.595331 0.437599 0.595331 0.432859 0.599222 0.431280 0.599222 0.423381 0.603113 0.421801 0.607004 0.421801 0.607004 0.409163 0.599222 0.409163 0.599222 0.412322 0.595331 0.413902 0.587549 0.413902 0.583658 0.412322 0.583658 0.401264 0.587549 0.399684 0.595331 0.399684 0.599222 0.401264 0.599222 0.402844 0.607004 0.402844 0.607004 0.391785 0.610895 0.390205 0.614786 0.390205 0.614786 0.385466 0.610895 0.385466 0.607004 0.383886 0.607004 0.380727 0.610895 0.379147 0.614786 0.379147 0.614786 0.377567 0.618677 0.375987 0.630350 0.375987 0.630350 0.363349 0.622568 0.363349 0.622568 0.366509 0.618677 0.368088 0.610895 0.368088 0.607004 0.366509 0.607004 0.353870 0.610895 0.352291 0.614786 0.352291 0.614786 0.349131 0.610895 0.349131 0.607004 0.347551 0.607004 0.345972 0.599222 0.345972 0.599222 0.358610 0.595331 0.360190 0.587549 0.360190 0.583658 0.358610 0.583658 0.345972 0.579767 0.345972 0.575875 0.344392 0.575875 0.341232 0.579767 0.339652 0.591440 0.339652 0.591440 0.336493 0.595331 0.334913 0.607004 0.334913 0.610895 0.336493 0.610895 0.342812 0.618677 0.342812 0.618677 0.334913 0.622568 0.333333 0.638132 0.333333 0.638132 0.330174 0.642023 0.328594 0.642023 0.325434 0.638132 0.323855 0.638132 0.311216 0.642023 0.309637 0.649805 0.309637 0.653696 0.311216 0.653696 0.312796 0.657588 0.314376 0.657588 0.325434 0.665370 0.325434 0.669261 0.327014 0.669261 0.328594 0.673152 0.328594 0.677043 0.330174 0.677043 0.333333 0.688716 0.333333 0.688716 0.331754 0.692607 0.330174 0.696498 0.330174 0.696498 0.327014 0.700389 0.325434 0.708171 0.325434 0.712062 0.327014 0.712062 0.328594 0.715953 0.328594 0.723735 0.331754 0.723735 0.333333 0.747082 0.333333 0.750973 0.334913 0.750973 0.345972 0.747082 0.347551 0.747082 0.350711 0.739300 0.353870 0.731518 0.353870 0.727626 0.355450 0.715953 0.355450 0.712062 0.357030 0.708171 0.357030 0.704280 0.358610 0.657588 0.358610 0.657588 0.361769 0.665370 0.361769 0.669261 0.363349 0.673152 0.363349 0.677043 0.364929 0.677043 0.371248 0.684825 0.371248 0.688716 0.372828 0.688716 0.375987 0.696498 0.375987 0.700389 0.377567 0.700389 0.380727 0.712062 0.380727 0.712062 0.372828 0.715953 0.371248 0.750973 0.371248 0.754864 0.369668 0.754864 0.368088 0.758755 0.366509 0.758755 0.363349 0.762646 0.361769 0.778210 0.361769 0.782101 0.363349 0.782101 0.366509 0.789883 0.366509 0.789883 0.363349 0.785992 0.363349 0.782101 0.361769 0.782101 0.344392 0.774319 0.341232 0.774319 0.338073 0.778210 0.336493 0.789883 0.336493 0.789883 0.325434 0.782101 0.325434 0.782101 0.328594 0.778210 0.330174 0.762646 0.330174 0.758755 0.328594 0.758755 0.314376 0.762646 0.312796 0.782101 0.312796 0.782101 0.311216 0.785992 0.309637 0.785992 0.300158 0.778210 0.300158 0.770428 0.303318 0.770428 0.304897 0.766537 0.306477 0.758755 0.306477 0.754864 0.304897 0.739300 0.304897 0.735409 0.303318 0.731518 0.303318 0.727626 0.301738 0.723735 0.301738 0.719844 0.300158 0.719844 0.298578 0.712062 0.298578 0.712062 0.300158 0.708171 0.301738 0.700389 0.301738 0.696498 0.300158 0.696498 0.298578 0.692607 0.298578 0.688716 0.296998 0.688716 0.292259 0.677043 0.292259 0.677043 0.295419 0.673152 0.296998 0.669261 0.296998 0.669261 0.300158 0.665370 0.301738 0.657588 0.301738 0.653696 0.303318 0.645914 0.303318 0.638132 0.300158 0.638132 0.298578 0.610895 0.298578 0.607004 0.296998 0.607004 0.289100 0.599222 0.289100 0.599222 0.303318 0.595331 0.304897 0.587549 0.304897 0.583658 0.303318 0.583658 0.298578 0.575875 0.298578 0.571984 0.296998 0.571984 0.292259 0.575875 0.290679 0.583658 0.290679 0.583658 0.279621 0.575875 0.279621 0.575875 0.282780 0.571984 0.284360 0.556420 0.284360 0.552529 0.282780 0.552529 0.273302 0.556420 0.271722 0.560311 0.271722 0.560311 0.268562 0.556420 0.268562 0.552529 0.266983 0.552529 0.260664 0.556420 0.259084 0.564202 0.259084 0.568093 0.260664 0.571984 0.260664 0.575875 0.262243 0.575875 0.273302 0.583658 0.273302 0.583658 0.260664 0.587549 0.259084 0.595331 0.259084 0.595331 0.255924 0.591440 0.254344 0.591440 0.251185 0.583658 0.251185 0.583658 0.252765 0.579767 0.254344 0.571984 0.254344 0.568093 0.252765 0.568093 0.251185 0.536965 0.251185 0.533074 0.252765 0.525292 0.252765 0.521401 0.251185 0.521401 0.248025 0.529183 0.244866 0.595331 0.244866 0.599222 0.243286 0.607004 0.243286 0.607004 0.241706 0.610895 0.240126 0.618677 0.240126 0.618677 0.232227 0.622568 0.230648 0.638132 0.230648 0.638132 0.214850 0.618677 0.214850 0.614786 0.216430 0.595331 0.216430 0.591440 0.214850 0.591440 0.210111 0.595331 0.208531 0.607004 0.208531 0.607004 0.197472 0.603113 0.195893 0.603113 0.186414 0.599222 0.186414 0.595331 0.184834 0.595331 0.180095 0.591440 0.180095 0.587549 0.178515 0.587549 0.176935 0.575875 0.176935 0.571984 0.175355 0.571984 0.172196 0.575875 0.170616 0.583658 0.170616 0.583658 0.167457 0.575875 0.167457 0.571984 0.165877 0.571984 0.162717 0.552529 0.162717 0.548638 0.161137 0.548638 0.154818 0.552529 0.153239 0.568093 0.153239 0.571984 0.151659 0.579767 0.151659 0.587549 0.154818 0.587549 0.157978 0.595331 0.157978 0.595331 0.154818 0.599222 0.153239 0.614786 0.153239 0.614786 0.143760 0.618677 0.142180 0.626459 0.142180 0.626459 0.129542 0.622568 0.129542 0.618677 0.127962 0.618677 0.116904 0.607004 0.116904 0.603113 0.115324 0.603113 0.113744 0.575875 0.113744 0.571984 0.112164 0.571984 0.096367 0.568093 0.096367 0.560311 0.093207 0.552529 0.093207 0.548638 0.091627 0.548638 0.078989 0.529183 0.078989 0.525292 0.077409 0.525292 0.069510 0.517510 0.069510 0.513619 0.067930 0.505837 0.067930 0.498054 0.064771 0.478599 0.064771 0.474708 0.063191 0.474708 0.060032 0.478599 0.058452 0.525292 0.058452 0.525292 0.048973 0.529183 0.047393 0.544747 0.047393 0.548638 0.048973 0.548638 0.050553 0.556420 0.050553 0.556420 0.045814 0.552529 0.045814 0.548638 0.044234 0.548638 0.041074 0.552529 0.039494 0.556420 0.039494 0.556420 0.034755 0.552529 0.034755 0.548638 0.033175 0.548638 0.023697 0.552529 0.022117 0.556420 0.022117 0.556420 0.018957 0.560311 0.017378 0.568093 0.017378 0.571984 0.018957 0.571984 0.022117 0.579767 0.022117 0.579767 0.018957 0.575875 0.018957 0.571984 0.017378 0.571984 0.012638 0.575875 0.011058 0.583658 0.011058 0.583658 0.009479 0.587549 0.007899 0.587549 0.004739 0.583658 0.004739 0.579767 0.003160 0.579767 0.000000