0 0.496016 0.857605 0.494024 0.858684 0.494024 0.860841 0.490040 0.862999 0.490040 0.865156 0.488048 0.866235 0.488048 0.869471 0.490040 0.870550 0.490040 0.877023 0.492032 0.877023 0.494024 0.878101 0.500000 0.878101 0.500000 0.873786 0.498008 0.872708 0.496016 0.872708 0.492032 0.870550 0.492032 0.866235 0.494024 0.865156 0.496016 0.865156 0.498008 0.864078 0.498008 0.862999 0.500000 0.861920 0.500000 0.857605
0 0.697211 0.815534 0.695219 0.816613 0.693227 0.816613 0.691235 0.817691 0.689243 0.817691 0.689243 0.823085 0.693227 0.825243 0.693227 0.833873 0.695219 0.834951 0.695219 0.839266 0.697211 0.840345 0.697211 0.843581 0.699203 0.844660 0.699203 0.846818 0.701195 0.847896 0.701195 0.851133 0.703187 0.852211 0.703187 0.855448 0.705179 0.856526 0.705179 0.858684 0.707171 0.859763 0.707171 0.860841 0.709163 0.861920 0.709163 0.867314 0.711155 0.868393 0.711155 0.872708 0.713147 0.873786 0.713147 0.887810 0.711155 0.888889 0.711155 0.891046 0.715139 0.893204 0.715139 0.909385 0.717131 0.910464 0.717131 0.914779 0.719124 0.915858 0.719124 0.921251 0.721116 0.922330 0.729084 0.922330 0.729084 0.918015 0.727092 0.916936 0.727092 0.914779 0.725100 0.914779 0.723108 0.913700 0.723108 0.911543 0.725100 0.910464 0.725100 0.908306 0.723108 0.907228 0.723108 0.905070 0.725100 0.903991 0.725100 0.901834 0.723108 0.900755 0.723108 0.898598 0.725100 0.897519 0.727092 0.897519 0.727092 0.895361 0.725100 0.895361 0.723108 0.894283 0.723108 0.891046 0.721116 0.889968 0.721116 0.873786 0.723108 0.872708 0.723108 0.869471 0.721116 0.868393 0.721116 0.862999 0.719124 0.861920 0.719124 0.860841 0.717131 0.859763 0.717131 0.858684 0.715139 0.857605 0.715139 0.854369 0.713147 0.853290 0.713147 0.850054 0.711155 0.848975 0.711155 0.847896 0.709163 0.846818 0.709163 0.842503 0.707171 0.841424 0.707171 0.839266 0.705179 0.838188 0.705179 0.828479 0.703187 0.827400 0.703187 0.824164 0.705179 0.823085 0.705179 0.820928 0.701195 0.818770 0.701195 0.815534
0 0.593625 0.782093 0.593625 0.783172 0.591633 0.784250 0.587649 0.784250 0.587649 0.786408 0.589641 0.787487 0.589641 0.791802 0.587649 0.792880 0.587649 0.795038 0.585657 0.796117 0.585657 0.797195 0.583665 0.798274 0.583665 0.800431 0.597610 0.800431 0.597610 0.782093
0 0.860558 0.679612 0.860558 0.681769 0.868526 0.681769 0.870518 0.682848 0.870518 0.683927 0.872510 0.683927 0.874502 0.685005 0.878486 0.685005 0.882470 0.687163 0.882470 0.689320 0.880478 0.690399 0.880478 0.697950 0.884462 0.697950 0.890438 0.694714 0.890438 0.692557 0.892430 0.691478 0.900398 0.691478 0.902390 0.692557 0.914343 0.692557 0.916335 0.693635 0.916335 0.694714 0.918327 0.695793 0.922311 0.695793 0.922311 0.694714 0.924303 0.693635 0.924303 0.691478 0.920319 0.689320 0.916335 0.689320 0.914343 0.690399 0.906375 0.690399 0.904382 0.689320 0.900398 0.689320 0.898406 0.688242 0.890438 0.688242 0.888446 0.687163 0.888446 0.680690 0.886454 0.680690 0.884462 0.679612
0 0.352590 0.426106 0.350598 0.427184 0.348606 0.427184 0.346614 0.428263 0.336653 0.428263 0.336653 0.429342 0.334661 0.430421 0.334661 0.434736 0.332669 0.435814 0.332669 0.437972 0.334661 0.439051 0.334661 0.441208 0.338645 0.441208 0.338645 0.437972 0.340637 0.436893 0.340637 0.435814 0.342629 0.434736 0.346614 0.434736 0.348606 0.435814 0.354582 0.435814 0.358566 0.437972 0.358566 0.441208 0.362550 0.441208 0.364542 0.442287 0.364542 0.445523 0.368526 0.445523 0.368526 0.440129 0.370518 0.439051 0.374502 0.439051 0.376494 0.440129 0.376494 0.442287 0.380478 0.442287 0.380478 0.436893 0.382470 0.435814 0.384462 0.435814 0.384462 0.429342 0.380478 0.429342 0.378486 0.428263 0.364542 0.428263 0.360558 0.426106
0 0.087649 0.363538 0.087649 0.365696 0.085657 0.366775 0.069721 0.366775 0.067729 0.365696 0.063745 0.365696 0.063745 0.367853 0.061753 0.368932 0.055777 0.368932 0.053785 0.370011 0.051793 0.370011 0.051793 0.372168 0.055777 0.372168 0.057769 0.371090 0.065737 0.371090 0.067729 0.372168 0.073705 0.372168 0.075697 0.373247 0.077689 0.373247 0.081673 0.375405 0.081673 0.376483 0.085657 0.376483 0.087649 0.377562 0.087649 0.381877 0.099602 0.381877 0.101594 0.382956 0.101594 0.385113 0.103586 0.386192 0.107570 0.386192 0.109562 0.385113 0.113546 0.385113 0.113546 0.381877 0.115538 0.380798 0.121514 0.380798 0.123506 0.381877 0.123506 0.385113 0.121514 0.386192 0.121514 0.388350 0.123506 0.389428 0.123506 0.391586 0.125498 0.392665 0.133466 0.392665 0.135458 0.393743 0.135458 0.395901 0.137450 0.396980 0.145418 0.396980 0.147410 0.398058 0.151394 0.398058 0.151394 0.390507 0.143426 0.390507 0.141434 0.389428 0.141434 0.387271 0.143426 0.386192 0.145418 0.386192 0.145418 0.384035 0.141434 0.384035 0.139442 0.382956 0.137450 0.382956 0.133466 0.380798 0.123506 0.380798 0.121514 0.379720 0.121514 0.378641 0.113546 0.378641 0.113546 0.379720 0.111554 0.380798 0.105578 0.380798 0.103586 0.379720 0.097610 0.379720 0.095618 0.378641 0.095618 0.373247 0.097610 0.372168 0.105578 0.372168 0.107570 0.373247 0.111554 0.373247 0.113546 0.372168 0.123506 0.372168 0.125498 0.371090 0.133466 0.371090 0.135458 0.372168 0.139442 0.372168 0.139442 0.364617 0.131474 0.364617 0.129482 0.363538
0 0.019920 0.238403 0.017928 0.239482 0.009960 0.239482 0.009960 0.243797 0.017928 0.243797 0.019920 0.244876 0.023904 0.244876 0.025896 0.245955 0.025896 0.248112 0.029880 0.248112 0.029880 0.247033 0.031873 0.245955 0.035857 0.245955 0.035857 0.242718 0.025896 0.242718 0.023904 0.241640 0.023904 0.238403
0 0.988048 0.174757 0.988048 0.215750 0.992032 0.215750 0.992032 0.174757
0 0.870518 0.138080 0.870518 0.140237 0.880478 0.140237 0.882470 0.141316 0.882470 0.165049 0.886454 0.165049 0.886454 0.139159 0.878486 0.139159 0.876494 0.138080
0 0.906375 0.090615 0.906375 0.165049 0.910359 0.165049 0.910359 0.090615
0 0.988048 0.070119 0.988048 0.166127 0.992032 0.166127 0.992032 0.126214 0.994024 0.125135 0.998008 0.125135 0.998008 0.120820 0.996016 0.120820 0.994024 0.119741 0.994024 0.094930 0.992032 0.093851 0.992032 0.090615 0.994024 0.089536 0.994024 0.070119
0 0.930279 0.070119 0.930279 0.101402 0.934263 0.101402 0.934263 0.070119
0 0.754980 0.057174 0.754980 0.094930 0.758964 0.094930 0.758964 0.057174
0 0.942231 0.045307 0.942231 0.130529 0.940239 0.131607 0.936255 0.131607 0.934263 0.130529 0.934263 0.107875 0.930279 0.107875 0.930279 0.147789 0.928287 0.148867 0.928287 0.156419 0.930279 0.157497 0.930279 0.163970 0.938247 0.163970 0.940239 0.165049 0.940239 0.166127 0.958167 0.166127 0.958167 0.140237 0.956175 0.139159 0.956175 0.135922 0.958167 0.134844 0.958167 0.066882 0.954183 0.066882 0.954183 0.112190 0.952191 0.113269 0.948207 0.113269 0.946215 0.112190 0.946215 0.045307
0 0.872510 0.045307 0.872510 0.086300 0.870518 0.087379 0.866534 0.087379 0.866534 0.089536 0.870518 0.089536 0.872510 0.090615 0.872510 0.106796 0.876494 0.106796 0.876494 0.045307
0 0.709163 0.038835 0.707171 0.039914 0.705179 0.039914 0.703187 0.040992 0.703187 0.042071 0.701195 0.043150 0.701195 0.045307 0.699203 0.046386 0.695219 0.046386 0.693227 0.045307 0.689243 0.045307 0.689243 0.046386 0.687251 0.047465 0.677291 0.047465 0.677291 0.050701 0.675299 0.051780 0.667331 0.051780 0.665339 0.050701 0.665339 0.046386 0.661355 0.046386 0.661355 0.052859 0.659363 0.053937 0.655378 0.053937 0.653386 0.052859 0.653386 0.045307 0.649402 0.045307 0.649402 0.057174 0.647410 0.058252 0.643426 0.058252 0.641434 0.057174 0.641434 0.047465 0.637450 0.047465 0.637450 0.059331 0.639442 0.059331 0.641434 0.060410 0.641434 0.063646 0.639442 0.064725 0.633466 0.064725 0.633466 0.070119 0.631474 0.071197 0.631474 0.084142 0.635458 0.084142 0.637450 0.085221 0.637450 0.086300 0.641434 0.086300 0.641434 0.077670 0.643426 0.076591 0.647410 0.076591 0.649402 0.077670 0.649402 0.078749 0.653386 0.078749 0.653386 0.075512 0.655378 0.074434 0.659363 0.074434 0.661355 0.075512 0.661355 0.099245 0.665339 0.099245 0.665339 0.064725 0.667331 0.063646 0.671315 0.063646 0.673307 0.064725 0.673307 0.067961 0.677291 0.067961 0.677291 0.061489 0.679283 0.060410 0.683267 0.060410 0.683267 0.057174 0.685259 0.056095 0.693227 0.056095 0.695219 0.057174 0.695219 0.061489 0.701195 0.061489 0.701195 0.058252 0.703187 0.057174 0.713147 0.057174 0.713147 0.048544 0.715139 0.047465 0.715139 0.046386 0.717131 0.045307 0.717131 0.040992 0.713147 0.038835
0 0.553785 0.000000 0.553785 0.001079 0.551793 0.002157 0.551793 0.005394 0.549801 0.006472 0.549801 0.012945 0.551793 0.014024 0.551793 0.017260 0.549801 0.018339 0.549801 0.026969 0.547809 0.028047 0.545817 0.028047 0.545817 0.034520 0.543825 0.035599 0.539841 0.035599 0.535857 0.033441 0.535857 0.032362 0.531873 0.032362 0.529880 0.031284 0.529880 0.030205 0.527888 0.030205 0.525896 0.029126 0.525896 0.028047 0.521912 0.028047 0.521912 0.030205 0.523904 0.030205 0.525896 0.031284 0.525896 0.035599 0.527888 0.036677 0.527888 0.037756 0.535857 0.037756 0.537849 0.038835 0.537849 0.048544 0.535857 0.049622 0.535857 0.055016 0.531873 0.057174 0.531873 0.058252 0.529880 0.059331 0.529880 0.060410 0.527888 0.061489 0.527888 0.062567 0.525896 0.063646 0.523904 0.063646 0.523904 0.067961 0.521912 0.069040 0.521912 0.070119 0.519920 0.071197 0.519920 0.076591 0.517928 0.077670 0.515936 0.077670 0.515936 0.086300 0.513944 0.087379 0.513944 0.090615 0.511952 0.091694 0.511952 0.097087 0.509960 0.098166 0.503984 0.098166 0.501992 0.097087 0.501992 0.091694 0.503984 0.090615 0.503984 0.086300 0.505976 0.085221 0.507968 0.085221 0.507968 0.016181 0.503984 0.016181 0.501992 0.015102 0.501992 0.009709 0.498008 0.009709 0.498008 0.015102 0.501992 0.015102 0.503984 0.016181 0.503984 0.025890 0.501992 0.026969 0.498008 0.026969 0.498008 0.036677 0.496016 0.037756 0.496016 0.039914 0.494024 0.040992 0.494024 0.049622 0.492032 0.050701 0.492032 0.056095 0.490040 0.057174 0.490040 0.062567 0.488048 0.063646 0.480080 0.063646 0.478088 0.062567 0.478088 0.046386 0.474104 0.046386 0.474104 0.065804 0.480080 0.065804 0.482072 0.066882 0.482072 0.069040 0.478088 0.071197 0.476096 0.071197 0.476096 0.073355 0.478088 0.074434 0.478088 0.079827 0.476096 0.080906 0.474104 0.080906 0.472112 0.081985 0.468127 0.081985 0.466135 0.080906 0.466135 0.046386 0.462151 0.046386 0.462151 0.094930 0.460159 0.096009 0.450199 0.096009 0.448207 0.094930 0.448207 0.085221 0.446215 0.084142 0.446215 0.083064 0.442231 0.083064 0.442231 0.088457 0.444223 0.089536 0.444223 0.091694 0.442231 0.092772 0.440239 0.092772 0.440239 0.096009 0.442231 0.096009 0.444223 0.097087 0.444223 0.098166 0.446215 0.099245 0.446215 0.100324 0.450199 0.100324 0.452191 0.101402 0.452191 0.103560 0.454183 0.104639 0.454183 0.108954 0.456175 0.110032 0.456175 0.114347 0.454183 0.115426 0.454183 0.117584 0.456175 0.118662 0.456175 0.127292 0.454183 0.128371 0.454183 0.133765 0.452191 0.134844 0.444223 0.134844 0.442231 0.133765 0.442231 0.108954 0.438247 0.108954 0.438247 0.126214 0.436255 0.127292 0.432271 0.127292 0.430279 0.126214 0.430279 0.108954 0.426295 0.108954 0.426295 0.110032 0.424303 0.111111 0.420319 0.111111 0.418327 0.110032 0.418327 0.106796 0.416335 0.106796 0.414343 0.105717 0.414343 0.102481 0.416335 0.101402 0.418327 0.101402 0.418327 0.097087 0.414343 0.097087 0.412351 0.096009 0.412351 0.091694 0.414343 0.090615 0.418327 0.090615 0.418327 0.088457 0.420319 0.087379 0.424303 0.087379 0.426295 0.088457 0.426295 0.099245 0.430279 0.099245 0.430279 0.075512 0.426295 0.075512 0.424303 0.076591 0.420319 0.076591 0.418327 0.075512 0.414343 0.075512 0.414343 0.077670 0.412351 0.078749 0.408367 0.078749 0.406375 0.077670 0.406375 0.066882 0.408367 0.065804 0.408367 0.064725 0.410359 0.063646 0.424303 0.063646 0.426295 0.064725 0.426295 0.071197 0.430279 0.071197 0.430279 0.062567 0.432271 0.061489 0.432271 0.059331 0.410359 0.059331 0.408367 0.058252 0.408367 0.045307 0.404382 0.045307 0.404382 0.060410 0.402390 0.061489 0.398406 0.061489 0.398406 0.069040 0.396414 0.070119 0.392430 0.070119 0.390438 0.069040 0.390438 0.063646 0.388446 0.062567 0.388446 0.057174 0.390438 0.056095 0.390438 0.050701 0.388446 0.049622 0.388446 0.038835 0.390438 0.037756 0.390438 0.033441 0.376494 0.033441 0.376494 0.036677 0.382470 0.036677 0.384462 0.037756 0.384462 0.042071 0.382470 0.043150 0.376494 0.043150 0.376494 0.045307 0.378486 0.046386 0.378486 0.052859 0.380478 0.053937 0.380478 0.058252 0.382470 0.058252 0.384462 0.059331 0.384462 0.062567 0.386454 0.063646 0.386454 0.067961 0.388446 0.069040 0.388446 0.079827 0.386454 0.080906 0.380478 0.080906 0.380478 0.088457 0.378486 0.089536 0.374502 0.089536 0.372510 0.088457 0.372510 0.075512 0.368526 0.075512 0.368526 0.100324 0.366534 0.101402 0.362550 0.101402 0.360558 0.100324 0.360558 0.075512 0.356574 0.075512 0.356574 0.097087 0.354582 0.098166 0.350598 0.098166 0.348606 0.097087 0.348606 0.078749 0.344622 0.078749 0.344622 0.090615 0.342629 0.091694 0.334661 0.091694 0.332669 0.090615 0.332669 0.089536 0.330677 0.089536 0.328685 0.088457 0.322709 0.088457 0.320717 0.087379 0.320717 0.085221 0.322709 0.084142 0.324701 0.084142 0.324701 0.081985 0.316733 0.081985 0.314741 0.080906 0.314741 0.078749 0.308765 0.078749 0.308765 0.081985 0.306773 0.083064 0.302789 0.083064 0.302789 0.084142 0.300797 0.085221 0.292829 0.085221 0.290837 0.084142 0.290837 0.076591 0.286853 0.076591 0.286853 0.077670 0.284861 0.078749 0.282869 0.078749 0.282869 0.084142 0.280876 0.085221 0.280876 0.086300 0.278884 0.087379 0.274900 0.087379 0.272908 0.086300 0.272908 0.072276 0.270916 0.071197 0.268924 0.071197 0.266932 0.070119 0.266932 0.063646 0.262948 0.063646 0.260956 0.064725 0.256972 0.064725 0.252988 0.062567 0.252988 0.061489 0.250996 0.061489 0.243028 0.057174 0.243028 0.056095 0.241036 0.055016 0.241036 0.053937 0.239044 0.053937 0.233068 0.050701 0.233068 0.049622 0.229084 0.049622 0.229084 0.056095 0.227092 0.057174 0.227092 0.058252 0.225100 0.059331 0.219124 0.059331 0.219124 0.061489 0.223108 0.063646 0.223108 0.066882 0.225100 0.066882 0.227092 0.067961 0.227092 0.087379 0.225100 0.088457 0.215139 0.088457 0.215139 0.094930 0.219124 0.094930 0.219124 0.091694 0.221116 0.090615 0.225100 0.090615 0.227092 0.091694 0.227092 0.097087 0.231076 0.097087 0.231076 0.072276 0.233068 0.071197 0.237052 0.071197 0.239044 0.072276 0.239044 0.074434 0.241036 0.074434 0.243028 0.075512 0.243028 0.078749 0.241036 0.079827 0.239044 0.079827 0.239044 0.097087 0.243028 0.097087 0.243028 0.083064 0.245020 0.081985 0.252988 0.081985 0.254980 0.083064 0.254980 0.085221 0.252988 0.086300 0.250996 0.086300 0.250996 0.100324 0.254980 0.100324 0.254980 0.089536 0.256972 0.088457 0.262948 0.088457 0.266932 0.090615 0.266932 0.092772 0.264940 0.093851 0.262948 0.093851 0.262948 0.096009 0.264940 0.096009 0.266932 0.097087 0.266932 0.099245 0.276892 0.099245 0.280876 0.101402 0.280876 0.106796 0.278884 0.107875 0.278884 0.112190 0.276892 0.113269 0.270916 0.113269 0.266932 0.111111 0.266932 0.106796 0.268924 0.105717 0.270916 0.105717 0.270916 0.103560 0.266932 0.103560 0.266932 0.105717 0.264940 0.106796 0.262948 0.106796 0.262948 0.108954 0.260956 0.110032 0.256972 0.110032 0.254980 0.108954 0.254980 0.106796 0.250996 0.106796 0.249004 0.107875 0.241036 0.107875 0.237052 0.105717 0.237052 0.104639 0.233068 0.104639 0.231076 0.105717 0.227092 0.105717 0.225100 0.104639 0.217131 0.104639 0.215139 0.103560 0.211155 0.103560 0.211155 0.105717 0.217131 0.105717 0.219124 0.106796 0.219124 0.111111 0.223108 0.111111 0.225100 0.112190 0.225100 0.114347 0.221116 0.116505 0.219124 0.116505 0.219124 0.118662 0.223108 0.118662 0.225100 0.119741 0.225100 0.127292 0.223108 0.128371 0.223108 0.129450 0.221116 0.130529 0.219124 0.130529 0.217131 0.131607 0.209163 0.131607 0.207171 0.130529 0.207171 0.115426 0.203187 0.115426 0.203187 0.128371 0.205179 0.128371 0.207171 0.129450 0.207171 0.134844 0.205179 0.135922 0.199203 0.135922 0.199203 0.138080 0.197211 0.139159 0.193227 0.139159 0.191235 0.138080 0.191235 0.135922 0.185259 0.135922 0.183267 0.134844 0.183267 0.131607 0.175299 0.131607 0.173307 0.130529 0.173307 0.128371 0.167331 0.128371 0.167331 0.134844 0.171315 0.134844 0.173307 0.135922 0.173307 0.140237 0.171315 0.141316 0.163347 0.141316 0.163347 0.149946 0.161355 0.151025 0.157371 0.151025 0.153386 0.148867 0.153386 0.133765 0.151394 0.133765 0.149402 0.132686 0.149402 0.120820 0.145418 0.120820 0.145418 0.131607 0.143426 0.132686 0.139442 0.132686 0.137450 0.131607 0.137450 0.128371 0.133466 0.128371 0.133466 0.131607 0.131474 0.132686 0.127490 0.132686 0.125498 0.131607 0.125498 0.125135 0.121514 0.125135 0.121514 0.130529 0.119522 0.131607 0.115538 0.131607 0.113546 0.130529 0.113546 0.125135 0.109562 0.125135 0.109562 0.130529 0.107570 0.131607 0.103586 0.131607 0.103586 0.148867 0.101594 0.149946 0.083665 0.149946 0.081673 0.151025 0.079681 0.151025 0.079681 0.156419 0.087649 0.156419 0.089641 0.157497 0.101594 0.157497 0.103586 0.158576 0.103586 0.159655 0.107570 0.159655 0.109562 0.160734 0.109562 0.163970 0.113546 0.163970 0.113546 0.162891 0.115538 0.161812 0.123506 0.161812 0.125498 0.162891 0.135458 0.162891 0.137450 0.163970 0.137450 0.165049 0.139442 0.166127 0.143426 0.166127 0.145418 0.165049 0.153386 0.165049 0.153386 0.160734 0.145418 0.160734 0.141434 0.158576 0.141434 0.156419 0.145418 0.154261 0.153386 0.154261 0.155378 0.153182 0.161355 0.153182 0.163347 0.154261 0.163347 0.155340 0.167331 0.155340 0.169323 0.156419 0.171315 0.156419 0.173307 0.157497 0.173307 0.160734 0.171315 0.161812 0.163347 0.161812 0.163347 0.163970 0.171315 0.163970 0.173307 0.165049 0.189243 0.165049 0.189243 0.163970 0.191235 0.162891 0.195219 0.162891 0.199203 0.165049 0.199203 0.168285 0.195219 0.170442 0.191235 0.170442 0.189243 0.169364 0.185259 0.169364 0.183267 0.170442 0.171315 0.170442 0.169323 0.171521 0.167331 0.171521 0.167331 0.183387 0.165339 0.184466 0.163347 0.184466 0.163347 0.186624 0.161355 0.187702 0.161355 0.188781 0.159363 0.189860 0.155378 0.189860 0.153386 0.188781 0.153386 0.184466 0.151394 0.184466 0.149402 0.183387 0.149402 0.170442 0.143426 0.170442 0.143426 0.171521 0.141434 0.172600 0.133466 0.172600 0.133466 0.173679 0.131474 0.174757 0.119522 0.174757 0.117530 0.173679 0.115538 0.173679 0.113546 0.172600 0.113546 0.171521 0.109562 0.171521 0.107570 0.172600 0.097610 0.172600 0.095618 0.171521 0.091633 0.171521 0.091633 0.172600 0.087649 0.174757 0.085657 0.174757 0.085657 0.184466 0.089641 0.184466 0.089641 0.176915 0.091633 0.175836 0.099602 0.175836 0.101594 0.176915 0.101594 0.181230 0.107570 0.181230 0.109562 0.182309 0.109562 0.197411 0.111554 0.198490 0.111554 0.200647 0.109562 0.201726 0.103586 0.201726 0.103586 0.206041 0.107570 0.206041 0.109562 0.207120 0.109562 0.209277 0.107570 0.210356 0.103586 0.210356 0.103586 0.211435 0.101594 0.212513 0.097610 0.212513 0.095618 0.211435 0.095618 0.209277 0.091633 0.209277 0.089641 0.208198 0.089641 0.206041 0.085657 0.206041 0.085657 0.208198 0.087649 0.208198 0.089641 0.209277 0.089641 0.212513 0.087649 0.213592 0.087649 0.215750 0.085657 0.216828 0.075697 0.216828 0.075697 0.217907 0.073705 0.218986 0.067729 0.218986 0.067729 0.220065 0.065737 0.221143 0.059761 0.221143 0.057769 0.222222 0.057769 0.224380 0.063745 0.224380 0.063745 0.222222 0.065737 0.221143 0.071713 0.221143 0.073705 0.222222 0.075697 0.222222 0.077689 0.223301 0.077689 0.230852 0.075697 0.231931 0.067729 0.231931 0.065737 0.233010 0.055777 0.233010 0.055777 0.240561 0.053785 0.241640 0.043825 0.241640 0.043825 0.245955 0.047809 0.245955 0.049801 0.247033 0.049801 0.252427 0.053785 0.252427 0.053785 0.247033 0.055777 0.245955 0.059761 0.245955 0.061753 0.247033 0.061753 0.254585 0.065737 0.254585 0.065737 0.253506 0.067729 0.252427 0.071713 0.252427 0.073705 0.253506 0.073705 0.255663 0.075697 0.255663 0.077689 0.256742 0.077689 0.262136 0.079681 0.263215 0.079681 0.265372 0.077689 0.266451 0.077689 0.269687 0.081673 0.269687 0.083665 0.268608 0.095618 0.268608 0.097610 0.267530 0.105578 0.267530 0.107570 0.268608 0.107570 0.272923 0.109562 0.272923 0.111554 0.274002 0.111554 0.277238 0.109562 0.278317 0.101594 0.278317 0.099602 0.279396 0.095618 0.279396 0.093625 0.278317 0.093625 0.276160 0.079681 0.276160 0.075697 0.278317 0.061753 0.278317 0.059761 0.279396 0.049801 0.279396 0.047809 0.280475 0.043825 0.280475 0.043825 0.288026 0.051793 0.288026 0.053785 0.289105 0.057769 0.289105 0.059761 0.288026 0.063745 0.288026 0.065737 0.289105 0.073705 0.289105 0.075697 0.290183 0.075697 0.291262 0.077689 0.292341 0.077689 0.295577 0.075697 0.296656 0.071713 0.296656 0.071713 0.298813 0.073705 0.298813 0.075697 0.299892 0.075697 0.303128 0.073705 0.304207 0.067729 0.304207 0.065737 0.305286 0.061753 0.305286 0.057769 0.307443 0.055777 0.307443 0.053785 0.308522 0.049801 0.308522 0.045817 0.310680 0.043825 0.310680 0.043825 0.324703 0.063745 0.324703 0.065737 0.323625 0.075697 0.323625 0.075697 0.322546 0.077689 0.321467 0.081673 0.321467 0.083665 0.322546 0.083665 0.324703 0.087649 0.324703 0.087649 0.316073 0.089641 0.314995 0.093625 0.314995 0.093625 0.312837 0.095618 0.311758 0.099602 0.311758 0.101594 0.312837 0.101594 0.313916 0.105578 0.313916 0.107570 0.314995 0.107570 0.317152 0.111554 0.317152 0.111554 0.316073 0.113546 0.314995 0.117530 0.314995 0.119522 0.316073 0.119522 0.320388 0.117530 0.321467 0.115538 0.321467 0.113546 0.322546 0.111554 0.322546 0.111554 0.324703 0.117530 0.324703 0.119522 0.325782 0.119522 0.335491 0.123506 0.335491 0.123506 0.326861 0.125498 0.325782 0.133466 0.325782 0.135458 0.326861 0.135458 0.329018 0.139442 0.329018 0.141434 0.330097 0.141434 0.333333 0.139442 0.334412 0.131474 0.334412 0.131474 0.337648 0.135458 0.337648 0.137450 0.336570 0.147410 0.336570 0.147410 0.334412 0.149402 0.333333 0.151394 0.333333 0.151394 0.330097 0.153386 0.329018 0.157371 0.329018 0.161355 0.331176 0.161355 0.335491 0.163347 0.336570 0.163347 0.339806 0.165339 0.340885 0.165339 0.349515 0.169323 0.349515 0.169323 0.345200 0.171315 0.344121 0.179283 0.344121 0.181275 0.345200 0.181275 0.347357 0.183267 0.348436 0.183267 0.350593 0.185259 0.351672 0.185259 0.354908 0.191235 0.354908 0.193227 0.353830 0.199203 0.353830 0.201195 0.354908 0.203187 0.354908 0.205179 0.355987 0.205179 0.359223 0.203187 0.360302 0.201195 0.360302 0.201195 0.371090 0.199203 0.372168 0.195219 0.372168 0.195219 0.375405 0.193227 0.376483 0.189243 0.376483 0.187251 0.375405 0.187251 0.374326 0.185259 0.373247 0.185259 0.370011 0.183267 0.370011 0.181275 0.368932 0.181275 0.365696 0.177291 0.365696 0.177291 0.367853 0.175299 0.368932 0.159363 0.368932 0.159363 0.370011 0.157371 0.371090 0.153386 0.371090 0.151394 0.370011 0.147410 0.370011 0.147410 0.372168 0.149402 0.373247 0.157371 0.373247 0.159363 0.374326 0.161355 0.374326 0.163347 0.375405 0.165339 0.375405 0.167331 0.376483 0.171315 0.376483 0.173307 0.377562 0.175299 0.377562 0.177291 0.378641 0.177291 0.382956 0.181275 0.382956 0.181275 0.379720 0.183267 0.378641 0.187251 0.378641 0.189243 0.379720 0.189243 0.389428 0.187251 0.390507 0.183267 0.390507 0.183267 0.394822 0.181275 0.395901 0.177291 0.395901 0.175299 0.394822 0.175299 0.389428 0.171315 0.389428 0.169323 0.388350 0.161355 0.388350 0.161355 0.390507 0.159363 0.391586 0.159363 0.403452 0.167331 0.403452 0.169323 0.404531 0.169323 0.407767 0.173307 0.407767 0.175299 0.408846 0.175299 0.409924 0.177291 0.411003 0.181275 0.411003 0.181275 0.408846 0.183267 0.407767 0.187251 0.407767 0.189243 0.408846 0.189243 0.409924 0.193227 0.409924 0.193227 0.405609 0.195219 0.404531 0.199203 0.404531 0.201195 0.405609 0.201195 0.406688 0.205179 0.406688 0.205179 0.405609 0.207171 0.404531 0.221116 0.404531 0.223108 0.405609 0.223108 0.409924 0.227092 0.409924 0.227092 0.406688 0.229084 0.405609 0.233068 0.405609 0.235060 0.406688 0.235060 0.409924 0.239044 0.409924 0.239044 0.404531 0.241036 0.403452 0.245020 0.403452 0.247012 0.404531 0.247012 0.409924 0.250996 0.409924 0.250996 0.406688 0.252988 0.405609 0.256972 0.405609 0.258964 0.406688 0.258964 0.414239 0.262948 0.414239 0.262948 0.403452 0.264940 0.402373 0.268924 0.402373 0.268924 0.399137 0.270916 0.398058 0.274900 0.398058 0.276892 0.399137 0.280876 0.399137 0.282869 0.400216 0.282869 0.404531 0.286853 0.404531 0.286853 0.400216 0.288845 0.399137 0.292829 0.399137 0.294821 0.400216 0.294821 0.405609 0.298805 0.405609 0.298805 0.398058 0.300797 0.396980 0.310757 0.396980 0.310757 0.395901 0.312749 0.394822 0.322709 0.394822 0.322709 0.391586 0.324701 0.390507 0.328685 0.390507 0.328685 0.388350 0.330677 0.387271 0.338645 0.387271 0.340637 0.388350 0.340637 0.398058 0.344622 0.398058 0.344622 0.386192 0.346614 0.385113 0.350598 0.385113 0.352590 0.386192 0.352590 0.396980 0.356574 0.396980 0.356574 0.385113 0.358566 0.384035 0.362550 0.384035 0.364542 0.385113 0.364542 0.396980 0.368526 0.396980 0.368526 0.379720 0.370518 0.378641 0.374502 0.378641 0.376494 0.379720 0.376494 0.390507 0.380478 0.390507 0.380478 0.374326 0.382470 0.373247 0.386454 0.373247 0.386454 0.365696 0.388446 0.364617 0.392430 0.364617 0.394422 0.365696 0.394422 0.373247 0.398406 0.373247 0.400398 0.374326 0.400398 0.380798 0.398406 0.381877 0.398406 0.386192 0.400398 0.387271 0.404382 0.387271 0.404382 0.378641 0.406375 0.377562 0.410359 0.377562 0.412351 0.378641 0.412351 0.398058 0.414343 0.398058 0.416335 0.399137 0.416335 0.402373 0.414343 0.403452 0.412351 0.403452 0.412351 0.406688 0.410359 0.407767 0.410359 0.409924 0.416335 0.409924 0.418327 0.411003 0.418327 0.418554 0.416335 0.419633 0.416335 0.420712 0.414343 0.421791 0.414343 0.423948 0.412351 0.425027 0.410359 0.425027 0.410359 0.426106 0.406375 0.428263 0.402390 0.428263 0.402390 0.431499 0.404382 0.431499 0.406375 0.432578 0.406375 0.440129 0.404382 0.441208 0.404382 0.442287 0.402390 0.443366 0.400398 0.443366 0.400398 0.444444 0.398406 0.445523 0.398406 0.447681 0.396414 0.448759 0.396414 0.454153 0.392430 0.456311 0.392430 0.458468 0.390438 0.459547 0.390438 0.460626 0.388446 0.461704 0.388446 0.462783 0.386454 0.463862 0.384462 0.463862 0.384462 0.464941 0.382470 0.466019 0.382470 0.469256 0.380478 0.470334 0.380478 0.472492 0.378486 0.473571 0.378486 0.474649 0.376494 0.475728 0.374502 0.475728 0.374502 0.480043 0.372510 0.481122 0.370518 0.481122 0.370518 0.485437 0.368526 0.486516 0.368526 0.488673 0.366534 0.489752 0.366534 0.491909 0.364542 0.492988 0.362550 0.492988 0.362550 0.495146 0.368526 0.495146 0.370518 0.496224 0.370518 0.499461 0.372510 0.499461 0.374502 0.500539 0.374502 0.507012 0.378486 0.507012 0.378486 0.486516 0.380478 0.485437 0.382470 0.485437 0.382470 0.482201 0.384462 0.481122 0.384462 0.480043 0.386454 0.478964 0.386454 0.477886 0.388446 0.476807 0.388446 0.474649 0.386454 0.473571 0.386454 0.470334 0.388446 0.469256 0.388446 0.468177 0.390438 0.467098 0.402390 0.467098 0.402390 0.463862 0.400398 0.462783 0.400398 0.458468 0.402390 0.457389 0.402390 0.455232 0.404382 0.454153 0.404382 0.451996 0.406375 0.450917 0.406375 0.448759 0.408367 0.447681 0.408367 0.446602 0.412351 0.444444 0.412351 0.442287 0.414343 0.441208 0.426295 0.441208 0.426295 0.440129 0.428287 0.439051 0.436255 0.439051 0.442231 0.442287 0.442231 0.443366 0.444223 0.443366 0.446215 0.444444 0.450199 0.444444 0.450199 0.441208 0.452191 0.440129 0.456175 0.440129 0.456175 0.435814 0.460159 0.433657 0.468127 0.433657 0.470120 0.434736 0.470120 0.440129 0.468127 0.441208 0.466135 0.441208 0.466135 0.445523 0.464143 0.446602 0.454183 0.446602 0.454183 0.448759 0.458167 0.450917 0.458167 0.453074 0.462151 0.453074 0.462151 0.449838 0.464143 0.448759 0.470120 0.448759 0.472112 0.449838 0.472112 0.450917 0.474104 0.450917 0.476096 0.451996 0.484064 0.451996 0.486056 0.453074 0.486056 0.455232 0.484064 0.456311 0.484064 0.459547 0.482072 0.460626 0.476096 0.460626 0.476096 0.462783 0.486056 0.462783 0.488048 0.463862 0.488048 0.468177 0.486056 0.469256 0.482072 0.469256 0.482072 0.471413 0.488048 0.474649 0.488048 0.476807 0.496016 0.476807 0.498008 0.477886 0.498008 0.501618 0.496016 0.502697 0.492032 0.502697 0.490040 0.501618 0.486056 0.501618 0.486056 0.503776 0.484064 0.504854 0.484064 0.508091 0.486056 0.509169 0.486056 0.512406 0.484064 0.513484 0.484064 0.516721 0.486056 0.517799 0.486056 0.521036 0.482072 0.523193 0.482072 0.529666 0.484064 0.530744 0.484064 0.541532 0.486056 0.542611 0.486056 0.544768 0.482072 0.546926 0.478088 0.546926 0.476096 0.548004 0.476096 0.551241 0.474104 0.552319 0.472112 0.552319 0.468127 0.554477 0.468127 0.555556 0.466135 0.556634 0.462151 0.556634 0.460159 0.555556 0.458167 0.555556 0.456175 0.554477 0.456175 0.551241 0.450199 0.551241 0.450199 0.553398 0.448207 0.554477 0.438247 0.554477 0.436255 0.553398 0.426295 0.553398 0.426295 0.555556 0.424303 0.556634 0.418327 0.556634 0.416335 0.555556 0.416335 0.552319 0.412351 0.552319 0.410359 0.553398 0.402390 0.553398 0.400398 0.554477 0.396414 0.554477 0.394422 0.555556 0.392430 0.555556 0.390438 0.556634 0.384462 0.556634 0.376494 0.560949 0.368526 0.560949 0.366534 0.562028 0.366534 0.563107 0.364542 0.564186 0.356574 0.564186 0.354582 0.563107 0.354582 0.558792 0.356574 0.557713 0.356574 0.552319 0.352590 0.552319 0.352590 0.556634 0.350598 0.557713 0.346614 0.557713 0.344622 0.556634 0.344622 0.554477 0.338645 0.554477 0.338645 0.560949 0.336653 0.562028 0.334661 0.562028 0.332669 0.563107 0.328685 0.563107 0.326693 0.562028 0.322709 0.562028 0.320717 0.563107 0.316733 0.563107 0.316733 0.566343 0.314741 0.567422 0.310757 0.567422 0.308765 0.566343 0.308765 0.564186 0.306773 0.563107 0.302789 0.563107 0.296813 0.559871 0.296813 0.557713 0.292829 0.557713 0.290837 0.558792 0.286853 0.558792 0.284861 0.557713 0.284861 0.556634 0.282869 0.555556 0.280876 0.555556 0.278884 0.554477 0.274900 0.554477 0.274900 0.556634 0.276892 0.557713 0.276892 0.559871 0.274900 0.560949 0.270916 0.560949 0.268924 0.559871 0.266932 0.559871 0.264940 0.558792 0.264940 0.556634 0.266932 0.555556 0.266932 0.552319 0.264940 0.551241 0.264940 0.550162 0.260956 0.548004 0.258964 0.548004 0.256972 0.546926 0.256972 0.542611 0.250996 0.539374 0.250996 0.538296 0.249004 0.537217 0.249004 0.536138 0.247012 0.536138 0.245020 0.535059 0.245020 0.533981 0.241036 0.533981 0.241036 0.540453 0.243028 0.540453 0.245020 0.541532 0.245020 0.545847 0.247012 0.546926 0.247012 0.551241 0.245020 0.552319 0.243028 0.552319 0.243028 0.555556 0.239044 0.557713 0.239044 0.558792 0.237052 0.559871 0.237052 0.560949 0.235060 0.562028 0.231076 0.562028 0.231076 0.565264 0.233068 0.566343 0.233068 0.568501 0.237052 0.568501 0.239044 0.569579 0.239044 0.572816 0.241036 0.573894 0.241036 0.574973 0.243028 0.576052 0.243028 0.585761 0.237052 0.588997 0.235060 0.588997 0.235060 0.591154 0.239044 0.593312 0.239044 0.597627 0.237052 0.598706 0.231076 0.598706 0.229084 0.597627 0.229084 0.596548 0.227092 0.595469 0.227092 0.582524 0.229084 0.581446 0.229084 0.579288 0.225100 0.579288 0.225100 0.581446 0.223108 0.582524 0.223108 0.595469 0.217131 0.598706 0.217131 0.599784 0.215139 0.600863 0.215139 0.605178 0.213147 0.606257 0.213147 0.609493 0.215139 0.609493 0.217131 0.610572 0.217131 0.613808 0.219124 0.614887 0.219124 0.618123 0.221116 0.619202 0.221116 0.620280 0.227092 0.620280 0.231076 0.618123 0.231076 0.614887 0.233068 0.613808 0.233068 0.611650 0.235060 0.610572 0.243028 0.610572 0.245020 0.611650 0.245020 0.615965 0.247012 0.615965 0.250996 0.618123 0.250996 0.621359 0.252988 0.622438 0.252988 0.624595 0.254980 0.625674 0.254980 0.627832 0.260956 0.631068 0.260956 0.633225 0.262948 0.634304 0.262948 0.637540 0.264940 0.638619 0.264940 0.639698 0.270916 0.642934 0.270916 0.646170 0.272908 0.647249 0.272908 0.648328 0.274900 0.649407 0.274900 0.650485 0.276892 0.651564 0.276892 0.653722 0.278884 0.654800 0.278884 0.659115 0.280876 0.659115 0.282869 0.660194 0.282869 0.661273 0.286853 0.663430 0.286853 0.665588 0.288845 0.666667 0.288845 0.668824 0.292829 0.668824 0.296813 0.670982 0.296813 0.672060 0.300797 0.674218 0.300797 0.678533 0.306773 0.681769 0.306773 0.683927 0.308765 0.683927 0.310757 0.685005 0.310757 0.686084 0.312749 0.687163 0.312749 0.688242 0.316733 0.690399 0.316733 0.691478 0.318725 0.691478 0.320717 0.692557 0.320717 0.695793 0.324701 0.697950 0.326693 0.697950 0.330677 0.700108 0.330677 0.703344 0.332669 0.703344 0.334661 0.704423 0.334661 0.708738 0.332669 0.709817 0.330677 0.709817 0.328685 0.710895 0.326693 0.710895 0.324701 0.711974 0.322709 0.711974 0.318725 0.714132 0.318725 0.715210 0.314741 0.717368 0.310757 0.717368 0.308765 0.718447 0.306773 0.718447 0.306773 0.719525 0.302789 0.721683 0.300797 0.721683 0.296813 0.723840 0.288845 0.723840 0.284861 0.725998 0.280876 0.725998 0.276892 0.728155 0.268924 0.728155 0.266932 0.727077 0.262948 0.727077 0.262948 0.730313 0.254980 0.734628 0.252988 0.734628 0.250996 0.735707 0.245020 0.735707 0.243028 0.736785 0.241036 0.736785 0.235060 0.740022 0.233068 0.740022 0.229084 0.742179 0.225100 0.742179 0.223108 0.743258 0.217131 0.743258 0.213147 0.745415 0.205179 0.745415 0.203187 0.746494 0.201195 0.746494 0.199203 0.747573 0.197211 0.747573 0.195219 0.748652 0.157371 0.748652 0.157371 0.750809 0.179283 0.750809 0.181275 0.751888 0.197211 0.751888 0.199203 0.750809 0.205179 0.750809 0.207171 0.749730 0.209163 0.749730 0.211155 0.748652 0.217131 0.748652 0.219124 0.747573 0.225100 0.747573 0.227092 0.746494 0.231076 0.746494 0.231076 0.745415 0.233068 0.744337 0.241036 0.744337 0.243028 0.743258 0.247012 0.743258 0.247012 0.741100 0.249004 0.740022 0.252988 0.740022 0.252988 0.738943 0.256972 0.736785 0.262948 0.736785 0.264940 0.735707 0.266932 0.735707 0.270916 0.733549 0.278884 0.733549 0.278884 0.732470 0.280876 0.731392 0.288845 0.731392 0.290837 0.730313 0.296813 0.730313 0.302789 0.727077 0.314741 0.727077 0.314741 0.725998 0.316733 0.724919 0.318725 0.724919 0.318725 0.723840 0.320717 0.722762 0.322709 0.722762 0.324701 0.721683 0.324701 0.720604 0.326693 0.719525 0.342629 0.719525 0.342629 0.717368 0.344622 0.716289 0.348606 0.716289 0.350598 0.717368 0.350598 0.720604 0.354582 0.720604 0.354582 0.711974 0.358566 0.709817 0.360558 0.709817 0.360558 0.706580 0.362550 0.705502 0.382470 0.705502 0.384462 0.704423 0.388446 0.704423 0.392430 0.706580 0.392430 0.709817 0.400398 0.709817 0.402390 0.710895 0.402390 0.722762 0.400398 0.723840 0.398406 0.723840 0.398406 0.728155 0.396414 0.729234 0.396414 0.730313 0.394422 0.731392 0.390438 0.731392 0.390438 0.733549 0.394422 0.733549 0.396414 0.734628 0.396414 0.736785 0.400398 0.736785 0.400398 0.732470 0.402390 0.731392 0.406375 0.731392 0.410359 0.733549 0.410359 0.737864 0.414343 0.737864 0.416335 0.738943 0.416335 0.745415 0.414343 0.746494 0.410359 0.746494 0.408367 0.745415 0.408367 0.742179 0.404382 0.742179 0.400398 0.744337 0.398406 0.744337 0.394422 0.746494 0.390438 0.746494 0.390438 0.747573 0.388446 0.748652 0.386454 0.748652 0.386454 0.749730 0.384462 0.750809 0.384462 0.754045 0.382470 0.755124 0.374502 0.755124 0.370518 0.757282 0.366534 0.757282 0.364542 0.756203 0.354582 0.756203 0.354582 0.759439 0.356574 0.760518 0.356574 0.762675 0.358566 0.762675 0.360558 0.763754 0.360558 0.765912 0.362550 0.765912 0.364542 0.766990 0.364542 0.770227 0.366534 0.771305 0.366534 0.772384 0.370518 0.774542 0.374502 0.774542 0.376494 0.775620 0.376494 0.778857 0.380478 0.778857 0.380478 0.776699 0.382470 0.775620 0.382470 0.774542 0.384462 0.773463 0.388446 0.773463 0.390438 0.774542 0.390438 0.784250 0.384462 0.787487 0.378486 0.787487 0.376494 0.788565 0.376494 0.793959 0.374502 0.795038 0.368526 0.795038 0.362550 0.798274 0.358566 0.798274 0.356574 0.799353 0.350598 0.799353 0.350598 0.800431 0.348606 0.801510 0.346614 0.801510 0.340637 0.804746 0.338645 0.804746 0.336653 0.805825 0.334661 0.805825 0.332669 0.806904 0.330677 0.806904 0.330677 0.807983 0.328685 0.809061 0.320717 0.809061 0.320717 0.811219 0.318725 0.812298 0.316733 0.812298 0.314741 0.813376 0.312749 0.813376 0.308765 0.815534 0.308765 0.817691 0.306773 0.818770 0.306773 0.819849 0.304781 0.820928 0.302789 0.820928 0.300797 0.822006 0.300797 0.823085 0.296813 0.825243 0.296813 0.827400 0.292829 0.829558 0.288845 0.829558 0.286853 0.830636 0.286853 0.831715 0.284861 0.832794 0.282869 0.832794 0.282869 0.833873 0.280876 0.834951 0.276892 0.834951 0.268924 0.839266 0.262948 0.839266 0.258964 0.841424 0.254980 0.841424 0.252988 0.842503 0.250996 0.842503 0.250996 0.845739 0.249004 0.846818 0.247012 0.846818 0.245020 0.847896 0.245020 0.850054 0.243028 0.851133 0.233068 0.851133 0.233068 0.853290 0.231076 0.854369 0.225100 0.854369 0.221116 0.856526 0.217131 0.856526 0.215139 0.857605 0.215139 0.859763 0.213147 0.860841 0.211155 0.860841 0.211155 0.862999 0.219124 0.862999 0.219124 0.860841 0.221116 0.859763 0.229084 0.859763 0.229084 0.858684 0.231076 0.857605 0.231076 0.856526 0.233068 0.855448 0.243028 0.855448 0.243028 0.854369 0.245020 0.853290 0.250996 0.853290 0.250996 0.852211 0.254980 0.850054 0.254980 0.847896 0.256972 0.846818 0.264940 0.846818 0.266932 0.845739 0.270916 0.845739 0.272908 0.846818 0.272908 0.847896 0.278884 0.851133 0.282869 0.851133 0.282869 0.848975 0.286853 0.846818 0.286853 0.845739 0.288845 0.844660 0.290837 0.844660 0.290837 0.842503 0.292829 0.841424 0.300797 0.841424 0.300797 0.839266 0.302789 0.838188 0.310757 0.838188 0.312749 0.839266 0.312749 0.840345 0.318725 0.840345 0.318725 0.837109 0.320717 0.836030 0.322709 0.836030 0.322709 0.834951 0.324701 0.833873 0.328685 0.833873 0.330677 0.834951 0.330677 0.836030 0.336653 0.836030 0.336653 0.832794 0.338645 0.831715 0.342629 0.831715 0.344622 0.830636 0.348606 0.830636 0.348606 0.829558 0.350598 0.828479 0.356574 0.828479 0.360558 0.830636 0.360558 0.836030 0.358566 0.837109 0.358566 0.838188 0.356574 0.839266 0.348606 0.839266 0.348606 0.842503 0.352590 0.842503 0.354582 0.843581 0.354582 0.846818 0.352590 0.847896 0.352590 0.850054 0.350598 0.851133 0.342629 0.851133 0.338645 0.853290 0.336653 0.853290 0.336653 0.854369 0.334661 0.855448 0.334661 0.856526 0.332669 0.857605 0.330677 0.857605 0.326693 0.859763 0.320717 0.859763 0.320717 0.861920 0.322709 0.862999 0.322709 0.864078 0.324701 0.865156 0.324701 0.866235 0.326693 0.867314 0.326693 0.868393 0.330677 0.870550 0.330677 0.875944 0.332669 0.877023 0.334661 0.877023 0.336653 0.878101 0.336653 0.880259 0.332669 0.882416 0.330677 0.882416 0.330677 0.885653 0.328685 0.886731 0.326693 0.886731 0.324701 0.887810 0.320717 0.887810 0.318725 0.886731 0.308765 0.886731 0.308765 0.892125 0.304781 0.894283 0.300797 0.894283 0.300797 0.895361 0.298805 0.896440 0.296813 0.896440 0.288845 0.900755 0.286853 0.900755 0.284861 0.901834 0.282869 0.901834 0.280876 0.902913 0.278884 0.902913 0.276892 0.903991 0.270916 0.903991 0.270916 0.908306 0.272908 0.909385 0.272908 0.910464 0.274900 0.911543 0.274900 0.913700 0.280876 0.913700 0.280876 0.909385 0.282869 0.908306 0.282869 0.907228 0.284861 0.906149 0.286853 0.906149 0.288845 0.905070 0.288845 0.903991 0.290837 0.902913 0.292829 0.902913 0.298805 0.899676 0.300797 0.899676 0.300797 0.897519 0.302789 0.896440 0.308765 0.896440 0.310757 0.895361 0.312749 0.895361 0.314741 0.894283 0.318725 0.894283 0.320717 0.893204 0.322709 0.893204 0.322709 0.891046 0.324701 0.889968 0.328685 0.889968 0.330677 0.891046 0.330677 0.892125 0.332669 0.893204 0.342629 0.893204 0.344622 0.894283 0.344622 0.898598 0.346614 0.898598 0.350598 0.900755 0.350598 0.905070 0.348606 0.906149 0.348606 0.907228 0.346614 0.908306 0.344622 0.908306 0.344622 0.910464 0.338645 0.913700 0.338645 0.914779 0.334661 0.916936 0.334661 0.918015 0.332669 0.919094 0.332669 0.920173 0.326693 0.923409 0.324701 0.923409 0.324701 0.924488 0.320717 0.926645 0.320717 0.929881 0.318725 0.930960 0.318725 0.939590 0.320717 0.940669 0.320717 0.956850 0.322709 0.956850 0.324701 0.957929 0.324701 0.961165 0.328685 0.963323 0.330677 0.963323 0.332669 0.964401 0.332669 0.965480 0.334661 0.966559 0.340637 0.966559 0.342629 0.967638 0.342629 0.971953 0.344622 0.973031 0.344622 0.974110 0.346614 0.974110 0.348606 0.975189 0.348606 0.979504 0.350598 0.980583 0.350598 0.983819 0.352590 0.984898 0.352590 0.987055 0.356574 0.987055 0.356574 0.983819 0.354582 0.982740 0.354582 0.979504 0.352590 0.978425 0.352590 0.974110 0.350598 0.973031 0.350598 0.970874 0.348606 0.969795 0.348606 0.968716 0.346614 0.967638 0.342629 0.967638 0.340637 0.966559 0.340637 0.964401 0.338645 0.964401 0.336653 0.963323 0.334661 0.963323 0.332669 0.962244 0.332669 0.961165 0.330677 0.960086 0.330677 0.957929 0.328685 0.956850 0.328685 0.946063 0.326693 0.946063 0.324701 0.944984 0.324701 0.942826 0.326693 0.941748 0.326693 0.939590 0.324701 0.938511 0.324701 0.929881 0.328685 0.927724 0.330677 0.927724 0.330677 0.926645 0.334661 0.924488 0.334661 0.923409 0.342629 0.919094 0.344622 0.919094 0.350598 0.915858 0.352590 0.915858 0.356574 0.913700 0.364542 0.913700 0.372510 0.909385 0.374502 0.909385 0.374502 0.908306 0.380478 0.905070 0.380478 0.901834 0.372510 0.901834 0.370518 0.902913 0.362550 0.902913 0.358566 0.900755 0.358566 0.899676 0.356574 0.898598 0.356574 0.896440 0.354582 0.895361 0.354582 0.894283 0.350598 0.894283 0.348606 0.893204 0.348606 0.885653 0.346614 0.884574 0.346614 0.882416 0.350598 0.880259 0.356574 0.880259 0.360558 0.882416 0.360558 0.883495 0.362550 0.883495 0.366534 0.885653 0.366534 0.889968 0.370518 0.889968 0.370518 0.884574 0.368526 0.883495 0.368526 0.880259 0.372510 0.878101 0.372510 0.872708 0.374502 0.871629 0.374502 0.867314 0.376494 0.866235 0.378486 0.866235 0.380478 0.865156 0.380478 0.850054 0.382470 0.848975 0.384462 0.848975 0.386454 0.847896 0.390438 0.847896 0.392430 0.848975 0.392430 0.856526 0.394422 0.857605 0.394422 0.858684 0.398406 0.860841 0.398406 0.861920 0.400398 0.862999 0.400398 0.865156 0.402390 0.866235 0.402390 0.868393 0.404382 0.869471 0.404382 0.870550 0.408367 0.870550 0.410359 0.871629 0.410359 0.873786 0.412351 0.874865 0.412351 0.878101 0.410359 0.879180 0.404382 0.879180 0.404382 0.880259 0.402390 0.881338 0.400398 0.881338 0.400398 0.883495 0.410359 0.883495 0.412351 0.884574 0.412351 0.887810 0.410359 0.888889 0.408367 0.888889 0.406375 0.889968 0.402390 0.889968 0.394422 0.894283 0.390438 0.894283 0.390438 0.896440 0.406375 0.896440 0.408367 0.895361 0.414343 0.895361 0.416335 0.896440 0.416335 0.902913 0.414343 0.903991 0.410359 0.903991 0.410359 0.907228 0.412351 0.908306 0.412351 0.910464 0.406375 0.913700 0.400398 0.913700 0.400398 0.914779 0.398406 0.915858 0.392430 0.915858 0.390438 0.916936 0.388446 0.916936 0.388446 0.919094 0.390438 0.920173 0.392430 0.920173 0.394422 0.921251 0.394422 0.922330 0.396414 0.922330 0.398406 0.923409 0.398406 0.925566 0.402390 0.925566 0.404382 0.926645 0.408367 0.926645 0.410359 0.927724 0.410359 0.928803 0.412351 0.929881 0.412351 0.932039 0.414343 0.933118 0.414343 0.935275 0.412351 0.936354 0.412351 0.940669 0.414343 0.940669 0.416335 0.941748 0.416335 0.948220 0.418327 0.948220 0.426295 0.952535 0.426295 0.954693 0.430279 0.954693 0.432271 0.955771 0.432271 0.957929 0.430279 0.959008 0.430279 0.960086 0.428287 0.961165 0.426295 0.961165 0.426295 0.963323 0.424303 0.964401 0.424303 0.966559 0.430279 0.966559 0.430279 0.962244 0.432271 0.961165 0.440239 0.961165 0.440239 0.960086 0.442231 0.959008 0.448207 0.959008 0.450199 0.960086 0.450199 0.961165 0.452191 0.962244 0.452191 0.965480 0.456175 0.967638 0.456175 0.970874 0.458167 0.971953 0.458167 0.976268 0.454183 0.978425 0.454183 0.985976 0.452191 0.987055 0.452191 0.995685 0.454183 0.996764 0.462151 0.996764 0.462151 0.994606 0.464143 0.993528 0.464143 0.981661 0.466135 0.980583 0.466135 0.978425 0.464143 0.977346 0.464143 0.974110 0.462151 0.973031 0.462151 0.968716 0.460159 0.967638 0.460159 0.964401 0.462151 0.963323 0.462151 0.957929 0.456175 0.954693 0.456175 0.951456 0.458167 0.950378 0.458167 0.946063 0.460159 0.944984 0.464143 0.944984 0.464143 0.942826 0.466135 0.941748 0.466135 0.938511 0.464143 0.937433 0.464143 0.923409 0.462151 0.922330 0.462151 0.916936 0.464143 0.915858 0.470120 0.915858 0.470120 0.913700 0.466135 0.913700 0.464143 0.912621 0.464143 0.910464 0.466135 0.909385 0.468127 0.909385 0.468127 0.902913 0.466135 0.902913 0.464143 0.901834 0.464143 0.898598 0.462151 0.897519 0.462151 0.896440 0.460159 0.895361 0.460159 0.892125 0.464143 0.889968 0.470120 0.889968 0.470120 0.886731 0.468127 0.885653 0.468127 0.881338 0.464143 0.881338 0.460159 0.883495 0.454183 0.883495 0.452191 0.882416 0.446215 0.882416 0.446215 0.885653 0.442231 0.887810 0.436255 0.887810 0.434263 0.886731 0.434263 0.879180 0.436255 0.878101 0.436255 0.875944 0.438247 0.874865 0.440239 0.874865 0.440239 0.866235 0.444223 0.864078 0.448207 0.864078 0.450199 0.862999 0.450199 0.861920 0.452191 0.860841 0.454183 0.860841 0.456175 0.859763 0.458167 0.859763 0.458167 0.857605 0.462151 0.855448 0.466135 0.855448 0.466135 0.854369 0.468127 0.853290 0.480080 0.853290 0.484064 0.851133 0.486056 0.851133 0.488048 0.850054 0.488048 0.847896 0.490040 0.846818 0.494024 0.846818 0.494024 0.843581 0.496016 0.842503 0.496016 0.840345 0.490040 0.840345 0.488048 0.839266 0.488048 0.834951 0.490040 0.833873 0.496016 0.833873 0.496016 0.832794 0.498008 0.831715 0.503984 0.831715 0.505976 0.832794 0.505976 0.847896 0.507968 0.848975 0.507968 0.852211 0.505976 0.853290 0.505976 0.856526 0.511952 0.856526 0.511952 0.854369 0.513944 0.853290 0.517928 0.853290 0.517928 0.852211 0.519920 0.851133 0.525896 0.851133 0.527888 0.852211 0.527888 0.853290 0.529880 0.854369 0.529880 0.856526 0.535857 0.859763 0.537849 0.859763 0.543825 0.862999 0.555777 0.862999 0.557769 0.864078 0.557769 0.865156 0.559761 0.866235 0.561753 0.866235 0.565737 0.868393 0.569721 0.868393 0.569721 0.865156 0.567729 0.864078 0.565737 0.864078 0.563745 0.862999 0.557769 0.862999 0.555777 0.861920 0.555777 0.860841 0.553785 0.859763 0.551793 0.859763 0.549801 0.858684 0.545817 0.858684 0.539841 0.855448 0.537849 0.855448 0.535857 0.854369 0.535857 0.853290 0.531873 0.851133 0.531873 0.850054 0.529880 0.848975 0.529880 0.845739 0.527888 0.844660 0.527888 0.838188 0.529880 0.837109 0.529880 0.836030 0.531873 0.834951 0.531873 0.831715 0.533865 0.830636 0.535857 0.830636 0.535857 0.828479 0.537849 0.827400 0.539841 0.827400 0.545817 0.824164 0.547809 0.824164 0.547809 0.822006 0.549801 0.820928 0.551793 0.820928 0.551793 0.819849 0.553785 0.818770 0.553785 0.816613 0.555777 0.815534 0.555777 0.812298 0.557769 0.811219 0.557769 0.805825 0.555777 0.804746 0.555777 0.802589 0.559761 0.800431 0.559761 0.792880 0.561753 0.791802 0.563745 0.791802 0.563745 0.789644 0.561753 0.789644 0.559761 0.788565 0.559761 0.783172 0.561753 0.782093 0.565737 0.782093 0.565737 0.781014 0.567729 0.779935 0.567729 0.778857 0.569721 0.777778 0.575697 0.777778 0.581673 0.781014 0.585657 0.781014 0.585657 0.776699 0.579681 0.776699 0.577689 0.775620 0.577689 0.766990 0.581673 0.764833 0.585657 0.764833 0.585657 0.762675 0.591633 0.759439 0.591633 0.758360 0.595618 0.756203 0.597610 0.756203 0.597610 0.749730 0.599602 0.748652 0.599602 0.746494 0.601594 0.745415 0.601594 0.744337 0.603586 0.743258 0.611554 0.743258 0.613546 0.744337 0.613546 0.746494 0.621514 0.746494 0.623506 0.747573 0.623506 0.748652 0.625498 0.749730 0.625498 0.751888 0.627490 0.752967 0.627490 0.754045 0.639442 0.754045 0.641434 0.755124 0.653386 0.755124 0.655378 0.756203 0.655378 0.757282 0.657371 0.758360 0.657371 0.761597 0.653386 0.763754 0.647410 0.763754 0.647410 0.766990 0.655378 0.766990 0.657371 0.768069 0.657371 0.779935 0.663347 0.779935 0.665339 0.781014 0.665339 0.784250 0.663347 0.785329 0.659363 0.785329 0.659363 0.787487 0.661355 0.788565 0.661355 0.790723 0.659363 0.791802 0.659363 0.796117 0.655378 0.798274 0.647410 0.798274 0.645418 0.799353 0.645418 0.801510 0.647410 0.801510 0.649402 0.802589 0.649402 0.807983 0.647410 0.809061 0.641434 0.809061 0.641434 0.812298 0.647410 0.812298 0.649402 0.813376 0.649402 0.815534 0.653386 0.815534 0.655378 0.814455 0.657371 0.814455 0.657371 0.813376 0.659363 0.812298 0.663347 0.812298 0.665339 0.813376 0.665339 0.814455 0.669323 0.814455 0.669323 0.813376 0.671315 0.812298 0.679283 0.812298 0.681275 0.813376 0.685259 0.813376 0.687251 0.812298 0.687251 0.810140 0.683267 0.807983 0.683267 0.805825 0.681275 0.805825 0.677291 0.803668 0.677291 0.801510 0.679283 0.800431 0.681275 0.800431 0.683267 0.799353 0.693227 0.799353 0.693227 0.789644 0.697211 0.787487 0.703187 0.787487 0.705179 0.788565 0.705179 0.789644 0.707171 0.790723 0.707171 0.792880 0.709163 0.793959 0.709163 0.795038 0.711155 0.795038 0.713147 0.796117 0.713147 0.798274 0.715139 0.799353 0.715139 0.801510 0.717131 0.802589 0.717131 0.803668 0.719124 0.804746 0.719124 0.806904 0.721116 0.806904 0.723108 0.807983 0.723108 0.813376 0.725100 0.814455 0.725100 0.816613 0.727092 0.817691 0.727092 0.819849 0.729084 0.820928 0.729084 0.824164 0.731076 0.825243 0.731076 0.830636 0.733068 0.831715 0.733068 0.832794 0.735060 0.832794 0.737052 0.833873 0.737052 0.834951 0.739044 0.836030 0.739044 0.837109 0.741036 0.838188 0.741036 0.842503 0.743028 0.843581 0.743028 0.844660 0.745020 0.845739 0.749004 0.845739 0.749004 0.843581 0.747012 0.842503 0.747012 0.840345 0.745020 0.839266 0.745020 0.837109 0.743028 0.836030 0.743028 0.834951 0.741036 0.833873 0.741036 0.831715 0.739044 0.830636 0.739044 0.829558 0.737052 0.828479 0.737052 0.827400 0.733068 0.825243 0.733068 0.817691 0.731076 0.816613 0.731076 0.814455 0.729084 0.813376 0.729084 0.810140 0.727092 0.809061 0.727092 0.807983 0.725100 0.807983 0.723108 0.806904 0.723108 0.798274 0.721116 0.797195 0.721116 0.793959 0.725100 0.791802 0.737052 0.791802 0.739044 0.792880 0.739044 0.795038 0.741036 0.796117 0.741036 0.798274 0.745020 0.798274 0.745020 0.797195 0.749004 0.795038 0.750996 0.795038 0.750996 0.788565 0.752988 0.787487 0.754980 0.787487 0.756972 0.786408 0.762948 0.786408 0.762948 0.775620 0.764940 0.774542 0.764940 0.765912 0.762948 0.764833 0.762948 0.756203 0.754980 0.756203 0.752988 0.755124 0.752988 0.752967 0.750996 0.751888 0.750996 0.744337 0.749004 0.744337 0.747012 0.743258 0.747012 0.742179 0.745020 0.741100 0.745020 0.738943 0.743028 0.737864 0.743028 0.735707 0.739044 0.735707 0.737052 0.734628 0.737052 0.733549 0.735060 0.732470 0.735060 0.718447 0.737052 0.717368 0.741036 0.717368 0.741036 0.714132 0.739044 0.713053 0.739044 0.711974 0.735060 0.709817 0.735060 0.687163 0.733068 0.687163 0.729084 0.685005 0.729084 0.683927 0.723108 0.683927 0.719124 0.681769 0.719124 0.677454 0.717131 0.676375 0.717131 0.672060 0.715139 0.670982 0.715139 0.667745 0.717131 0.666667 0.721116 0.666667 0.721116 0.664509 0.715139 0.664509 0.713147 0.663430 0.713147 0.661273 0.715139 0.660194 0.721116 0.660194 0.721116 0.658037 0.715139 0.654800 0.715139 0.653722 0.711155 0.651564 0.711155 0.646170 0.713147 0.645092 0.713147 0.641855 0.715139 0.640777 0.715139 0.633225 0.717131 0.632147 0.723108 0.632147 0.727092 0.634304 0.729084 0.634304 0.731076 0.635383 0.737052 0.635383 0.739044 0.636462 0.739044 0.637540 0.741036 0.638619 0.750996 0.638619 0.752988 0.639698 0.754980 0.639698 0.756972 0.640777 0.756972 0.641855 0.762948 0.641855 0.764940 0.642934 0.766932 0.642934 0.768924 0.644013 0.768924 0.647249 0.772908 0.647249 0.774900 0.648328 0.774900 0.649407 0.776892 0.650485 0.776892 0.652643 0.778884 0.653722 0.784861 0.653722 0.786853 0.654800 0.786853 0.656958 0.790837 0.659115 0.798805 0.659115 0.800797 0.660194 0.800797 0.661273 0.804781 0.663430 0.810757 0.663430 0.812749 0.664509 0.812749 0.667745 0.816733 0.667745 0.818725 0.668824 0.818725 0.670982 0.820717 0.672060 0.820717 0.674218 0.826693 0.674218 0.828685 0.675297 0.838645 0.675297 0.838645 0.672060 0.836653 0.672060 0.832669 0.669903 0.832669 0.668824 0.826693 0.668824 0.816733 0.663430 0.814741 0.663430 0.812749 0.662352 0.812749 0.660194 0.806773 0.660194 0.804781 0.659115 0.804781 0.656958 0.800797 0.656958 0.798805 0.655879 0.798805 0.654800 0.792829 0.651564 0.788845 0.651564 0.786853 0.650485 0.786853 0.647249 0.784861 0.647249 0.782869 0.646170 0.782869 0.644013 0.780876 0.642934 0.780876 0.636462 0.782869 0.635383 0.782869 0.632147 0.784861 0.631068 0.786853 0.631068 0.786853 0.627832 0.780876 0.627832 0.780876 0.628910 0.778884 0.629989 0.778884 0.635383 0.776892 0.636462 0.772908 0.636462 0.770916 0.635383 0.770916 0.629989 0.766932 0.629989 0.766932 0.638619 0.764940 0.639698 0.758964 0.639698 0.756972 0.638619 0.756972 0.637540 0.752988 0.637540 0.750996 0.636462 0.750996 0.635383 0.747012 0.635383 0.745020 0.634304 0.737052 0.634304 0.727092 0.628910 0.727092 0.627832 0.725100 0.627832 0.719124 0.624595 0.719124 0.613808 0.717131 0.612729 0.717131 0.603020 0.715139 0.601942 0.715139 0.599784 0.713147 0.599784 0.709163 0.597627 0.709163 0.586839 0.707171 0.585761 0.707171 0.581446 0.705179 0.580367 0.705179 0.572816 0.697211 0.572816 0.695219 0.571737 0.695219 0.553398 0.697211 0.552319 0.701195 0.552319 0.703187 0.553398 0.707171 0.553398 0.709163 0.552319 0.731076 0.552319 0.733068 0.551241 0.747012 0.551241 0.749004 0.552319 0.752988 0.552319 0.754980 0.551241 0.758964 0.551241 0.760956 0.552319 0.770916 0.552319 0.772908 0.553398 0.776892 0.553398 0.778884 0.552319 0.782869 0.552319 0.784861 0.553398 0.788845 0.553398 0.790837 0.552319 0.794821 0.552319 0.794821 0.550162 0.792829 0.549083 0.790837 0.549083 0.788845 0.548004 0.778884 0.548004 0.776892 0.546926 0.776892 0.545847 0.772908 0.545847 0.770916 0.546926 0.766932 0.546926 0.764940 0.545847 0.764940 0.544768 0.760956 0.544768 0.758964 0.545847 0.754980 0.545847 0.752988 0.544768 0.752988 0.543689 0.749004 0.543689 0.749004 0.544768 0.747012 0.545847 0.733068 0.545847 0.731076 0.544768 0.723108 0.544768 0.721116 0.543689 0.709163 0.543689 0.707171 0.542611 0.697211 0.542611 0.695219 0.541532 0.695219 0.540453 0.691235 0.540453 0.691235 0.541532 0.689243 0.542611 0.687251 0.542611 0.685259 0.543689 0.677291 0.543689 0.675299 0.542611 0.667331 0.542611 0.667331 0.543689 0.665339 0.544768 0.661355 0.544768 0.659363 0.543689 0.659363 0.542611 0.655378 0.542611 0.655378 0.543689 0.653386 0.544768 0.649402 0.544768 0.647410 0.543689 0.643426 0.543689 0.643426 0.545847 0.641434 0.546926 0.637450 0.546926 0.635458 0.545847 0.631474 0.545847 0.629482 0.546926 0.615538 0.546926 0.613546 0.545847 0.609562 0.545847 0.607570 0.546926 0.603586 0.546926 0.601594 0.545847 0.597610 0.545847 0.595618 0.546926 0.591633 0.546926 0.589641 0.545847 0.589641 0.538296 0.585657 0.538296 0.585657 0.542611 0.583665 0.543689 0.579681 0.543689 0.577689 0.542611 0.577689 0.535059 0.573705 0.535059 0.573705 0.542611 0.571713 0.543689 0.567729 0.543689 0.567729 0.545847 0.565737 0.546926 0.561753 0.546926 0.559761 0.545847 0.559761 0.544768 0.555777 0.544768 0.553785 0.543689 0.553785 0.538296 0.555777 0.537217 0.555777 0.535059 0.551793 0.535059 0.551793 0.537217 0.549801 0.538296 0.549801 0.541532 0.547809 0.542611 0.543825 0.542611 0.541833 0.541532 0.541833 0.540453 0.537849 0.540453 0.537849 0.541532 0.535857 0.542611 0.527888 0.542611 0.527888 0.546926 0.541833 0.546926 0.543825 0.548004 0.543825 0.553398 0.541833 0.554477 0.533865 0.554477 0.531873 0.553398 0.531873 0.552319 0.527888 0.552319 0.525896 0.551241 0.525896 0.550162 0.521912 0.550162 0.521912 0.552319 0.519920 0.553398 0.515936 0.553398 0.511952 0.551241 0.511952 0.546926 0.509960 0.545847 0.509960 0.542611 0.511952 0.541532 0.519920 0.541532 0.519920 0.536138 0.511952 0.536138 0.509960 0.535059 0.509960 0.532902 0.511952 0.531823 0.519920 0.531823 0.519920 0.519957 0.517928 0.519957 0.515936 0.518878 0.515936 0.516721 0.517928 0.515642 0.519920 0.515642 0.519920 0.500539 0.521912 0.499461 0.525896 0.499461 0.527888 0.500539 0.527888 0.515642 0.531873 0.515642 0.531873 0.496224 0.535857 0.494067 0.537849 0.494067 0.537849 0.491909 0.539841 0.490831 0.539841 0.488673 0.537849 0.487594 0.537849 0.484358 0.539841 0.483279 0.539841 0.473571 0.541833 0.472492 0.543825 0.472492 0.543825 0.462783 0.545817 0.461704 0.545817 0.456311 0.547809 0.455232 0.549801 0.455232 0.551793 0.454153 0.551793 0.451996 0.553785 0.450917 0.555777 0.450917 0.555777 0.442287 0.557769 0.441208 0.557769 0.434736 0.555777 0.433657 0.555777 0.428263 0.545817 0.428263 0.541833 0.426106 0.541833 0.425027 0.539841 0.423948 0.533865 0.423948 0.531873 0.425027 0.531873 0.428263 0.529880 0.429342 0.527888 0.429342 0.519920 0.433657 0.515936 0.433657 0.513944 0.434736 0.505976 0.434736 0.503984 0.433657 0.503984 0.386192 0.505976 0.385113 0.513944 0.385113 0.515936 0.386192 0.515936 0.392665 0.525896 0.392665 0.527888 0.393743 0.527888 0.396980 0.531873 0.396980 0.531873 0.394822 0.533865 0.393743 0.537849 0.393743 0.539841 0.394822 0.539841 0.404531 0.543825 0.404531 0.543825 0.393743 0.545817 0.392665 0.549801 0.392665 0.551793 0.393743 0.551793 0.411003 0.555777 0.411003 0.555777 0.398058 0.557769 0.396980 0.565737 0.396980 0.567729 0.398058 0.567729 0.399137 0.571713 0.399137 0.573705 0.400216 0.573705 0.405609 0.575697 0.406688 0.575697 0.407767 0.583665 0.407767 0.585657 0.408846 0.585657 0.409924 0.593625 0.409924 0.597610 0.412082 0.597610 0.416397 0.605578 0.416397 0.607570 0.417476 0.611554 0.417476 0.613546 0.418554 0.617530 0.418554 0.617530 0.417476 0.619522 0.416397 0.619522 0.403452 0.621514 0.402373 0.625498 0.402373 0.627490 0.403452 0.627490 0.419633 0.625498 0.420712 0.619522 0.420712 0.619522 0.422869 0.621514 0.422869 0.629482 0.427184 0.629482 0.430421 0.635458 0.430421 0.637450 0.431499 0.637450 0.435814 0.635458 0.436893 0.633466 0.436893 0.633466 0.440129 0.637450 0.440129 0.637450 0.437972 0.639442 0.436893 0.647410 0.436893 0.649402 0.437972 0.649402 0.441208 0.647410 0.442287 0.645418 0.442287 0.645418 0.445523 0.649402 0.445523 0.649402 0.444444 0.651394 0.443366 0.659363 0.443366 0.661355 0.444444 0.661355 0.449838 0.663347 0.449838 0.665339 0.450917 0.671315 0.450917 0.673307 0.451996 0.673307 0.455232 0.675299 0.456311 0.683267 0.456311 0.685259 0.457389 0.685259 0.462783 0.687251 0.463862 0.687251 0.464941 0.695219 0.464941 0.695219 0.460626 0.693227 0.459547 0.693227 0.456311 0.695219 0.455232 0.695219 0.449838 0.691235 0.449838 0.691235 0.454153 0.689243 0.455232 0.681275 0.455232 0.679283 0.454153 0.679283 0.449838 0.675299 0.447681 0.675299 0.446602 0.673307 0.445523 0.673307 0.444444 0.669323 0.444444 0.667331 0.443366 0.667331 0.442287 0.665339 0.441208 0.663347 0.441208 0.659363 0.439051 0.659363 0.436893 0.655378 0.436893 0.649402 0.433657 0.649402 0.429342 0.643426 0.429342 0.641434 0.428263 0.641434 0.427184 0.639442 0.426106 0.633466 0.426106 0.631474 0.425027 0.631474 0.417476 0.633466 0.416397 0.641434 0.416397 0.645418 0.418554 0.645418 0.419633 0.649402 0.419633 0.651394 0.418554 0.659363 0.418554 0.659363 0.405609 0.661355 0.404531 0.667331 0.404531 0.669323 0.405609 0.669323 0.412082 0.673307 0.412082 0.673307 0.405609 0.675299 0.404531 0.679283 0.404531 0.681275 0.403452 0.687251 0.403452 0.691235 0.405609 0.701195 0.405609 0.703187 0.406688 0.703187 0.407767 0.707171 0.407767 0.707171 0.402373 0.709163 0.401294 0.713147 0.401294 0.715139 0.402373 0.715139 0.406688 0.719124 0.406688 0.719124 0.402373 0.721116 0.401294 0.725100 0.401294 0.727092 0.402373 0.727092 0.406688 0.731076 0.406688 0.731076 0.403452 0.735060 0.401294 0.743028 0.401294 0.745020 0.402373 0.752988 0.402373 0.754980 0.403452 0.760956 0.403452 0.762948 0.404531 0.762948 0.405609 0.766932 0.405609 0.766932 0.404531 0.768924 0.403452 0.772908 0.403452 0.774900 0.404531 0.774900 0.406688 0.778884 0.406688 0.778884 0.404531 0.780876 0.403452 0.784861 0.403452 0.786853 0.404531 0.786853 0.405609 0.790837 0.405609 0.790837 0.404531 0.792829 0.403452 0.808765 0.403452 0.808765 0.401294 0.810757 0.400216 0.814741 0.400216 0.816733 0.401294 0.818725 0.401294 0.820717 0.402373 0.820717 0.405609 0.826693 0.405609 0.828685 0.406688 0.830677 0.406688 0.832669 0.407767 0.832669 0.408846 0.840637 0.408846 0.840637 0.404531 0.842629 0.403452 0.848606 0.403452 0.848606 0.400216 0.850598 0.399137 0.854582 0.399137 0.854582 0.398058 0.856574 0.396980 0.860558 0.396980 0.862550 0.398058 0.862550 0.401294 0.864542 0.402373 0.866534 0.402373 0.868526 0.403452 0.868526 0.406688 0.872510 0.406688 0.874502 0.405609 0.878486 0.405609 0.880478 0.406688 0.884462 0.406688 0.886454 0.405609 0.890438 0.405609 0.892430 0.406688 0.892430 0.407767 0.896414 0.407767 0.898406 0.406688 0.906375 0.406688 0.906375 0.404531 0.902390 0.404531 0.900398 0.403452 0.900398 0.402373 0.898406 0.401294 0.896414 0.401294 0.894422 0.400216 0.894422 0.399137 0.886454 0.399137 0.884462 0.398058 0.880478 0.398058 0.878486 0.396980 0.874502 0.396980 0.872510 0.395901 0.866534 0.395901 0.864542 0.394822 0.856574 0.394822 0.854582 0.393743 0.854582 0.392665 0.848606 0.392665 0.848606 0.393743 0.846614 0.394822 0.834661 0.394822 0.830677 0.392665 0.830677 0.390507 0.826693 0.390507 0.824701 0.389428 0.824701 0.377562 0.820717 0.377562 0.820717 0.388350 0.818725 0.389428 0.814741 0.389428 0.812749 0.388350 0.804781 0.388350 0.802789 0.387271 0.802789 0.381877 0.792829 0.381877 0.790837 0.380798 0.790837 0.372168 0.792829 0.371090 0.808765 0.371090 0.810757 0.372168 0.810757 0.374326 0.814741 0.374326 0.814741 0.373247 0.816733 0.372168 0.820717 0.372168 0.822709 0.373247 0.830677 0.373247 0.832669 0.374326 0.832669 0.388350 0.836653 0.388350 0.836653 0.374326 0.838645 0.373247 0.842629 0.373247 0.844622 0.374326 0.844622 0.376483 0.848606 0.376483 0.848606 0.374326 0.850598 0.373247 0.854582 0.373247 0.854582 0.331176 0.856574 0.330097 0.860558 0.330097 0.862550 0.331176 0.862550 0.335491 0.864542 0.336570 0.866534 0.336570 0.868526 0.337648 0.868526 0.348436 0.866534 0.349515 0.862550 0.349515 0.862550 0.358145 0.864542 0.359223 0.864542 0.361381 0.862550 0.362460 0.862550 0.373247 0.866534 0.373247 0.868526 0.374326 0.868526 0.375405 0.872510 0.375405 0.872510 0.373247 0.874502 0.372168 0.878486 0.372168 0.880478 0.373247 0.880478 0.375405 0.884462 0.375405 0.884462 0.374326 0.886454 0.373247 0.890438 0.373247 0.892430 0.374326 0.892430 0.375405 0.896414 0.375405 0.898406 0.374326 0.908367 0.374326 0.908367 0.372168 0.910359 0.371090 0.914343 0.371090 0.914343 0.367853 0.916335 0.366775 0.924303 0.366775 0.926295 0.367853 0.926295 0.371090 0.930279 0.371090 0.930279 0.368932 0.928287 0.368932 0.926295 0.367853 0.926295 0.363538 0.910359 0.363538 0.908367 0.362460 0.904382 0.362460 0.902390 0.361381 0.902390 0.358145 0.906375 0.355987 0.908367 0.355987 0.908367 0.354908 0.910359 0.353830 0.910359 0.351672 0.908367 0.350593 0.908367 0.345200 0.904382 0.345200 0.904382 0.349515 0.902390 0.350593 0.898406 0.350593 0.896414 0.349515 0.896414 0.335491 0.898406 0.334412 0.902390 0.334412 0.904382 0.335491 0.904382 0.339806 0.908367 0.339806 0.908367 0.333333 0.910359 0.332255 0.914343 0.332255 0.916335 0.331176 0.932271 0.331176 0.934263 0.330097 0.938247 0.330097 0.938247 0.329018 0.940239 0.327940 0.948207 0.327940 0.948207 0.326861 0.950199 0.325782 0.950199 0.324703 0.952191 0.323625 0.954183 0.323625 0.954183 0.318231 0.956175 0.317152 0.956175 0.316073 0.960159 0.313916 0.966135 0.313916 0.966135 0.304207 0.968127 0.303128 0.968127 0.302050 0.970120 0.300971 0.970120 0.298813 0.972112 0.297735 0.972112 0.295577 0.970120 0.295577 0.968127 0.294498 0.968127 0.276160 0.964143 0.276160 0.964143 0.288026 0.962151 0.289105 0.958167 0.289105 0.956175 0.288026 0.956175 0.277238 0.954183 0.276160 0.954183 0.272923 0.956175 0.271845 0.956175 0.258900 0.958167 0.257821 0.962151 0.257821 0.964143 0.258900 0.964143 0.268608 0.968127 0.268608 0.968127 0.254585 0.972112 0.252427 0.974104 0.252427 0.974104 0.239482 0.970120 0.239482 0.968127 0.238403 0.968127 0.236246 0.964143 0.236246 0.964143 0.237325 0.962151 0.238403 0.958167 0.238403 0.956175 0.237325 0.956175 0.235167 0.952191 0.235167 0.952191 0.238403 0.950199 0.239482 0.946215 0.239482 0.944223 0.238403 0.944223 0.235167 0.942231 0.235167 0.940239 0.234088 0.940239 0.230852 0.942231 0.229773 0.944223 0.229773 0.944223 0.192017 0.946215 0.190939 0.950199 0.190939 0.952191 0.192017 0.952191 0.230852 0.956175 0.230852 0.956175 0.173679 0.948207 0.173679 0.946215 0.172600 0.936255 0.172600 0.934263 0.171521 0.928287 0.171521 0.928287 0.200647 0.926295 0.201726 0.912351 0.201726 0.910359 0.200647 0.910359 0.173679 0.906375 0.173679 0.906375 0.196332 0.904382 0.197411 0.900398 0.197411 0.898406 0.196332 0.898406 0.174757 0.894422 0.174757 0.894422 0.198490 0.902390 0.198490 0.904382 0.199569 0.904382 0.203883 0.902390 0.204962 0.894422 0.204962 0.894422 0.207120 0.892430 0.208198 0.888446 0.208198 0.886454 0.207120 0.886454 0.173679 0.882470 0.173679 0.882470 0.226537 0.880478 0.227616 0.876494 0.227616 0.874502 0.226537 0.874502 0.172600 0.870518 0.172600 0.870518 0.230852 0.878486 0.230852 0.880478 0.231931 0.880478 0.234088 0.878486 0.235167 0.870518 0.235167 0.870518 0.243797 0.868526 0.244876 0.864542 0.244876 0.864542 0.251348 0.862550 0.252427 0.858566 0.252427 0.856574 0.251348 0.856574 0.244876 0.854582 0.244876 0.850598 0.242718 0.850598 0.202805 0.846614 0.202805 0.846614 0.242718 0.844622 0.243797 0.840637 0.243797 0.838645 0.242718 0.838645 0.234088 0.834661 0.234088 0.834661 0.242718 0.832669 0.243797 0.828685 0.243797 0.826693 0.242718 0.826693 0.235167 0.824701 0.235167 0.822709 0.234088 0.822709 0.230852 0.824701 0.229773 0.826693 0.229773 0.826693 0.203883 0.828685 0.202805 0.832669 0.202805 0.834661 0.203883 0.834661 0.229773 0.838645 0.229773 0.838645 0.202805 0.840637 0.201726 0.840637 0.198490 0.842629 0.197411 0.850598 0.197411 0.850598 0.177994 0.852590 0.176915 0.852590 0.171521 0.846614 0.171521 0.846614 0.173679 0.844622 0.174757 0.830677 0.174757 0.828685 0.173679 0.828685 0.171521 0.824701 0.171521 0.822709 0.170442 0.822709 0.166127 0.818725 0.166127 0.816733 0.165049 0.816733 0.157497 0.812749 0.157497 0.812749 0.166127 0.810757 0.167206 0.806773 0.167206 0.806773 0.170442 0.804781 0.171521 0.800797 0.171521 0.798805 0.170442 0.798805 0.166127 0.794821 0.166127 0.792829 0.165049 0.792829 0.145631 0.794821 0.144552 0.798805 0.144552 0.800797 0.143474 0.800797 0.139159 0.802789 0.138080 0.810757 0.138080 0.812749 0.139159 0.812749 0.141316 0.816733 0.141316 0.816733 0.139159 0.814741 0.139159 0.812749 0.138080 0.812749 0.135922 0.814741 0.134844 0.816733 0.134844 0.816733 0.128371 0.818725 0.127292 0.822709 0.127292 0.824701 0.128371 0.824701 0.163970 0.828685 0.163970 0.828685 0.162891 0.830677 0.161812 0.834661 0.161812 0.836653 0.162891 0.836653 0.163970 0.840637 0.163970 0.840637 0.112190 0.842629 0.111111 0.846614 0.111111 0.848606 0.112190 0.848606 0.114347 0.852590 0.114347 0.852590 0.103560 0.854582 0.102481 0.858566 0.102481 0.858566 0.078749 0.856574 0.077670 0.854582 0.077670 0.852590 0.076591 0.852590 0.046386 0.848606 0.046386 0.848606 0.075512 0.850598 0.076591 0.850598 0.078749 0.846614 0.080906 0.842629 0.080906 0.840637 0.079827 0.840637 0.067961 0.836653 0.067961 0.836653 0.084142 0.838645 0.085221 0.838645 0.088457 0.836653 0.089536 0.834661 0.089536 0.830677 0.091694 0.826693 0.091694 0.826693 0.096009 0.824701 0.097087 0.818725 0.097087 0.816733 0.096009 0.816733 0.067961 0.812749 0.067961 0.812749 0.069040 0.810757 0.070119 0.796813 0.070119 0.794821 0.069040 0.794821 0.066882 0.796813 0.065804 0.806773 0.065804 0.806773 0.056095 0.796813 0.056095 0.794821 0.055016 0.794821 0.047465 0.790837 0.047465 0.790837 0.056095 0.798805 0.056095 0.800797 0.057174 0.800797 0.060410 0.798805 0.061489 0.790837 0.061489 0.790837 0.067961 0.788845 0.069040 0.784861 0.069040 0.782869 0.067961 0.782869 0.044229 0.778884 0.044229 0.778884 0.085221 0.776892 0.086300 0.776892 0.087379 0.772908 0.089536 0.772908 0.090615 0.768924 0.092772 0.766932 0.092772 0.766932 0.096009 0.764940 0.097087 0.762948 0.097087 0.762948 0.099245 0.758964 0.101402 0.758964 0.102481 0.756972 0.103560 0.754980 0.103560 0.754980 0.105717 0.752988 0.106796 0.750996 0.106796 0.750996 0.108954 0.749004 0.110032 0.749004 0.111111 0.747012 0.112190 0.747012 0.113269 0.745020 0.114347 0.745020 0.115426 0.743028 0.116505 0.737052 0.116505 0.735060 0.115426 0.735060 0.108954 0.731076 0.108954 0.731076 0.122977 0.735060 0.125135 0.735060 0.127292 0.733068 0.128371 0.731076 0.128371 0.731076 0.129450 0.729084 0.130529 0.725100 0.130529 0.723108 0.129450 0.723108 0.107875 0.721116 0.107875 0.719124 0.106796 0.719124 0.104639 0.721116 0.103560 0.723108 0.103560 0.723108 0.094930 0.725100 0.093851 0.729084 0.093851 0.731076 0.094930 0.731076 0.101402 0.735060 0.101402 0.735060 0.087379 0.727092 0.087379 0.725100 0.086300 0.725100 0.085221 0.723108 0.084142 0.723108 0.074434 0.719124 0.074434 0.719124 0.084142 0.715139 0.086300 0.715139 0.088457 0.713147 0.089536 0.713147 0.096009 0.711155 0.097087 0.707171 0.097087 0.707171 0.101402 0.705179 0.102481 0.701195 0.102481 0.701195 0.107875 0.699203 0.108954 0.699203 0.110032 0.697211 0.111111 0.693227 0.111111 0.691235 0.112190 0.683267 0.112190 0.683267 0.118662 0.687251 0.118662 0.689243 0.119741 0.689243 0.125135 0.687251 0.126214 0.687251 0.128371 0.685259 0.129450 0.683267 0.129450 0.683267 0.133765 0.681275 0.134844 0.675299 0.134844 0.675299 0.137001 0.677291 0.138080 0.677291 0.143474 0.675299 0.144552 0.675299 0.145631 0.673307 0.146710 0.667331 0.146710 0.665339 0.145631 0.665339 0.103560 0.661355 0.103560 0.661355 0.112190 0.659363 0.113269 0.655378 0.113269 0.653386 0.112190 0.649402 0.112190 0.649402 0.133765 0.647410 0.134844 0.643426 0.134844 0.641434 0.133765 0.641434 0.117584 0.637450 0.117584 0.637450 0.131607 0.635458 0.132686 0.635458 0.137001 0.645418 0.137001 0.647410 0.138080 0.647410 0.139159 0.649402 0.140237 0.649402 0.155340 0.647410 0.156419 0.643426 0.156419 0.641434 0.155340 0.641434 0.141316 0.637450 0.141316 0.637450 0.145631 0.635458 0.146710 0.635458 0.149946 0.633466 0.151025 0.631474 0.151025 0.631474 0.169364 0.633466 0.169364 0.635458 0.170442 0.635458 0.172600 0.631474 0.174757 0.631474 0.175836 0.629482 0.176915 0.629482 0.179072 0.631474 0.180151 0.631474 0.183387 0.629482 0.184466 0.623506 0.184466 0.621514 0.183387 0.621514 0.170442 0.613546 0.170442 0.611554 0.169364 0.611554 0.167206 0.613546 0.166127 0.621514 0.166127 0.621514 0.157497 0.623506 0.156419 0.623506 0.114347 0.621514 0.113269 0.621514 0.110032 0.623506 0.108954 0.623506 0.078749 0.619522 0.078749 0.617530 0.079827 0.617530 0.081985 0.615538 0.083064 0.607570 0.083064 0.605578 0.081985 0.605578 0.061489 0.607570 0.060410 0.607570 0.058252 0.597610 0.058252 0.595618 0.057174 0.595618 0.045307 0.591633 0.045307 0.591633 0.056095 0.589641 0.057174 0.585657 0.057174 0.583665 0.056095 0.583665 0.044229 0.579681 0.044229 0.579681 0.048544 0.577689 0.049622 0.569721 0.049622 0.567729 0.048544 0.567729 0.046386 0.565737 0.046386 0.561753 0.044229 0.561753 0.043150 0.559761 0.042071 0.559761 0.012945 0.561753 0.011866 0.561753 0.000000