0 0.588342 0.909871 0.588342 0.912017 0.590164 0.913090 0.590164 0.914163 0.591985 0.915236 0.591985 0.916309 0.593807 0.917382 0.593807 0.921674 0.595628 0.922747 0.595628 0.923820 0.597450 0.924893 0.599271 0.924893 0.602914 0.927039 0.602914 0.928112 0.606557 0.928112 0.606557 0.924893 0.602914 0.922747 0.602914 0.920601 0.601093 0.919528 0.601093 0.918455 0.599271 0.917382 0.599271 0.915236 0.597450 0.914163 0.597450 0.913090 0.595628 0.913090 0.593807 0.912017 0.593807 0.910944 0.591985 0.909871
0 0.275046 0.880901 0.273224 0.881974 0.269581 0.881974 0.269581 0.885193 0.271403 0.885193 0.273224 0.886266 0.273224 0.889485 0.271403 0.890558 0.265938 0.890558 0.265938 0.891631 0.264117 0.892704 0.264117 0.895923 0.269581 0.895923 0.269581 0.893777 0.271403 0.892704 0.278689 0.892704 0.278689 0.891631 0.280510 0.890558 0.282332 0.890558 0.284153 0.889485 0.284153 0.887339 0.282332 0.886266 0.282332 0.880901
0 0.879781 0.801502 0.879781 0.806867 0.881603 0.807940 0.888889 0.807940 0.890710 0.809013 0.890710 0.811159 0.903461 0.811159 0.903461 0.809013 0.899818 0.809013 0.897996 0.807940 0.897996 0.806867 0.896175 0.806867 0.894353 0.805794 0.892532 0.805794 0.890710 0.804721 0.890710 0.803648 0.888889 0.803648 0.887067 0.802575 0.887067 0.801502
0 0.677596 0.518240 0.675774 0.519313 0.661202 0.519313 0.661202 0.521459 0.664845 0.521459 0.666667 0.522532 0.666667 0.523605 0.668488 0.524678 0.668488 0.526824 0.675774 0.526824 0.677596 0.527897 0.681239 0.527897 0.681239 0.518240
0 0.185792 0.509657 0.185792 0.548283 0.189435 0.548283 0.189435 0.509657
0 0.806922 0.506438 0.806922 0.536481 0.810565 0.536481 0.810565 0.506438
0 0.428051 0.480687 0.426230 0.481760 0.413479 0.481760 0.413479 0.493562 0.411658 0.494635 0.408015 0.494635 0.408015 0.496781 0.413479 0.496781 0.413479 0.493562 0.415301 0.492489 0.424408 0.492489 0.424408 0.489270 0.426230 0.488197 0.426230 0.484979 0.428051 0.483906 0.431694 0.483906 0.431694 0.480687
0 0.163934 0.460300 0.163934 0.501073 0.167577 0.501073 0.167577 0.460300
0 0.313297 0.459227 0.313297 0.490343 0.316940 0.490343 0.316940 0.459227
0 0.302368 0.459227 0.302368 0.490343 0.306011 0.490343 0.306011 0.459227
0 0.774135 0.447425 0.774135 0.530043 0.775956 0.531116 0.775956 0.534335 0.783242 0.534335 0.785064 0.535408 0.785064 0.552575 0.788707 0.552575 0.788707 0.534335 0.790528 0.533262 0.790528 0.531116 0.788707 0.530043 0.788707 0.472103 0.785064 0.472103 0.785064 0.531116 0.783242 0.532189 0.779599 0.532189 0.777778 0.531116 0.777778 0.447425
0 0.398907 0.443133 0.398907 0.482833 0.402550 0.482833 0.402550 0.443133
0 0.216758 0.443133 0.216758 0.476395 0.220401 0.476395 0.220401 0.443133
0 0.153005 0.443133 0.153005 0.500000 0.156648 0.500000 0.156648 0.443133
0 0.826958 0.440987 0.826958 0.490343 0.828780 0.491416 0.828780 0.500000 0.830601 0.501073 0.830601 0.506438 0.828780 0.507511 0.826958 0.507511 0.826958 0.509657 0.830601 0.509657 0.830601 0.505365 0.832423 0.504292 0.834244 0.504292 0.836066 0.503219 0.836066 0.501073 0.837887 0.500000 0.837887 0.494635 0.839709 0.493562 0.841530 0.493562 0.841530 0.490343 0.834244 0.490343 0.832423 0.489270 0.832423 0.480687 0.830601 0.479614 0.830601 0.440987
0 0.826958 0.358369 0.826958 0.364807 0.825137 0.365880 0.825137 0.372318 0.826958 0.373391 0.826958 0.384120 0.830601 0.384120 0.830601 0.373391 0.832423 0.372318 0.841530 0.372318 0.841530 0.370172 0.832423 0.370172 0.830601 0.369099 0.830601 0.366953 0.832423 0.365880 0.841530 0.365880 0.841530 0.362661 0.832423 0.362661 0.830601 0.361588 0.830601 0.358369
0 0.183971 0.253219 0.183971 0.280043 0.187614 0.280043 0.187614 0.253219
0 0.162113 0.252146 0.162113 0.280043 0.165756 0.280043 0.165756 0.252146
0 0.183971 0.210300 0.183971 0.242489 0.187614 0.242489 0.187614 0.210300
0 0.214936 0.189914 0.214936 0.209227 0.213115 0.210300 0.209472 0.210300 0.207650 0.209227 0.207650 0.204936 0.204007 0.204936 0.204007 0.216738 0.213115 0.216738 0.214936 0.217811 0.214936 0.219957 0.213115 0.221030 0.200364 0.221030 0.198543 0.219957 0.194900 0.219957 0.194900 0.222103 0.202186 0.222103 0.204007 0.223176 0.204007 0.238197 0.202186 0.239270 0.194900 0.239270 0.194900 0.242489 0.202186 0.242489 0.204007 0.243562 0.213115 0.243562 0.214936 0.244635 0.214936 0.246781 0.218579 0.246781 0.218579 0.189914
0 0.941712 0.187768 0.939891 0.188841 0.932605 0.188841 0.932605 0.197425 0.930783 0.198498 0.927140 0.198498 0.925319 0.197425 0.925319 0.196352 0.921676 0.196352 0.921676 0.202790 0.925319 0.202790 0.927140 0.201717 0.930783 0.201717 0.932605 0.202790 0.932605 0.244635 0.936248 0.244635 0.936248 0.223176 0.938069 0.222103 0.941712 0.222103 0.943534 0.223176 0.943534 0.244635 0.947177 0.244635 0.947177 0.213519 0.938069 0.213519 0.936248 0.212446 0.936248 0.210300 0.938069 0.209227 0.947177 0.209227 0.947177 0.201717 0.948998 0.200644 0.961749 0.200644 0.963570 0.201717 0.963570 0.215665 0.967213 0.215665 0.967213 0.187768 0.963570 0.187768 0.961749 0.188841 0.948998 0.188841 0.947177 0.187768
0 0.985428 0.186695 0.985428 0.243562 0.989071 0.243562 0.989071 0.186695
0 0.214936 0.064378 0.214936 0.121245 0.218579 0.121245 0.218579 0.064378
0 0.985428 0.061159 0.983607 0.062232 0.983607 0.109442 0.985428 0.110515 0.985428 0.123391 0.983607 0.124464 0.983607 0.128755 0.985428 0.129828 0.985428 0.179185 0.989071 0.179185 0.989071 0.141631 0.990893 0.140558 0.994536 0.140558 0.996357 0.141631 0.996357 0.179185 0.998179 0.179185 0.998179 0.119099 0.990893 0.119099 0.989071 0.118026 0.989071 0.112661 0.990893 0.111588 0.998179 0.111588 0.998179 0.109442 0.990893 0.109442 0.989071 0.108369 0.989071 0.106223 0.990893 0.105150 0.998179 0.105150 0.998179 0.063305 0.990893 0.063305 0.989071 0.062232 0.989071 0.061159
0 0.983607 0.000000 0.983607 0.009657 0.985428 0.010730 0.985428 0.020386 0.983607 0.021459 0.983607 0.053648 0.998179 0.053648 0.998179 0.003219 0.994536 0.003219 0.994536 0.004292 0.992714 0.005365 0.989071 0.005365 0.987250 0.004292 0.987250 0.000000
0 0.234973 0.000000 0.234973 0.026824 0.240437 0.026824 0.242259 0.025751 0.249545 0.025751 0.251366 0.026824 0.251366 0.030043 0.249545 0.031116 0.234973 0.031116 0.234973 0.053648 0.236794 0.054721 0.236794 0.057940 0.240437 0.057940 0.242259 0.056867 0.269581 0.056867 0.273224 0.059013 0.273224 0.062232 0.271403 0.063305 0.264117 0.063305 0.262295 0.064378 0.256831 0.064378 0.256831 0.065451 0.255009 0.066524 0.242259 0.066524 0.240437 0.065451 0.240437 0.064378 0.236794 0.064378 0.236794 0.079399 0.234973 0.080472 0.234973 0.096567 0.236794 0.097639 0.236794 0.115880 0.244080 0.115880 0.245902 0.116953 0.245902 0.121245 0.244080 0.122318 0.242259 0.122318 0.242259 0.125536 0.240437 0.126609 0.236794 0.126609 0.236794 0.139485 0.234973 0.140558 0.231330 0.140558 0.231330 0.145923 0.229508 0.146996 0.225865 0.146996 0.224044 0.145923 0.224044 0.138412 0.220401 0.136266 0.220401 0.135193 0.218579 0.134120 0.218579 0.126609 0.214936 0.126609 0.214936 0.133047 0.213115 0.134120 0.209472 0.134120 0.207650 0.133047 0.205829 0.133047 0.204007 0.131974 0.204007 0.128755 0.198543 0.128755 0.196721 0.127682 0.194900 0.127682 0.193078 0.126609 0.193078 0.125536 0.191257 0.124464 0.191257 0.123391 0.187614 0.123391 0.185792 0.122318 0.185792 0.119099 0.173042 0.119099 0.171220 0.118026 0.171220 0.110515 0.167577 0.110515 0.165756 0.109442 0.165756 0.101931 0.162113 0.101931 0.162113 0.105150 0.160291 0.106223 0.156648 0.106223 0.153005 0.104077 0.149362 0.104077 0.149362 0.106223 0.153005 0.108369 0.153005 0.109442 0.158470 0.109442 0.160291 0.110515 0.160291 0.114807 0.162113 0.115880 0.163934 0.115880 0.167577 0.118026 0.167577 0.120172 0.173042 0.120172 0.174863 0.121245 0.174863 0.123391 0.176685 0.124464 0.176685 0.125536 0.178506 0.126609 0.178506 0.128755 0.182149 0.128755 0.183971 0.129828 0.183971 0.150215 0.191257 0.150215 0.193078 0.151288 0.193078 0.154506 0.196721 0.154506 0.196721 0.151288 0.198543 0.150215 0.202186 0.150215 0.204007 0.151288 0.204007 0.152361 0.207650 0.152361 0.209472 0.151288 0.213115 0.151288 0.214936 0.152361 0.216758 0.152361 0.218579 0.153433 0.218579 0.156652 0.216758 0.157725 0.214936 0.157725 0.214936 0.180258 0.218579 0.180258 0.218579 0.157725 0.220401 0.156652 0.222222 0.156652 0.222222 0.153433 0.224044 0.152361 0.224044 0.150215 0.225865 0.149142 0.229508 0.149142 0.231330 0.150215 0.231330 0.162017 0.233151 0.162017 0.236794 0.164163 0.236794 0.183476 0.238616 0.183476 0.240437 0.184549 0.240437 0.185622 0.242259 0.186695 0.242259 0.188841 0.249545 0.188841 0.251366 0.189914 0.251366 0.192060 0.249545 0.193133 0.247723 0.193133 0.247723 0.196352 0.245902 0.197425 0.242259 0.197425 0.240437 0.196352 0.240437 0.192060 0.236794 0.192060 0.236794 0.216738 0.238616 0.216738 0.240437 0.217811 0.240437 0.219957 0.238616 0.221030 0.236794 0.221030 0.236794 0.229614 0.234973 0.230687 0.231330 0.230687 0.231330 0.232833 0.234973 0.232833 0.236794 0.233906 0.236794 0.247854 0.234973 0.248927 0.231330 0.248927 0.231330 0.252146 0.234973 0.252146 0.236794 0.253219 0.236794 0.260730 0.234973 0.261803 0.231330 0.261803 0.231330 0.263948 0.233151 0.263948 0.234973 0.265021 0.234973 0.266094 0.236794 0.267167 0.236794 0.278970 0.234973 0.280043 0.231330 0.280043 0.231330 0.300429 0.229508 0.301502 0.225865 0.301502 0.224044 0.300429 0.222222 0.300429 0.220401 0.299356 0.220401 0.285408 0.222222 0.284335 0.224044 0.284335 0.224044 0.281116 0.222222 0.281116 0.218579 0.278970 0.218579 0.265021 0.220401 0.263948 0.220401 0.253219 0.222222 0.252146 0.224044 0.252146 0.224044 0.248927 0.220401 0.248927 0.220401 0.252146 0.218579 0.253219 0.204007 0.253219 0.204007 0.255365 0.205829 0.256438 0.205829 0.262876 0.204007 0.263948 0.200364 0.263948 0.198543 0.262876 0.198543 0.258584 0.194900 0.258584 0.194900 0.267167 0.202186 0.267167 0.204007 0.268240 0.204007 0.275751 0.202186 0.276824 0.194900 0.276824 0.194900 0.278970 0.198543 0.278970 0.198543 0.277897 0.200364 0.276824 0.213115 0.276824 0.214936 0.277897 0.214936 0.282189 0.213115 0.283262 0.204007 0.283262 0.202186 0.284335 0.194900 0.284335 0.194900 0.310086 0.198543 0.310086 0.198543 0.297210 0.200364 0.296137 0.204007 0.296137 0.205829 0.297210 0.205829 0.311159 0.204007 0.312232 0.200364 0.312232 0.200364 0.314378 0.202186 0.315451 0.202186 0.319742 0.200364 0.320815 0.200364 0.322961 0.194900 0.326180 0.189435 0.326180 0.187614 0.325107 0.187614 0.317597 0.183971 0.317597 0.183971 0.328326 0.185792 0.328326 0.187614 0.329399 0.187614 0.331545 0.183971 0.333691 0.182149 0.333691 0.182149 0.334764 0.180328 0.335837 0.180328 0.339056 0.176685 0.341202 0.176685 0.342275 0.174863 0.343348 0.173042 0.343348 0.171220 0.344421 0.169399 0.344421 0.169399 0.346567 0.167577 0.347639 0.162113 0.347639 0.162113 0.349785 0.160291 0.350858 0.160291 0.351931 0.158470 0.353004 0.158470 0.354077 0.154827 0.356223 0.153005 0.356223 0.151184 0.357296 0.151184 0.358369 0.149362 0.359442 0.149362 0.363734 0.147541 0.364807 0.145719 0.364807 0.145719 0.371245 0.147541 0.372318 0.147541 0.379828 0.149362 0.380901 0.149362 0.381974 0.151184 0.383047 0.151184 0.385193 0.149362 0.386266 0.142077 0.386266 0.142077 0.389485 0.145719 0.389485 0.147541 0.388412 0.151184 0.388412 0.153005 0.389485 0.153005 0.390558 0.154827 0.390558 0.156648 0.391631 0.156648 0.394850 0.154827 0.395923 0.153005 0.395923 0.153005 0.437768 0.156648 0.437768 0.156648 0.406652 0.158470 0.405579 0.165756 0.405579 0.167577 0.406652 0.167577 0.409871 0.165756 0.410944 0.163934 0.410944 0.163934 0.436695 0.167577 0.436695 0.167577 0.425966 0.169399 0.424893 0.182149 0.424893 0.183971 0.425966 0.183971 0.428112 0.187614 0.428112 0.187614 0.418455 0.189435 0.417382 0.193078 0.417382 0.194900 0.418455 0.194900 0.435622 0.198543 0.435622 0.198543 0.417382 0.200364 0.416309 0.204007 0.416309 0.205829 0.417382 0.205829 0.435622 0.209472 0.435622 0.209472 0.414163 0.211293 0.413090 0.214936 0.413090 0.216758 0.414163 0.216758 0.434549 0.220401 0.434549 0.220401 0.412017 0.222222 0.410944 0.225865 0.410944 0.225865 0.404506 0.227687 0.403433 0.231330 0.403433 0.233151 0.404506 0.233151 0.410944 0.236794 0.410944 0.238616 0.412017 0.238616 0.422747 0.242259 0.422747 0.242259 0.421674 0.244080 0.420601 0.256831 0.420601 0.258652 0.421674 0.258652 0.434549 0.256831 0.435622 0.244080 0.435622 0.242259 0.434549 0.238616 0.434549 0.238616 0.436695 0.236794 0.437768 0.233151 0.437768 0.233151 0.446352 0.236794 0.446352 0.238616 0.447425 0.242259 0.447425 0.244080 0.446352 0.253188 0.446352 0.255009 0.445279 0.267760 0.445279 0.269581 0.446352 0.273224 0.446352 0.273224 0.445279 0.275046 0.444206 0.289617 0.444206 0.291439 0.445279 0.291439 0.463519 0.295082 0.463519 0.295082 0.444206 0.296903 0.443133 0.300546 0.443133 0.302368 0.444206 0.302368 0.445279 0.306011 0.445279 0.306011 0.444206 0.307832 0.443133 0.311475 0.443133 0.313297 0.444206 0.313297 0.445279 0.316940 0.445279 0.316940 0.444206 0.318761 0.443133 0.322404 0.443133 0.324226 0.444206 0.324226 0.445279 0.327869 0.445279 0.327869 0.444206 0.329690 0.443133 0.336976 0.443133 0.338798 0.444206 0.342441 0.444206 0.344262 0.445279 0.347905 0.445279 0.349727 0.444206 0.353370 0.444206 0.355191 0.445279 0.355191 0.446352 0.358834 0.446352 0.358834 0.445279 0.360656 0.444206 0.364299 0.444206 0.366120 0.445279 0.366120 0.457082 0.369763 0.457082 0.369763 0.445279 0.371585 0.444206 0.375228 0.444206 0.377049 0.445279 0.377049 0.447425 0.380692 0.447425 0.380692 0.442060 0.375228 0.442060 0.373406 0.440987 0.373406 0.437768 0.371585 0.437768 0.369763 0.436695 0.369763 0.425966 0.371585 0.424893 0.375228 0.424893 0.377049 0.425966 0.377049 0.435622 0.380692 0.435622 0.380692 0.427039 0.382514 0.425966 0.382514 0.424893 0.384335 0.423820 0.386157 0.423820 0.387978 0.422747 0.397086 0.422747 0.398907 0.423820 0.398907 0.436695 0.402550 0.436695 0.402550 0.424893 0.404372 0.423820 0.408015 0.423820 0.409836 0.424893 0.409836 0.435622 0.422587 0.435622 0.424408 0.436695 0.424408 0.439914 0.422587 0.440987 0.418944 0.440987 0.418944 0.442060 0.417122 0.443133 0.409836 0.443133 0.409836 0.476395 0.413479 0.476395 0.413479 0.444206 0.415301 0.443133 0.418944 0.443133 0.420765 0.444206 0.420765 0.475322 0.424408 0.475322 0.424408 0.449571 0.426230 0.448498 0.429872 0.448498 0.431694 0.449571 0.431694 0.454936 0.435337 0.454936 0.435337 0.444206 0.437158 0.443133 0.438980 0.443133 0.438980 0.434549 0.440801 0.433476 0.444444 0.433476 0.446266 0.434549 0.446266 0.435622 0.448087 0.436695 0.448087 0.439914 0.446266 0.440987 0.446266 0.443133 0.449909 0.443133 0.451730 0.444206 0.451730 0.472103 0.460838 0.472103 0.462659 0.473176 0.462659 0.478541 0.459016 0.480687 0.457195 0.480687 0.457195 0.486052 0.459016 0.486052 0.460838 0.487124 0.460838 0.493562 0.459016 0.494635 0.453552 0.494635 0.453552 0.498927 0.455373 0.498927 0.457195 0.500000 0.457195 0.504292 0.455373 0.505365 0.451730 0.505365 0.451730 0.531116 0.453552 0.532189 0.453552 0.554721 0.451730 0.555794 0.442623 0.555794 0.440801 0.554721 0.440801 0.545064 0.438980 0.545064 0.435337 0.542918 0.435337 0.533262 0.437158 0.532189 0.440801 0.532189 0.440801 0.528970 0.438980 0.528970 0.435337 0.526824 0.435337 0.524678 0.437158 0.523605 0.437158 0.517167 0.435337 0.516094 0.435337 0.510730 0.437158 0.509657 0.444444 0.509657 0.444444 0.507511 0.437158 0.507511 0.435337 0.506438 0.435337 0.505365 0.431694 0.505365 0.429872 0.504292 0.429872 0.501073 0.431694 0.500000 0.431694 0.497854 0.428051 0.497854 0.426230 0.498927 0.426230 0.503219 0.428051 0.504292 0.428051 0.506438 0.426230 0.507511 0.420765 0.507511 0.418944 0.508584 0.417122 0.508584 0.417122 0.510730 0.418944 0.510730 0.420765 0.511803 0.420765 0.518240 0.418944 0.519313 0.415301 0.519313 0.413479 0.518240 0.413479 0.516094 0.411658 0.516094 0.409836 0.515021 0.409836 0.513948 0.404372 0.513948 0.402550 0.515021 0.397086 0.515021 0.397086 0.516094 0.395264 0.517167 0.393443 0.517167 0.393443 0.521459 0.391621 0.522532 0.387978 0.522532 0.386157 0.521459 0.386157 0.494635 0.382514 0.494635 0.380692 0.493562 0.380692 0.491416 0.382514 0.490343 0.384335 0.490343 0.384335 0.488197 0.386157 0.487124 0.386157 0.482833 0.378871 0.482833 0.377049 0.481760 0.377049 0.479614 0.378871 0.478541 0.386157 0.478541 0.386157 0.476395 0.387978 0.475322 0.387978 0.473176 0.384335 0.473176 0.382514 0.472103 0.382514 0.468884 0.380692 0.467811 0.380692 0.451717 0.377049 0.451717 0.377049 0.466738 0.375228 0.467811 0.366120 0.467811 0.364299 0.468884 0.355191 0.468884 0.355191 0.471030 0.364299 0.471030 0.366120 0.472103 0.366120 0.474249 0.364299 0.475322 0.346084 0.475322 0.346084 0.479614 0.353370 0.479614 0.355191 0.480687 0.360656 0.480687 0.360656 0.478541 0.362477 0.477468 0.369763 0.477468 0.371585 0.478541 0.371585 0.492489 0.369763 0.493562 0.360656 0.493562 0.360656 0.494635 0.358834 0.495708 0.355191 0.495708 0.353370 0.494635 0.353370 0.490343 0.346084 0.490343 0.344262 0.489270 0.344262 0.482833 0.340619 0.482833 0.340619 0.497854 0.344262 0.497854 0.344262 0.496781 0.346084 0.495708 0.349727 0.495708 0.351548 0.496781 0.351548 0.500000 0.360656 0.500000 0.362477 0.501073 0.366120 0.501073 0.366120 0.495708 0.367942 0.494635 0.371585 0.494635 0.373406 0.495708 0.373406 0.506438 0.371585 0.507511 0.367942 0.507511 0.366120 0.506438 0.366120 0.505365 0.362477 0.505365 0.362477 0.508584 0.360656 0.509657 0.357013 0.509657 0.355191 0.508584 0.355191 0.505365 0.351548 0.505365 0.351548 0.509657 0.349727 0.510730 0.346084 0.510730 0.344262 0.509657 0.344262 0.505365 0.340619 0.505365 0.340619 0.528970 0.355191 0.528970 0.357013 0.530043 0.357013 0.548283 0.360656 0.548283 0.360656 0.537554 0.362477 0.536481 0.366120 0.536481 0.367942 0.537554 0.367942 0.539700 0.369763 0.540773 0.369763 0.542918 0.371585 0.542918 0.373406 0.543991 0.373406 0.548283 0.371585 0.549356 0.371585 0.551502 0.373406 0.552575 0.373406 0.557940 0.375228 0.559013 0.375228 0.565451 0.377049 0.566524 0.377049 0.569742 0.378871 0.570815 0.378871 0.578326 0.380692 0.579399 0.380692 0.584764 0.382514 0.584764 0.384335 0.585837 0.384335 0.590129 0.382514 0.591202 0.378871 0.591202 0.378871 0.601931 0.377049 0.603004 0.373406 0.603004 0.371585 0.601931 0.371585 0.570815 0.367942 0.570815 0.367942 0.597639 0.366120 0.598712 0.362477 0.598712 0.360656 0.597639 0.360656 0.584764 0.357013 0.584764 0.357013 0.595494 0.355191 0.596567 0.351548 0.596567 0.349727 0.595494 0.349727 0.589056 0.346084 0.589056 0.346084 0.593348 0.344262 0.594421 0.336976 0.594421 0.335155 0.593348 0.335155 0.587983 0.333333 0.587983 0.329690 0.585837 0.329690 0.580472 0.320583 0.580472 0.316940 0.578326 0.316940 0.575107 0.315118 0.574034 0.313297 0.574034 0.307832 0.570815 0.307832 0.568670 0.302368 0.568670 0.302368 0.569742 0.300546 0.570815 0.293260 0.570815 0.293260 0.575107 0.291439 0.576180 0.284153 0.576180 0.282332 0.575107 0.282332 0.572961 0.276867 0.569742 0.273224 0.569742 0.269581 0.567597 0.269581 0.566524 0.265938 0.566524 0.264117 0.565451 0.264117 0.550429 0.260474 0.550429 0.260474 0.557940 0.258652 0.559013 0.255009 0.559013 0.253188 0.557940 0.253188 0.552575 0.249545 0.552575 0.247723 0.551502 0.247723 0.548283 0.249545 0.547210 0.253188 0.547210 0.253188 0.541845 0.244080 0.541845 0.242259 0.540773 0.242259 0.515021 0.238616 0.515021 0.238616 0.525751 0.236794 0.526824 0.227687 0.526824 0.225865 0.525751 0.225865 0.522532 0.222222 0.522532 0.220401 0.521459 0.220401 0.518240 0.214936 0.518240 0.214936 0.524678 0.216758 0.525751 0.216758 0.527897 0.218579 0.527897 0.220401 0.528970 0.220401 0.531116 0.222222 0.532189 0.222222 0.534335 0.224044 0.535408 0.224044 0.539700 0.225865 0.540773 0.225865 0.545064 0.224044 0.546137 0.222222 0.546137 0.222222 0.549356 0.227687 0.549356 0.229508 0.550429 0.229508 0.552575 0.234973 0.555794 0.234973 0.565451 0.242259 0.565451 0.244080 0.566524 0.244080 0.569742 0.242259 0.570815 0.238616 0.570815 0.238616 0.575107 0.244080 0.575107 0.247723 0.577253 0.247723 0.582618 0.245902 0.583691 0.238616 0.583691 0.238616 0.587983 0.236794 0.589056 0.234973 0.589056 0.234973 0.604077 0.233151 0.605150 0.229508 0.605150 0.227687 0.604077 0.227687 0.600858 0.225865 0.599785 0.225865 0.597639 0.224044 0.597639 0.222222 0.596567 0.211293 0.596567 0.211293 0.599785 0.209472 0.600858 0.209472 0.604077 0.207650 0.605150 0.202186 0.605150 0.200364 0.604077 0.200364 0.599785 0.196721 0.599785 0.196721 0.601931 0.194900 0.603004 0.191257 0.603004 0.189435 0.601931 0.185792 0.601931 0.183971 0.600858 0.176685 0.600858 0.174863 0.599785 0.174863 0.597639 0.165756 0.597639 0.163934 0.596567 0.158470 0.596567 0.156648 0.595494 0.149362 0.595494 0.147541 0.594421 0.147541 0.586910 0.143898 0.586910 0.143898 0.592275 0.142077 0.593348 0.138434 0.593348 0.136612 0.592275 0.136612 0.589056 0.132969 0.589056 0.132969 0.592275 0.131148 0.593348 0.127505 0.593348 0.127505 0.615880 0.125683 0.616953 0.120219 0.616953 0.120219 0.619099 0.122040 0.620172 0.122040 0.621245 0.123862 0.621245 0.125683 0.622318 0.125683 0.623391 0.127505 0.624464 0.127505 0.625536 0.129326 0.626609 0.129326 0.627682 0.131148 0.628755 0.131148 0.634120 0.129326 0.635193 0.129326 0.637339 0.127505 0.638412 0.122040 0.638412 0.120219 0.637339 0.120219 0.631974 0.116576 0.631974 0.114754 0.633047 0.109290 0.633047 0.107468 0.631974 0.107468 0.627682 0.103825 0.625536 0.103825 0.623391 0.105647 0.622318 0.105647 0.620172 0.102004 0.620172 0.102004 0.621245 0.100182 0.622318 0.094718 0.622318 0.092896 0.621245 0.092896 0.620172 0.085610 0.620172 0.085610 0.622318 0.091075 0.622318 0.092896 0.623391 0.092896 0.624464 0.096539 0.626609 0.098361 0.626609 0.103825 0.629828 0.105647 0.629828 0.107468 0.630901 0.107468 0.635193 0.111111 0.635193 0.112933 0.636266 0.112933 0.640558 0.114754 0.641631 0.114754 0.642704 0.116576 0.643777 0.116576 0.644850 0.118397 0.645923 0.118397 0.646996 0.120219 0.648069 0.120219 0.651288 0.122040 0.652361 0.122040 0.653433 0.123862 0.653433 0.125683 0.654506 0.125683 0.655579 0.127505 0.656652 0.127505 0.657725 0.129326 0.658798 0.129326 0.662017 0.127505 0.663090 0.127505 0.666309 0.131148 0.668455 0.132969 0.668455 0.134791 0.669528 0.134791 0.671674 0.132969 0.672747 0.129326 0.672747 0.129326 0.674893 0.127505 0.675966 0.123862 0.675966 0.122040 0.674893 0.107468 0.674893 0.107468 0.675966 0.105647 0.677039 0.102004 0.677039 0.100182 0.675966 0.100182 0.674893 0.096539 0.674893 0.096539 0.675966 0.094718 0.677039 0.087432 0.677039 0.085610 0.675966 0.081967 0.675966 0.078324 0.673820 0.051002 0.673820 0.049180 0.672747 0.034608 0.672747 0.032787 0.673820 0.030965 0.673820 0.030965 0.675966 0.051002 0.675966 0.052823 0.677039 0.072860 0.677039 0.074681 0.678112 0.074681 0.679185 0.083789 0.679185 0.085610 0.680258 0.085610 0.681330 0.094718 0.681330 0.096539 0.682403 0.100182 0.682403 0.102004 0.683476 0.102004 0.685622 0.100182 0.686695 0.096539 0.686695 0.096539 0.690987 0.102004 0.690987 0.103825 0.689914 0.111111 0.689914 0.112933 0.688841 0.122040 0.688841 0.122040 0.685622 0.123862 0.684549 0.127505 0.684549 0.129326 0.685622 0.129326 0.689914 0.142077 0.689914 0.142077 0.688841 0.143898 0.687768 0.147541 0.687768 0.149362 0.688841 0.149362 0.694206 0.147541 0.695279 0.142077 0.695279 0.140255 0.696352 0.134791 0.696352 0.134791 0.710300 0.142077 0.710300 0.143898 0.711373 0.143898 0.713519 0.142077 0.714592 0.134791 0.714592 0.134791 0.717811 0.132969 0.718884 0.131148 0.718884 0.129326 0.719957 0.118397 0.719957 0.116576 0.718884 0.116576 0.714592 0.112933 0.714592 0.112933 0.718884 0.111111 0.719957 0.092896 0.719957 0.091075 0.718884 0.091075 0.717811 0.087432 0.717811 0.085610 0.716738 0.085610 0.712446 0.081967 0.712446 0.081967 0.714592 0.080146 0.715665 0.076503 0.715665 0.076503 0.718884 0.074681 0.719957 0.067395 0.719957 0.065574 0.721030 0.060109 0.721030 0.058288 0.719957 0.052823 0.719957 0.051002 0.721030 0.040073 0.721030 0.038251 0.719957 0.038251 0.718884 0.032787 0.718884 0.032787 0.721030 0.034608 0.722103 0.036430 0.722103 0.038251 0.723176 0.041894 0.723176 0.043716 0.724249 0.043716 0.726395 0.041894 0.727468 0.032787 0.727468 0.032787 0.731760 0.040073 0.731760 0.041894 0.732833 0.047359 0.732833 0.049180 0.733906 0.049180 0.734979 0.052823 0.734979 0.052823 0.733906 0.054645 0.732833 0.058288 0.732833 0.060109 0.733906 0.060109 0.736052 0.063752 0.736052 0.063752 0.733906 0.065574 0.732833 0.069217 0.732833 0.069217 0.730687 0.071038 0.729614 0.074681 0.729614 0.076503 0.730687 0.076503 0.732833 0.080146 0.732833 0.081967 0.733906 0.081967 0.734979 0.085610 0.734979 0.087432 0.733906 0.091075 0.733906 0.092896 0.734979 0.092896 0.736052 0.096539 0.736052 0.096539 0.734979 0.098361 0.733906 0.102004 0.733906 0.103825 0.734979 0.103825 0.736052 0.105647 0.736052 0.107468 0.737124 0.107468 0.738197 0.112933 0.738197 0.114754 0.739270 0.114754 0.741416 0.112933 0.742489 0.109290 0.742489 0.105647 0.744635 0.098361 0.744635 0.096539 0.745708 0.096539 0.746781 0.094718 0.747854 0.083789 0.747854 0.081967 0.748927 0.080146 0.748927 0.078324 0.750000 0.076503 0.750000 0.076503 0.751073 0.074681 0.752146 0.061931 0.752146 0.058288 0.754292 0.056466 0.754292 0.054645 0.755365 0.054645 0.756438 0.051002 0.758584 0.049180 0.758584 0.047359 0.759657 0.045537 0.759657 0.043716 0.760730 0.043716 0.761803 0.041894 0.762876 0.036430 0.762876 0.036430 0.763948 0.032787 0.766094 0.025501 0.766094 0.025501 0.768240 0.041894 0.768240 0.043716 0.769313 0.043716 0.771459 0.047359 0.771459 0.049180 0.772532 0.049180 0.773605 0.052823 0.773605 0.052823 0.772532 0.054645 0.771459 0.058288 0.771459 0.060109 0.772532 0.060109 0.773605 0.063752 0.773605 0.063752 0.772532 0.065574 0.771459 0.080146 0.771459 0.081967 0.772532 0.098361 0.772532 0.100182 0.773605 0.100182 0.775751 0.098361 0.776824 0.092896 0.776824 0.092896 0.781116 0.096539 0.781116 0.096539 0.777897 0.098361 0.776824 0.103825 0.776824 0.103825 0.775751 0.105647 0.774678 0.116576 0.774678 0.116576 0.773605 0.118397 0.772532 0.123862 0.772532 0.125683 0.771459 0.132969 0.771459 0.134791 0.772532 0.134791 0.785408 0.138434 0.785408 0.138434 0.772532 0.140255 0.771459 0.143898 0.771459 0.145719 0.772532 0.145719 0.782189 0.147541 0.783262 0.147541 0.785408 0.143898 0.787554 0.140255 0.787554 0.140255 0.789700 0.138434 0.790773 0.107468 0.790773 0.105647 0.791845 0.103825 0.791845 0.102004 0.792918 0.056466 0.792918 0.056466 0.796137 0.058288 0.796137 0.060109 0.797210 0.060109 0.798283 0.063752 0.798283 0.065574 0.799356 0.065574 0.801502 0.069217 0.801502 0.069217 0.799356 0.071038 0.798283 0.074681 0.798283 0.076503 0.799356 0.076503 0.802575 0.074681 0.803648 0.074681 0.805794 0.072860 0.806867 0.065574 0.806867 0.065574 0.810086 0.074681 0.810086 0.076503 0.811159 0.076503 0.814378 0.074681 0.815451 0.065574 0.815451 0.063752 0.816524 0.049180 0.816524 0.047359 0.817597 0.030965 0.817597 0.030965 0.819742 0.049180 0.819742 0.051002 0.818670 0.060109 0.818670 0.061931 0.817597 0.067395 0.817597 0.069217 0.818670 0.069217 0.820815 0.067395 0.821888 0.065574 0.821888 0.065574 0.824034 0.063752 0.825107 0.060109 0.825107 0.058288 0.824034 0.058288 0.822961 0.051002 0.822961 0.051002 0.826180 0.052823 0.826180 0.054645 0.827253 0.054645 0.833691 0.060109 0.833691 0.061931 0.834764 0.061931 0.840129 0.065574 0.840129 0.065574 0.834764 0.067395 0.833691 0.069217 0.833691 0.069217 0.831545 0.071038 0.830472 0.074681 0.830472 0.076503 0.831545 0.076503 0.834764 0.080146 0.834764 0.081967 0.835837 0.081967 0.836910 0.085610 0.836910 0.085610 0.834764 0.087432 0.833691 0.091075 0.833691 0.092896 0.834764 0.092896 0.836910 0.096539 0.836910 0.096539 0.834764 0.098361 0.833691 0.102004 0.833691 0.103825 0.834764 0.103825 0.835837 0.107468 0.835837 0.109290 0.836910 0.109290 0.839056 0.105647 0.841202 0.103825 0.841202 0.103825 0.844421 0.098361 0.847639 0.094718 0.847639 0.092896 0.846567 0.092896 0.844421 0.089253 0.844421 0.089253 0.846567 0.083789 0.849785 0.078324 0.849785 0.078324 0.853004 0.080146 0.853004 0.081967 0.854077 0.081967 0.856223 0.096539 0.856223 0.096539 0.854077 0.098361 0.853004 0.102004 0.853004 0.103825 0.854077 0.103825 0.856223 0.107468 0.856223 0.107468 0.854077 0.109290 0.853004 0.112933 0.853004 0.112933 0.850858 0.114754 0.849785 0.123862 0.849785 0.123862 0.847639 0.125683 0.846567 0.138434 0.846567 0.140255 0.847639 0.140255 0.849785 0.149362 0.849785 0.151184 0.850858 0.176685 0.850858 0.178506 0.849785 0.182149 0.849785 0.183971 0.850858 0.187614 0.850858 0.189435 0.851931 0.189435 0.855150 0.193078 0.855150 0.193078 0.853004 0.194900 0.851931 0.198543 0.851931 0.198543 0.850858 0.200364 0.849785 0.204007 0.849785 0.205829 0.850858 0.205829 0.853004 0.204007 0.854077 0.200364 0.854077 0.200364 0.856223 0.204007 0.856223 0.204007 0.854077 0.205829 0.853004 0.213115 0.853004 0.214936 0.854077 0.214936 0.857296 0.213115 0.858369 0.205829 0.858369 0.205829 0.860515 0.209472 0.860515 0.211293 0.859442 0.220401 0.859442 0.222222 0.860515 0.224044 0.860515 0.225865 0.861588 0.225865 0.864807 0.224044 0.865880 0.222222 0.865880 0.222222 0.869099 0.225865 0.869099 0.225865 0.864807 0.227687 0.863734 0.229508 0.863734 0.229508 0.843348 0.231330 0.842275 0.236794 0.842275 0.238616 0.843348 0.238616 0.850858 0.244080 0.850858 0.245902 0.851931 0.245902 0.854077 0.244080 0.855150 0.238616 0.855150 0.238616 0.862661 0.240437 0.862661 0.242259 0.863734 0.242259 0.864807 0.247723 0.864807 0.247723 0.861588 0.249545 0.860515 0.253188 0.860515 0.255009 0.861588 0.255009 0.862661 0.258652 0.862661 0.260474 0.861588 0.267760 0.861588 0.267760 0.859442 0.269581 0.858369 0.273224 0.858369 0.275046 0.859442 0.275046 0.863734 0.278689 0.863734 0.278689 0.857296 0.280510 0.856223 0.284153 0.856223 0.285974 0.855150 0.293260 0.855150 0.295082 0.854077 0.296903 0.854077 0.298725 0.853004 0.306011 0.853004 0.307832 0.851931 0.320583 0.851931 0.322404 0.853004 0.331512 0.853004 0.333333 0.854077 0.333333 0.857296 0.331512 0.858369 0.327869 0.858369 0.327869 0.860515 0.331512 0.860515 0.333333 0.861588 0.333333 0.863734 0.331512 0.864807 0.329690 0.864807 0.327869 0.865880 0.327869 0.866953 0.324226 0.869099 0.322404 0.869099 0.322404 0.870172 0.320583 0.871245 0.313297 0.871245 0.311475 0.870172 0.311475 0.866953 0.307832 0.866953 0.307832 0.872318 0.304189 0.874464 0.300546 0.874464 0.300546 0.885193 0.298725 0.886266 0.296903 0.886266 0.296903 0.887339 0.295082 0.888412 0.295082 0.889485 0.293260 0.890558 0.293260 0.892704 0.298725 0.892704 0.300546 0.893777 0.300546 0.898069 0.298725 0.899142 0.295082 0.899142 0.291439 0.901288 0.291439 0.908798 0.289617 0.909871 0.287796 0.909871 0.287796 0.915236 0.289617 0.916309 0.289617 0.919528 0.287796 0.920601 0.282332 0.920601 0.280510 0.921674 0.280510 0.922747 0.278689 0.923820 0.276867 0.923820 0.276867 0.924893 0.275046 0.925966 0.275046 0.929185 0.278689 0.929185 0.280510 0.930258 0.280510 0.932403 0.278689 0.933476 0.276867 0.933476 0.275046 0.934549 0.271403 0.934549 0.271403 0.936695 0.269581 0.937768 0.267760 0.937768 0.267760 0.939914 0.265938 0.940987 0.265938 0.945279 0.267760 0.945279 0.269581 0.946352 0.269581 0.948498 0.267760 0.949571 0.262295 0.949571 0.262295 0.958155 0.260474 0.959227 0.260474 0.961373 0.258652 0.962446 0.258652 0.965665 0.256831 0.966738 0.255009 0.966738 0.255009 0.968884 0.253188 0.969957 0.253188 0.972103 0.255009 0.972103 0.256831 0.973176 0.256831 0.974249 0.260474 0.976395 0.260474 0.983906 0.264117 0.983906 0.264117 0.979614 0.265938 0.978541 0.265938 0.975322 0.267760 0.974249 0.269581 0.974249 0.269581 0.972103 0.267760 0.972103 0.265938 0.971030 0.265938 0.968884 0.267760 0.967811 0.269581 0.967811 0.269581 0.965665 0.271403 0.964592 0.271403 0.961373 0.267760 0.961373 0.265938 0.960300 0.265938 0.957082 0.267760 0.956009 0.273224 0.956009 0.273224 0.954936 0.275046 0.953863 0.275046 0.951717 0.276867 0.950644 0.276867 0.943133 0.278689 0.942060 0.280510 0.942060 0.280510 0.940987 0.284153 0.938841 0.284153 0.934549 0.285974 0.933476 0.285974 0.925966 0.287796 0.924893 0.293260 0.924893 0.293260 0.922747 0.295082 0.921674 0.295082 0.920601 0.298725 0.918455 0.300546 0.918455 0.300546 0.913090 0.302368 0.912017 0.302368 0.909871 0.307832 0.906652 0.311475 0.906652 0.311475 0.901288 0.315118 0.899142 0.315118 0.896996 0.316940 0.895923 0.318761 0.895923 0.318761 0.894850 0.320583 0.893777 0.324226 0.893777 0.326047 0.894850 0.329690 0.894850 0.329690 0.893777 0.331512 0.892704 0.333333 0.892704 0.333333 0.889485 0.335155 0.888412 0.338798 0.888412 0.338798 0.884120 0.336976 0.883047 0.336976 0.880901 0.338798 0.879828 0.344262 0.879828 0.346084 0.880901 0.346084 0.884120 0.349727 0.884120 0.349727 0.877682 0.351548 0.876609 0.360656 0.876609 0.360656 0.875536 0.362477 0.874464 0.364299 0.874464 0.364299 0.872318 0.367942 0.870172 0.371585 0.870172 0.371585 0.869099 0.373406 0.868026 0.377049 0.868026 0.378871 0.866953 0.378871 0.865880 0.380692 0.864807 0.382514 0.864807 0.382514 0.862661 0.384335 0.861588 0.387978 0.861588 0.389800 0.862661 0.389800 0.864807 0.387978 0.865880 0.387978 0.870172 0.386157 0.871245 0.386157 0.873391 0.387978 0.874464 0.387978 0.884120 0.386157 0.885193 0.382514 0.885193 0.382514 0.889485 0.386157 0.891631 0.386157 0.895923 0.391621 0.895923 0.393443 0.894850 0.393443 0.892704 0.395264 0.891631 0.402550 0.891631 0.404372 0.892704 0.404372 0.899142 0.409836 0.899142 0.411658 0.900215 0.411658 0.907725 0.409836 0.908798 0.409836 0.909871 0.408015 0.910944 0.400729 0.910944 0.398907 0.909871 0.398907 0.908798 0.397086 0.908798 0.395264 0.907725 0.395264 0.904506 0.393443 0.903433 0.393443 0.902361 0.384335 0.902361 0.382514 0.903433 0.382514 0.905579 0.386157 0.905579 0.387978 0.906652 0.387978 0.907725 0.391621 0.907725 0.393443 0.908798 0.393443 0.910944 0.397086 0.910944 0.398907 0.912017 0.398907 0.917382 0.397086 0.918455 0.391621 0.918455 0.391621 0.920601 0.393443 0.920601 0.395264 0.921674 0.395264 0.925966 0.393443 0.927039 0.393443 0.928112 0.391621 0.929185 0.389800 0.929185 0.389800 0.933476 0.386157 0.935622 0.386157 0.936695 0.384335 0.937768 0.384335 0.938841 0.382514 0.939914 0.380692 0.939914 0.380692 0.944206 0.378871 0.945279 0.377049 0.945279 0.377049 0.946352 0.373406 0.948498 0.373406 0.951717 0.371585 0.952790 0.367942 0.952790 0.367942 0.953863 0.364299 0.956009 0.360656 0.956009 0.360656 0.958155 0.362477 0.959227 0.364299 0.959227 0.366120 0.960300 0.366120 0.965665 0.369763 0.965665 0.371585 0.964592 0.371585 0.963519 0.375228 0.961373 0.377049 0.961373 0.377049 0.957082 0.378871 0.956009 0.380692 0.956009 0.380692 0.954936 0.382514 0.953863 0.382514 0.951717 0.384335 0.950644 0.384335 0.948498 0.382514 0.947425 0.382514 0.946352 0.380692 0.945279 0.380692 0.943133 0.382514 0.942060 0.386157 0.942060 0.387978 0.943133 0.391621 0.943133 0.393443 0.942060 0.393443 0.937768 0.395264 0.936695 0.402550 0.936695 0.402550 0.935622 0.404372 0.934549 0.404372 0.931330 0.406193 0.930258 0.408015 0.930258 0.411658 0.928112 0.411658 0.927039 0.415301 0.924893 0.418944 0.924893 0.418944 0.920601 0.420765 0.919528 0.420765 0.917382 0.426230 0.914163 0.426230 0.894850 0.428051 0.893777 0.431694 0.893777 0.433515 0.894850 0.433515 0.910944 0.437158 0.910944 0.437158 0.906652 0.438980 0.905579 0.444444 0.905579 0.444444 0.878755 0.446266 0.877682 0.453552 0.877682 0.455373 0.878755 0.457195 0.878755 0.459016 0.879828 0.459016 0.883047 0.460838 0.884120 0.460838 0.887339 0.462659 0.888412 0.462659 0.890558 0.466302 0.890558 0.468124 0.889485 0.468124 0.887339 0.466302 0.886266 0.466302 0.880901 0.468124 0.879828 0.468124 0.877682 0.469945 0.876609 0.479053 0.876609 0.480874 0.877682 0.480874 0.879828 0.482696 0.880901 0.482696 0.886266 0.491803 0.886266 0.493625 0.887339 0.493625 0.889485 0.499089 0.889485 0.499089 0.884120 0.500911 0.883047 0.504554 0.883047 0.506375 0.884120 0.506375 0.891631 0.504554 0.892704 0.504554 0.896996 0.502732 0.898069 0.502732 0.900215 0.504554 0.901288 0.504554 0.918455 0.502732 0.919528 0.502732 0.923820 0.500911 0.924893 0.499089 0.924893 0.499089 0.932403 0.500911 0.933476 0.500911 0.940987 0.502732 0.942060 0.502732 0.944206 0.504554 0.945279 0.504554 0.947425 0.506375 0.948498 0.506375 0.954936 0.510018 0.954936 0.511840 0.956009 0.511840 0.962446 0.515483 0.962446 0.515483 0.951717 0.513661 0.951717 0.511840 0.950644 0.511840 0.942060 0.513661 0.940987 0.513661 0.939914 0.515483 0.938841 0.515483 0.923820 0.513661 0.922747 0.513661 0.915236 0.511840 0.914163 0.511840 0.912017 0.513661 0.910944 0.513661 0.904506 0.511840 0.904506 0.510018 0.903433 0.510018 0.895923 0.511840 0.894850 0.515483 0.894850 0.515483 0.893777 0.519126 0.891631 0.526412 0.891631 0.528233 0.892704 0.528233 0.893777 0.530055 0.894850 0.530055 0.898069 0.531876 0.899142 0.531876 0.900215 0.533698 0.901288 0.533698 0.902361 0.535519 0.903433 0.535519 0.904506 0.537341 0.905579 0.537341 0.908798 0.535519 0.909871 0.535519 0.912017 0.537341 0.913090 0.537341 0.927039 0.535519 0.928112 0.533698 0.928112 0.533698 0.930258 0.537341 0.930258 0.539162 0.929185 0.546448 0.929185 0.548270 0.928112 0.551913 0.928112 0.553734 0.929185 0.553734 0.933476 0.555556 0.933476 0.557377 0.934549 0.557377 0.935622 0.559199 0.936695 0.559199 0.938841 0.561020 0.939914 0.561020 0.940987 0.562842 0.942060 0.562842 0.943133 0.564663 0.943133 0.566485 0.944206 0.566485 0.948498 0.568306 0.948498 0.570128 0.949571 0.570128 0.950644 0.571949 0.951717 0.571949 0.954936 0.573770 0.956009 0.573770 0.957082 0.575592 0.958155 0.575592 0.959227 0.577413 0.960300 0.579235 0.960300 0.581056 0.961373 0.581056 0.964592 0.582878 0.965665 0.582878 0.966738 0.586521 0.968884 0.586521 0.969957 0.590164 0.969957 0.591985 0.971030 0.591985 0.972103 0.597450 0.975322 0.597450 0.978541 0.599271 0.978541 0.602914 0.980687 0.604736 0.980687 0.606557 0.981760 0.606557 0.986052 0.610200 0.986052 0.613843 0.988197 0.613843 0.990343 0.617486 0.990343 0.617486 0.987124 0.615665 0.986052 0.615665 0.983906 0.610200 0.983906 0.608379 0.982833 0.608379 0.978541 0.606557 0.977468 0.606557 0.976395 0.604736 0.975322 0.602914 0.975322 0.601093 0.974249 0.601093 0.972103 0.599271 0.972103 0.597450 0.971030 0.597450 0.967811 0.595628 0.967811 0.591985 0.965665 0.591985 0.963519 0.588342 0.963519 0.586521 0.962446 0.586521 0.956009 0.582878 0.956009 0.581056 0.954936 0.581056 0.953863 0.579235 0.952790 0.579235 0.951717 0.577413 0.951717 0.575592 0.950644 0.575592 0.946352 0.573770 0.945279 0.571949 0.945279 0.570128 0.944206 0.570128 0.937768 0.568306 0.936695 0.568306 0.929185 0.564663 0.929185 0.562842 0.928112 0.562842 0.925966 0.555556 0.925966 0.553734 0.924893 0.553734 0.921674 0.551913 0.920601 0.551913 0.910944 0.548270 0.908798 0.548270 0.904506 0.546448 0.903433 0.546448 0.889485 0.548270 0.888412 0.550091 0.888412 0.551913 0.887339 0.551913 0.884120 0.553734 0.883047 0.557377 0.883047 0.559199 0.884120 0.559199 0.885193 0.561020 0.886266 0.561020 0.888412 0.562842 0.888412 0.564663 0.889485 0.564663 0.890558 0.568306 0.892704 0.568306 0.893777 0.571949 0.893777 0.573770 0.894850 0.573770 0.898069 0.575592 0.899142 0.575592 0.901288 0.577413 0.901288 0.579235 0.902361 0.579235 0.903433 0.581056 0.904506 0.581056 0.905579 0.588342 0.905579 0.588342 0.903433 0.584699 0.903433 0.582878 0.902361 0.582878 0.901288 0.581056 0.900215 0.581056 0.899142 0.579235 0.898069 0.579235 0.896996 0.577413 0.895923 0.577413 0.891631 0.571949 0.888412 0.571949 0.887339 0.570128 0.886266 0.570128 0.884120 0.571949 0.883047 0.571949 0.880901 0.566485 0.880901 0.562842 0.878755 0.562842 0.876609 0.561020 0.875536 0.555556 0.875536 0.553734 0.874464 0.551913 0.874464 0.550091 0.873391 0.550091 0.871245 0.551913 0.870172 0.551913 0.860515 0.550091 0.860515 0.548270 0.859442 0.548270 0.856223 0.550091 0.855150 0.551913 0.855150 0.551913 0.853004 0.550091 0.851931 0.550091 0.848712 0.551913 0.847639 0.557377 0.847639 0.559199 0.848712 0.559199 0.856223 0.564663 0.859442 0.564663 0.865880 0.568306 0.865880 0.570128 0.864807 0.573770 0.864807 0.575592 0.865880 0.579235 0.865880 0.581056 0.866953 0.581056 0.871245 0.579235 0.872318 0.575592 0.872318 0.573770 0.873391 0.573770 0.876609 0.577413 0.876609 0.579235 0.877682 0.579235 0.879828 0.582878 0.879828 0.584699 0.878755 0.588342 0.878755 0.588342 0.877682 0.590164 0.876609 0.593807 0.876609 0.595628 0.877682 0.599271 0.877682 0.599271 0.876609 0.601093 0.875536 0.604736 0.875536 0.604736 0.874464 0.606557 0.873391 0.610200 0.873391 0.612022 0.874464 0.613843 0.874464 0.615665 0.875536 0.617486 0.875536 0.619308 0.876609 0.626594 0.876609 0.628415 0.877682 0.632058 0.877682 0.633880 0.876609 0.652095 0.876609 0.653916 0.877682 0.653916 0.879828 0.657559 0.879828 0.657559 0.875536 0.659381 0.874464 0.659381 0.864807 0.661202 0.863734 0.664845 0.863734 0.666667 0.864807 0.666667 0.875536 0.670310 0.875536 0.672131 0.876609 0.672131 0.877682 0.684882 0.877682 0.686703 0.878755 0.686703 0.879828 0.692168 0.879828 0.692168 0.877682 0.695811 0.875536 0.703097 0.875536 0.704918 0.876609 0.704918 0.877682 0.706740 0.877682 0.708561 0.878755 0.708561 0.884120 0.710383 0.885193 0.717668 0.885193 0.719490 0.886266 0.719490 0.887339 0.723133 0.887339 0.723133 0.880901 0.724954 0.879828 0.728597 0.879828 0.730419 0.880901 0.730419 0.887339 0.728597 0.888412 0.728597 0.890558 0.735883 0.890558 0.737705 0.889485 0.746812 0.889485 0.746812 0.886266 0.748634 0.885193 0.750455 0.885193 0.750455 0.883047 0.752277 0.881974 0.755920 0.881974 0.757741 0.883047 0.757741 0.890558 0.761384 0.890558 0.761384 0.883047 0.757741 0.883047 0.755920 0.881974 0.755920 0.878755 0.757741 0.877682 0.765027 0.877682 0.766849 0.878755 0.774135 0.878755 0.775956 0.879828 0.790528 0.879828 0.792350 0.880901 0.792350 0.883047 0.790528 0.884120 0.779599 0.884120 0.779599 0.887339 0.786885 0.887339 0.788707 0.888412 0.808743 0.888412 0.810565 0.889485 0.814208 0.889485 0.814208 0.887339 0.806922 0.887339 0.805100 0.886266 0.805100 0.885193 0.803279 0.884120 0.801457 0.884120 0.799636 0.883047 0.799636 0.878755 0.790528 0.878755 0.788707 0.877682 0.783242 0.877682 0.781421 0.876609 0.766849 0.876609 0.761384 0.873391 0.761384 0.858369 0.763206 0.857296 0.765027 0.857296 0.765027 0.849785 0.766849 0.848712 0.772313 0.848712 0.774135 0.849785 0.774135 0.856223 0.775956 0.856223 0.777778 0.857296 0.777778 0.859442 0.781421 0.859442 0.781421 0.857296 0.783242 0.856223 0.786885 0.856223 0.788707 0.857296 0.797814 0.857296 0.799636 0.858369 0.799636 0.861588 0.803279 0.861588 0.803279 0.858369 0.805100 0.857296 0.808743 0.857296 0.810565 0.858369 0.810565 0.859442 0.814208 0.859442 0.816029 0.858369 0.823315 0.858369 0.825137 0.859442 0.830601 0.859442 0.832423 0.860515 0.832423 0.861588 0.836066 0.861588 0.836066 0.860515 0.839709 0.858369 0.845173 0.858369 0.846995 0.857296 0.856102 0.857296 0.856102 0.854077 0.852459 0.854077 0.850638 0.853004 0.846995 0.853004 0.845173 0.851931 0.841530 0.851931 0.839709 0.850858 0.832423 0.850858 0.830601 0.849785 0.830601 0.847639 0.832423 0.846567 0.839709 0.846567 0.841530 0.845494 0.841530 0.842275 0.836066 0.839056 0.836066 0.835837 0.832423 0.835837 0.830601 0.834764 0.830601 0.832618 0.832423 0.831545 0.845173 0.831545 0.846995 0.830472 0.846995 0.829399 0.848816 0.828326 0.856102 0.828326 0.856102 0.826180 0.857923 0.825107 0.859745 0.825107 0.861566 0.824034 0.863388 0.824034 0.863388 0.817597 0.861566 0.816524 0.861566 0.815451 0.857923 0.815451 0.857923 0.816524 0.856102 0.817597 0.852459 0.817597 0.850638 0.818670 0.848816 0.818670 0.846995 0.819742 0.841530 0.819742 0.839709 0.820815 0.837887 0.820815 0.836066 0.821888 0.832423 0.821888 0.830601 0.820815 0.830601 0.818670 0.826958 0.818670 0.825137 0.819742 0.821494 0.819742 0.819672 0.818670 0.785064 0.818670 0.783242 0.819742 0.772313 0.819742 0.772313 0.820815 0.770492 0.821888 0.766849 0.821888 0.765027 0.820815 0.761384 0.820815 0.759563 0.819742 0.755920 0.819742 0.754098 0.820815 0.746812 0.820815 0.744991 0.819742 0.734062 0.819742 0.732240 0.818670 0.724954 0.818670 0.723133 0.817597 0.723133 0.816524 0.719490 0.816524 0.719490 0.818670 0.717668 0.819742 0.714026 0.819742 0.712204 0.818670 0.708561 0.818670 0.706740 0.819742 0.703097 0.819742 0.701275 0.818670 0.697632 0.818670 0.695811 0.819742 0.692168 0.819742 0.690346 0.818670 0.690346 0.815451 0.686703 0.815451 0.684882 0.814378 0.684882 0.790773 0.686703 0.789700 0.690346 0.789700 0.692168 0.790773 0.692168 0.812232 0.695811 0.812232 0.695811 0.787554 0.697632 0.786481 0.701275 0.786481 0.703097 0.787554 0.703097 0.812232 0.706740 0.812232 0.706740 0.797210 0.708561 0.796137 0.732240 0.796137 0.734062 0.797210 0.734062 0.799356 0.737705 0.799356 0.737705 0.795064 0.739526 0.793991 0.743169 0.793991 0.744991 0.795064 0.744991 0.811159 0.748634 0.811159 0.748634 0.795064 0.750455 0.793991 0.754098 0.793991 0.755920 0.795064 0.755920 0.812232 0.759563 0.812232 0.759563 0.797210 0.761384 0.796137 0.770492 0.796137 0.772313 0.797210 0.772313 0.799356 0.774135 0.799356 0.777778 0.801502 0.777778 0.812232 0.781421 0.812232 0.781421 0.801502 0.783242 0.800429 0.786885 0.800429 0.786885 0.799356 0.788707 0.798283 0.792350 0.798283 0.792350 0.795064 0.788707 0.795064 0.788707 0.796137 0.786885 0.797210 0.783242 0.797210 0.781421 0.796137 0.781421 0.790773 0.777778 0.790773 0.777778 0.795064 0.775956 0.796137 0.768670 0.796137 0.766849 0.795064 0.766849 0.792918 0.765027 0.791845 0.761384 0.791845 0.759563 0.790773 0.759563 0.772532 0.761384 0.771459 0.765027 0.771459 0.766849 0.770386 0.770492 0.770386 0.772313 0.771459 0.772313 0.773605 0.775956 0.773605 0.777778 0.774678 0.777778 0.785408 0.781421 0.785408 0.781421 0.775751 0.783242 0.774678 0.786885 0.774678 0.788707 0.775751 0.788707 0.780043 0.808743 0.780043 0.810565 0.781116 0.810565 0.782189 0.812386 0.782189 0.814208 0.783262 0.814208 0.784335 0.823315 0.784335 0.825137 0.785408 0.825137 0.786481 0.828780 0.786481 0.830601 0.787554 0.830601 0.789700 0.836066 0.789700 0.837887 0.790773 0.839709 0.790773 0.841530 0.791845 0.841530 0.797210 0.845173 0.797210 0.845173 0.796137 0.846995 0.795064 0.856102 0.795064 0.857923 0.796137 0.857923 0.798283 0.859745 0.798283 0.863388 0.800429 0.870674 0.800429 0.870674 0.796137 0.865209 0.792918 0.865209 0.791845 0.861566 0.791845 0.856102 0.788627 0.856102 0.787554 0.852459 0.787554 0.848816 0.785408 0.846995 0.785408 0.845173 0.784335 0.845173 0.780043 0.839709 0.780043 0.837887 0.778970 0.836066 0.778970 0.834244 0.777897 0.834244 0.774678 0.830601 0.774678 0.826958 0.772532 0.821494 0.772532 0.819672 0.771459 0.819672 0.765021 0.817851 0.765021 0.816029 0.763948 0.816029 0.762876 0.814208 0.761803 0.814208 0.760730 0.812386 0.759657 0.812386 0.756438 0.808743 0.756438 0.806922 0.755365 0.806922 0.754292 0.801457 0.751073 0.801457 0.736052 0.803279 0.734979 0.806922 0.734979 0.808743 0.736052 0.808743 0.741416 0.812386 0.741416 0.812386 0.733906 0.817851 0.730687 0.819672 0.730687 0.819672 0.729614 0.821494 0.728541 0.828780 0.728541 0.830601 0.729614 0.830601 0.732833 0.834244 0.732833 0.834244 0.728541 0.836066 0.727468 0.839709 0.727468 0.841530 0.728541 0.841530 0.729614 0.845173 0.729614 0.845173 0.727468 0.846995 0.726395 0.856102 0.726395 0.856102 0.725322 0.857923 0.724249 0.865209 0.724249 0.867031 0.723176 0.867031 0.722103 0.868852 0.721030 0.870674 0.721030 0.870674 0.714592 0.872495 0.713519 0.876138 0.713519 0.877960 0.714592 0.877960 0.718884 0.879781 0.719957 0.883424 0.719957 0.885246 0.718884 0.897996 0.718884 0.899818 0.717811 0.903461 0.717811 0.905282 0.718884 0.905282 0.719957 0.908925 0.719957 0.908925 0.718884 0.910747 0.717811 0.914390 0.717811 0.916211 0.718884 0.919854 0.718884 0.919854 0.715665 0.921676 0.714592 0.925319 0.714592 0.925319 0.711373 0.927140 0.710300 0.934426 0.710300 0.936248 0.711373 0.936248 0.715665 0.938069 0.716738 0.941712 0.716738 0.943534 0.715665 0.952641 0.715665 0.952641 0.713519 0.954463 0.712446 0.961749 0.712446 0.961749 0.698498 0.963570 0.697425 0.967213 0.697425 0.969035 0.698498 0.969035 0.703863 0.972678 0.703863 0.972678 0.698498 0.974499 0.697425 0.978142 0.697425 0.978142 0.692060 0.972678 0.692060 0.970856 0.693133 0.963570 0.693133 0.961749 0.694206 0.954463 0.694206 0.952641 0.695279 0.947177 0.695279 0.945355 0.694206 0.945355 0.692060 0.941712 0.692060 0.939891 0.693133 0.930783 0.693133 0.928962 0.694206 0.914390 0.694206 0.912568 0.695279 0.888889 0.695279 0.887067 0.694206 0.887067 0.693133 0.883424 0.693133 0.881603 0.692060 0.877960 0.692060 0.877960 0.702790 0.881603 0.702790 0.883424 0.703863 0.883424 0.707082 0.879781 0.709227 0.877960 0.709227 0.877960 0.710300 0.876138 0.711373 0.872495 0.711373 0.870674 0.710300 0.870674 0.709227 0.867031 0.709227 0.865209 0.708155 0.865209 0.703863 0.867031 0.702790 0.870674 0.702790 0.870674 0.692060 0.868852 0.690987 0.865209 0.690987 0.863388 0.689914 0.863388 0.687768 0.865209 0.686695 0.870674 0.686695 0.870674 0.684549 0.872495 0.683476 0.876138 0.683476 0.877960 0.684549 0.877960 0.686695 0.887067 0.686695 0.892532 0.683476 0.896175 0.683476 0.896175 0.681330 0.903461 0.677039 0.907104 0.677039 0.907104 0.673820 0.908925 0.672747 0.914390 0.672747 0.916211 0.673820 0.916211 0.675966 0.919854 0.675966 0.919854 0.673820 0.921676 0.672747 0.934426 0.672747 0.936248 0.673820 0.936248 0.675966 0.939891 0.675966 0.939891 0.674893 0.941712 0.673820 0.945355 0.673820 0.947177 0.674893 0.947177 0.678112 0.950820 0.678112 0.950820 0.671674 0.952641 0.670601 0.956284 0.670601 0.958106 0.671674 0.958106 0.675966 0.961749 0.675966 0.961749 0.669528 0.959927 0.668455 0.959927 0.667382 0.952641 0.667382 0.952641 0.668455 0.950820 0.669528 0.947177 0.669528 0.945355 0.668455 0.945355 0.666309 0.938069 0.666309 0.936248 0.665236 0.932605 0.665236 0.932605 0.668455 0.930783 0.669528 0.925319 0.669528 0.923497 0.668455 0.923497 0.665236 0.919854 0.665236 0.919854 0.668455 0.918033 0.669528 0.905282 0.669528 0.903461 0.668455 0.903461 0.666309 0.897996 0.666309 0.896175 0.665236 0.896175 0.662017 0.883424 0.662017 0.881603 0.663090 0.879781 0.663090 0.877960 0.664163 0.877960 0.667382 0.876138 0.668455 0.863388 0.668455 0.863388 0.669528 0.859745 0.671674 0.857923 0.671674 0.856102 0.672747 0.850638 0.672747 0.848816 0.673820 0.841530 0.673820 0.839709 0.674893 0.837887 0.674893 0.836066 0.675966 0.830601 0.675966 0.828780 0.677039 0.825137 0.677039 0.825137 0.680258 0.823315 0.681330 0.819672 0.681330 0.817851 0.680258 0.817851 0.679185 0.812386 0.679185 0.810565 0.678112 0.810565 0.674893 0.803279 0.674893 0.801457 0.673820 0.801457 0.671674 0.797814 0.671674 0.797814 0.677039 0.795993 0.678112 0.792350 0.678112 0.790528 0.677039 0.790528 0.675966 0.786885 0.675966 0.786885 0.682403 0.785064 0.683476 0.781421 0.683476 0.779599 0.682403 0.779599 0.648069 0.781421 0.646996 0.785064 0.646996 0.786885 0.648069 0.786885 0.671674 0.790528 0.671674 0.790528 0.640558 0.786885 0.640558 0.785064 0.639485 0.785064 0.637339 0.786885 0.636266 0.790528 0.636266 0.790528 0.629828 0.788707 0.629828 0.786885 0.628755 0.786885 0.625536 0.788707 0.624464 0.790528 0.624464 0.790528 0.619099 0.792350 0.618026 0.795993 0.618026 0.797814 0.619099 0.797814 0.624464 0.801457 0.624464 0.801457 0.620172 0.803279 0.619099 0.810565 0.619099 0.810565 0.606223 0.812386 0.605150 0.817851 0.605150 0.817851 0.601931 0.819672 0.600858 0.826958 0.600858 0.828780 0.601931 0.828780 0.607296 0.832423 0.607296 0.832423 0.597639 0.834244 0.596567 0.837887 0.596567 0.839709 0.597639 0.839709 0.599785 0.843352 0.599785 0.843352 0.589056 0.845173 0.587983 0.848816 0.587983 0.850638 0.589056 0.850638 0.592275 0.854281 0.592275 0.854281 0.575107 0.848816 0.575107 0.846995 0.574034 0.841530 0.574034 0.832423 0.579399 0.830601 0.579399 0.826958 0.581545 0.823315 0.581545 0.821494 0.580472 0.821494 0.571888 0.817851 0.571888 0.817851 0.582618 0.821494 0.582618 0.823315 0.583691 0.823315 0.585837 0.821494 0.586910 0.812386 0.586910 0.810565 0.585837 0.810565 0.576180 0.806922 0.576180 0.806922 0.591202 0.805100 0.592275 0.801457 0.592275 0.799636 0.591202 0.799636 0.586910 0.795993 0.586910 0.795993 0.592275 0.794171 0.593348 0.785064 0.593348 0.785064 0.595494 0.783242 0.596567 0.775956 0.596567 0.775956 0.603004 0.774135 0.604077 0.772313 0.604077 0.770492 0.605150 0.770492 0.607296 0.768670 0.608369 0.765027 0.608369 0.759563 0.605150 0.759563 0.603004 0.761384 0.601931 0.761384 0.599785 0.763206 0.598712 0.763206 0.596567 0.761384 0.595494 0.761384 0.576180 0.763206 0.575107 0.763206 0.569742 0.755920 0.569742 0.754098 0.568670 0.754098 0.564378 0.755920 0.563305 0.761384 0.563305 0.761384 0.553648 0.759563 0.552575 0.759563 0.551502 0.757741 0.550429 0.757741 0.539700 0.754098 0.539700 0.754098 0.560086 0.752277 0.561159 0.750455 0.561159 0.750455 0.574034 0.748634 0.575107 0.748634 0.585837 0.746812 0.586910 0.743169 0.586910 0.743169 0.589056 0.741348 0.590129 0.737705 0.590129 0.735883 0.589056 0.735883 0.580472 0.732240 0.580472 0.732240 0.591202 0.730419 0.592275 0.726776 0.592275 0.724954 0.591202 0.724954 0.584764 0.721311 0.584764 0.721311 0.592275 0.719490 0.593348 0.715847 0.593348 0.715847 0.594421 0.714026 0.595494 0.704918 0.595494 0.704918 0.596567 0.703097 0.597639 0.688525 0.597639 0.686703 0.596567 0.686703 0.593348 0.688525 0.592275 0.693989 0.592275 0.693989 0.590129 0.684882 0.590129 0.683060 0.589056 0.683060 0.586910 0.681239 0.585837 0.681239 0.581545 0.679417 0.580472 0.679417 0.579399 0.675774 0.579399 0.673953 0.580472 0.673953 0.584764 0.677596 0.584764 0.679417 0.585837 0.679417 0.589056 0.677596 0.590129 0.677596 0.591202 0.675774 0.592275 0.668488 0.592275 0.668488 0.594421 0.675774 0.594421 0.677596 0.595494 0.677596 0.598712 0.679417 0.599785 0.679417 0.603004 0.677596 0.604077 0.670310 0.604077 0.666667 0.606223 0.664845 0.606223 0.663024 0.607296 0.663024 0.635193 0.661202 0.636266 0.657559 0.636266 0.655738 0.635193 0.655738 0.613734 0.653916 0.612661 0.653916 0.610515 0.652095 0.610515 0.650273 0.609442 0.650273 0.604077 0.646630 0.604077 0.646630 0.611588 0.644809 0.612661 0.641166 0.612661 0.639344 0.611588 0.639344 0.604077 0.635701 0.604077 0.635701 0.614807 0.633880 0.615880 0.630237 0.615880 0.628415 0.614807 0.628415 0.598712 0.624772 0.598712 0.624772 0.611588 0.622951 0.612661 0.619308 0.612661 0.617486 0.611588 0.617486 0.598712 0.613843 0.598712 0.613843 0.613734 0.612022 0.614807 0.610200 0.614807 0.610200 0.616953 0.606557 0.619099 0.599271 0.619099 0.597450 0.618026 0.597450 0.608369 0.588342 0.608369 0.586521 0.607296 0.586521 0.604077 0.582878 0.604077 0.582878 0.621245 0.581056 0.622318 0.577413 0.622318 0.575592 0.621245 0.575592 0.604077 0.571949 0.604077 0.571949 0.621245 0.570128 0.622318 0.566485 0.622318 0.564663 0.621245 0.564663 0.593348 0.561020 0.593348 0.561020 0.621245 0.559199 0.622318 0.555556 0.622318 0.555556 0.634120 0.553734 0.635193 0.550091 0.635193 0.548270 0.634120 0.548270 0.621245 0.550091 0.620172 0.550091 0.618026 0.544627 0.618026 0.542805 0.616953 0.542805 0.568670 0.539162 0.568670 0.539162 0.598712 0.537341 0.599785 0.533698 0.599785 0.531876 0.598712 0.531876 0.568670 0.528233 0.568670 0.528233 0.592275 0.526412 0.593348 0.522769 0.593348 0.520947 0.592275 0.520947 0.569742 0.517304 0.569742 0.517304 0.583691 0.515483 0.584764 0.511840 0.584764 0.510018 0.583691 0.510018 0.569742 0.511840 0.568670 0.513661 0.568670 0.513661 0.566524 0.515483 0.565451 0.515483 0.564378 0.517304 0.563305 0.520947 0.563305 0.522769 0.564378 0.526412 0.564378 0.526412 0.563305 0.528233 0.562232 0.539162 0.562232 0.540984 0.561159 0.540984 0.557940 0.542805 0.556867 0.542805 0.554721 0.537341 0.554721 0.535519 0.553648 0.533698 0.553648 0.531876 0.552575 0.528233 0.552575 0.528233 0.553648 0.524590 0.555794 0.513661 0.555794 0.511840 0.554721 0.511840 0.543991 0.513661 0.542918 0.513661 0.539700 0.515483 0.538627 0.520947 0.538627 0.520947 0.533262 0.522769 0.532189 0.526412 0.532189 0.528233 0.533262 0.528233 0.548283 0.531876 0.548283 0.531876 0.538627 0.533698 0.537554 0.537341 0.537554 0.539162 0.538627 0.539162 0.549356 0.542805 0.549356 0.542805 0.532189 0.539162 0.532189 0.539162 0.534335 0.537341 0.535408 0.533698 0.535408 0.531876 0.534335 0.531876 0.531116 0.526412 0.531116 0.524590 0.530043 0.524590 0.527897 0.522769 0.526824 0.522769 0.524678 0.520947 0.523605 0.520947 0.520386 0.519126 0.519313 0.519126 0.518240 0.511840 0.513948 0.511840 0.512876 0.510018 0.511803 0.510018 0.504292 0.511840 0.503219 0.511840 0.498927 0.513661 0.497854 0.513661 0.492489 0.515483 0.491416 0.515483 0.489270 0.517304 0.488197 0.517304 0.487124 0.519126 0.486052 0.519126 0.480687 0.522769 0.478541 0.526412 0.478541 0.528233 0.479614 0.528233 0.482833 0.531876 0.482833 0.533698 0.483906 0.533698 0.498927 0.535519 0.500000 0.535519 0.503219 0.537341 0.504292 0.537341 0.515021 0.539162 0.516094 0.539162 0.518240 0.544627 0.518240 0.544627 0.515021 0.546448 0.513948 0.550091 0.513948 0.551913 0.515021 0.551913 0.517167 0.553734 0.518240 0.553734 0.528970 0.566485 0.528970 0.568306 0.530043 0.568306 0.535408 0.566485 0.536481 0.559199 0.536481 0.559199 0.540773 0.568306 0.540773 0.570128 0.541845 0.570128 0.543991 0.573770 0.543991 0.573770 0.535408 0.575592 0.534335 0.579235 0.534335 0.581056 0.535408 0.581056 0.542918 0.584699 0.542918 0.584699 0.535408 0.586521 0.534335 0.590164 0.534335 0.591985 0.535408 0.591985 0.536481 0.595628 0.536481 0.595628 0.532189 0.597450 0.531116 0.597450 0.525751 0.595628 0.524678 0.595628 0.505365 0.597450 0.504292 0.601093 0.504292 0.601093 0.502146 0.599271 0.501073 0.599271 0.495708 0.593807 0.495708 0.591985 0.494635 0.591985 0.490343 0.588342 0.490343 0.586521 0.489270 0.586521 0.487124 0.588342 0.486052 0.591985 0.486052 0.591985 0.482833 0.593807 0.481760 0.595628 0.481760 0.595628 0.475322 0.597450 0.474249 0.597450 0.472103 0.595628 0.471030 0.595628 0.456009 0.586521 0.456009 0.584699 0.454936 0.584699 0.451717 0.581056 0.451717 0.581056 0.459227 0.588342 0.459227 0.590164 0.460300 0.590164 0.461373 0.591985 0.462446 0.591985 0.466738 0.590164 0.467811 0.586521 0.467811 0.584699 0.466738 0.584699 0.463519 0.581056 0.463519 0.581056 0.468884 0.579235 0.469957 0.575592 0.469957 0.573770 0.468884 0.573770 0.444206 0.575592 0.443133 0.579235 0.443133 0.581056 0.444206 0.581056 0.445279 0.588342 0.445279 0.590164 0.446352 0.593807 0.446352 0.593807 0.444206 0.586521 0.444206 0.584699 0.443133 0.584699 0.438841 0.586521 0.437768 0.586521 0.436695 0.588342 0.435622 0.595628 0.435622 0.597450 0.436695 0.597450 0.437768 0.601093 0.437768 0.601093 0.430258 0.602914 0.429185 0.610200 0.429185 0.612022 0.430258 0.612022 0.434549 0.613843 0.434549 0.617486 0.436695 0.617486 0.440987 0.615665 0.442060 0.612022 0.442060 0.612022 0.459227 0.621129 0.459227 0.622951 0.460300 0.622951 0.466738 0.626594 0.466738 0.626594 0.440987 0.624772 0.440987 0.622951 0.439914 0.622951 0.435622 0.624772 0.434549 0.626594 0.434549 0.626594 0.424893 0.628415 0.423820 0.632058 0.423820 0.633880 0.424893 0.633880 0.434549 0.637523 0.434549 0.637523 0.424893 0.641166 0.422747 0.648452 0.422747 0.648452 0.383047 0.650273 0.381974 0.650273 0.379828 0.652095 0.378755 0.652095 0.351931 0.653916 0.350858 0.657559 0.350858 0.659381 0.351931 0.659381 0.353004 0.661202 0.354077 0.661202 0.359442 0.663024 0.359442 0.664845 0.360515 0.664845 0.372318 0.666667 0.373391 0.666667 0.376609 0.664845 0.377682 0.664845 0.389485 0.666667 0.390558 0.666667 0.398069 0.673953 0.398069 0.675774 0.399142 0.675774 0.402361 0.673953 0.403433 0.666667 0.403433 0.666667 0.413090 0.670310 0.413090 0.670310 0.412017 0.672131 0.410944 0.681239 0.410944 0.681239 0.399142 0.679417 0.398069 0.679417 0.393777 0.681239 0.392704 0.695811 0.392704 0.697632 0.393777 0.697632 0.404506 0.695811 0.405579 0.695811 0.409871 0.697632 0.410944 0.697632 0.424893 0.701275 0.424893 0.701275 0.422747 0.703097 0.421674 0.703097 0.392704 0.706740 0.390558 0.708561 0.390558 0.708561 0.388412 0.706740 0.388412 0.704918 0.387339 0.704918 0.385193 0.706740 0.384120 0.715847 0.384120 0.719490 0.386266 0.719490 0.429185 0.723133 0.429185 0.723133 0.406652 0.724954 0.405579 0.728597 0.405579 0.730419 0.406652 0.730419 0.423820 0.734062 0.423820 0.734062 0.399142 0.735883 0.398069 0.739526 0.398069 0.741348 0.399142 0.741348 0.427039 0.744991 0.427039 0.744991 0.406652 0.746812 0.405579 0.750455 0.405579 0.752277 0.406652 0.752277 0.413090 0.755920 0.413090 0.755920 0.400215 0.757741 0.399142 0.757741 0.398069 0.759563 0.396996 0.761384 0.396996 0.761384 0.394850 0.763206 0.393777 0.768670 0.393777 0.770492 0.394850 0.770492 0.396996 0.772313 0.398069 0.772313 0.416309 0.792350 0.416309 0.794171 0.417382 0.797814 0.417382 0.797814 0.415236 0.799636 0.414163 0.803279 0.414163 0.805100 0.415236 0.805100 0.429185 0.808743 0.429185 0.808743 0.353004 0.810565 0.351931 0.819672 0.351931 0.819672 0.348712 0.810565 0.348712 0.808743 0.347639 0.808743 0.344421 0.810565 0.343348 0.823315 0.343348 0.825137 0.344421 0.825137 0.346567 0.826958 0.347639 0.826958 0.350858 0.830601 0.350858 0.830601 0.341202 0.832423 0.340129 0.839709 0.340129 0.839709 0.315451 0.841530 0.314378 0.845173 0.314378 0.846995 0.315451 0.846995 0.324034 0.850638 0.324034 0.850638 0.316524 0.852459 0.315451 0.856102 0.315451 0.857923 0.316524 0.857923 0.321888 0.861566 0.321888 0.861566 0.317597 0.863388 0.316524 0.867031 0.316524 0.867031 0.314378 0.861566 0.314378 0.859745 0.313305 0.859745 0.311159 0.861566 0.310086 0.867031 0.310086 0.867031 0.297210 0.868852 0.296137 0.872495 0.296137 0.874317 0.297210 0.874317 0.298283 0.876138 0.298283 0.877960 0.299356 0.877960 0.305794 0.876138 0.306867 0.874317 0.306867 0.874317 0.309013 0.877960 0.309013 0.877960 0.307940 0.879781 0.306867 0.894353 0.306867 0.894353 0.300429 0.896175 0.299356 0.905282 0.299356 0.905282 0.290773 0.903461 0.290773 0.901639 0.289700 0.901639 0.285408 0.903461 0.284335 0.903461 0.267167 0.905282 0.266094 0.908925 0.266094 0.910747 0.267167 0.910747 0.276824 0.914390 0.276824 0.914390 0.259657 0.918033 0.257511 0.921676 0.257511 0.921676 0.248927 0.919854 0.247854 0.919854 0.244635 0.921676 0.243562 0.921676 0.241416 0.916211 0.241416 0.914390 0.240343 0.914390 0.186695 0.910747 0.186695 0.910747 0.240343 0.912568 0.240343 0.914390 0.241416 0.914390 0.244635 0.912568 0.245708 0.905282 0.245708 0.903461 0.244635 0.894353 0.244635 0.892532 0.243562 0.892532 0.188841 0.888889 0.188841 0.888889 0.224249 0.887067 0.225322 0.883424 0.225322 0.881603 0.224249 0.881603 0.188841 0.877960 0.188841 0.877960 0.211373 0.876138 0.212446 0.872495 0.212446 0.872495 0.228541 0.870674 0.229614 0.867031 0.229614 0.865209 0.228541 0.865209 0.187768 0.857923 0.187768 0.856102 0.186695 0.856102 0.184549 0.857923 0.183476 0.865209 0.183476 0.865209 0.123391 0.863388 0.122318 0.863388 0.119099 0.865209 0.118026 0.870674 0.118026 0.872495 0.119099 0.872495 0.170601 0.876138 0.170601 0.877960 0.171674 0.877960 0.179185 0.881603 0.179185 0.881603 0.166309 0.883424 0.165236 0.887067 0.165236 0.888889 0.166309 0.888889 0.179185 0.892532 0.179185 0.892532 0.153433 0.894353 0.152361 0.897996 0.152361 0.899818 0.153433 0.899818 0.177039 0.903461 0.177039 0.903461 0.155579 0.905282 0.154506 0.908925 0.154506 0.910747 0.155579 0.910747 0.181330 0.914390 0.181330 0.914390 0.178112 0.916211 0.177039 0.928962 0.177039 0.930783 0.178112 0.930783 0.182403 0.928962 0.183476 0.927140 0.183476 0.927140 0.185622 0.930783 0.185622 0.930783 0.184549 0.932605 0.183476 0.936248 0.183476 0.936248 0.124464 0.938069 0.123391 0.941712 0.123391 0.941712 0.122318 0.943534 0.121245 0.945355 0.121245 0.945355 0.113734 0.947177 0.112661 0.950820 0.112661 0.952641 0.113734 0.952641 0.125536 0.950820 0.126609 0.943534 0.126609 0.943534 0.182403 0.947177 0.182403 0.947177 0.178112 0.948998 0.177039 0.961749 0.177039 0.963570 0.178112 0.963570 0.179185 0.967213 0.179185 0.967213 0.121245 0.963570 0.121245 0.963570 0.142704 0.961749 0.143777 0.958106 0.143777 0.956284 0.142704 0.956284 0.100858 0.958106 0.099785 0.961749 0.099785 0.963570 0.100858 0.963570 0.116953 0.967213 0.116953 0.967213 0.067597 0.969035 0.066524 0.969035 0.063305 0.970856 0.062232 0.972678 0.062232 0.972678 0.019313 0.969035 0.019313 0.967213 0.018240 0.967213 0.000000 0.941712 0.000000 0.941712 0.001073 0.939891 0.002146 0.936248 0.002146 0.934426 0.001073 0.934426 0.000000 0.872495 0.000000 0.872495 0.062232 0.870674 0.063305 0.867031 0.063305 0.865209 0.062232 0.865209 0.057940 0.863388 0.056867 0.863388 0.052575 0.865209 0.051502 0.865209 0.031116 0.863388 0.030043 0.863388 0.015021 0.865209 0.013948 0.865209 0.005365 0.863388 0.004292 0.863388 0.000000 0.336976 0.000000 0.336976 0.033262 0.335155 0.034335 0.331512 0.034335 0.329690 0.033262 0.329690 0.002146 0.327869 0.001073 0.327869 0.000000 0.282332 0.000000 0.282332 0.001073 0.285974 0.001073 0.287796 0.002146 0.287796 0.006438 0.285974 0.007511 0.282332 0.007511 0.282332 0.009657 0.284153 0.009657 0.285974 0.010730 0.285974 0.016094 0.284153 0.017167 0.278689 0.017167 0.276867 0.016094 0.276867 0.015021 0.273224 0.015021 0.271403 0.013948 0.271403 0.004292 0.267760 0.004292 0.267760 0.015021 0.265938 0.016094 0.262295 0.016094 0.260474 0.015021 0.260474 0.004292 0.256831 0.004292 0.256831 0.022532 0.255009 0.023605 0.251366 0.023605 0.249545 0.022532 0.249545 0.005365 0.245902 0.005365 0.245902 0.021459 0.244080 0.022532 0.240437 0.022532 0.238616 0.021459 0.238616 0.004292 0.240437 0.003219 0.240437 0.000000
0 0.214936 0.000000 0.214936 0.057940 0.218579 0.057940 0.218579 0.000000