0 0.734252 0.953157 0.732283 0.954175 0.724409 0.954175 0.724409 0.955193 0.722441 0.956212 0.716535 0.956212 0.716535 0.957230 0.714567 0.958248 0.712598 0.958248 0.712598 0.966395 0.714567 0.967413 0.714567 0.968432 0.716535 0.969450 0.716535 0.971487 0.722441 0.971487 0.722441 0.969450 0.720472 0.968432 0.720472 0.966395 0.718504 0.965377 0.718504 0.962322 0.724409 0.959267 0.724409 0.957230 0.726378 0.956212 0.728346 0.956212 0.730315 0.955193 0.736220 0.955193 0.738189 0.956212 0.738189 0.961303 0.744094 0.961303 0.746063 0.960285 0.757874 0.960285 0.757874 0.957230 0.746063 0.957230 0.744094 0.956212 0.744094 0.953157
0 0.765748 0.951120 0.765748 0.952138 0.763780 0.953157 0.763780 0.956212 0.767717 0.956212 0.769685 0.955193 0.773622 0.955193 0.775591 0.956212 0.775591 0.962322 0.773622 0.963340 0.773622 0.968432 0.779528 0.968432 0.779528 0.967413 0.783465 0.965377 0.783465 0.956212 0.781496 0.955193 0.781496 0.954175 0.779528 0.954175 0.777559 0.953157 0.777559 0.951120
0 0.612205 0.917515 0.612205 0.921589 0.614173 0.922607 0.614173 0.923625 0.616142 0.924644 0.616142 0.925662 0.618110 0.926680 0.618110 0.927699 0.620079 0.928717 0.620079 0.930754 0.622047 0.931772 0.622047 0.932790 0.624016 0.933809 0.624016 0.935845 0.625984 0.936864 0.625984 0.938900 0.627953 0.939919 0.627953 0.940937 0.629921 0.941955 0.629921 0.942974 0.631890 0.943992 0.631890 0.946029 0.633858 0.947047 0.633858 0.949084 0.635827 0.950102 0.635827 0.952138 0.637795 0.953157 0.637795 0.954175 0.639764 0.955193 0.639764 0.956212 0.641732 0.957230 0.641732 0.958248 0.645669 0.960285 0.645669 0.961303 0.647638 0.962322 0.647638 0.963340 0.649606 0.964358 0.649606 0.965377 0.653543 0.967413 0.653543 0.968432 0.657480 0.968432 0.657480 0.964358 0.655512 0.963340 0.655512 0.962322 0.653543 0.961303 0.653543 0.960285 0.651575 0.959267 0.651575 0.958248 0.649606 0.957230 0.649606 0.956212 0.647638 0.955193 0.647638 0.953157 0.643701 0.951120 0.643701 0.950102 0.641732 0.949084 0.641732 0.948065 0.639764 0.947047 0.639764 0.946029 0.637795 0.945010 0.637795 0.941955 0.635827 0.940937 0.635827 0.939919 0.633858 0.938900 0.633858 0.936864 0.631890 0.935845 0.631890 0.933809 0.629921 0.932790 0.629921 0.930754 0.627953 0.929735 0.627953 0.928717 0.625984 0.927699 0.625984 0.924644 0.624016 0.923625 0.624016 0.922607 0.622047 0.921589 0.622047 0.920570 0.620079 0.919552 0.620079 0.917515
0 0.728346 0.912424 0.728346 0.915479 0.738189 0.920570 0.738189 0.921589 0.742126 0.923625 0.744094 0.923625 0.750000 0.926680 0.751969 0.926680 0.753937 0.927699 0.753937 0.928717 0.757874 0.928717 0.759843 0.929735 0.761811 0.929735 0.765748 0.931772 0.769685 0.931772 0.775591 0.934827 0.783465 0.934827 0.783465 0.932790 0.781496 0.931772 0.779528 0.931772 0.771654 0.927699 0.769685 0.927699 0.765748 0.925662 0.763780 0.925662 0.761811 0.924644 0.759843 0.924644 0.753937 0.921589 0.751969 0.921589 0.750000 0.920570 0.748031 0.920570 0.742126 0.917515 0.742126 0.916497 0.740157 0.916497 0.736220 0.914460 0.736220 0.913442 0.734252 0.912424
0 0.954724 0.447047 0.954724 0.466395 0.960630 0.466395 0.960630 0.447047
0 0.929134 0.413442 0.929134 0.417515 0.927165 0.418534 0.921260 0.418534 0.921260 0.432790 0.925197 0.432790 0.925197 0.424644 0.927165 0.423625 0.931102 0.423625 0.933071 0.424644 0.933071 0.433809 0.937008 0.433809 0.937008 0.417515 0.935039 0.417515 0.933071 0.416497 0.933071 0.413442
0 0.202756 0.176171 0.202756 0.206721 0.206693 0.206721 0.206693 0.176171
0 0.942913 0.117108 0.942913 0.119145 0.940945 0.120163 0.940945 0.123218 0.938976 0.124236 0.931102 0.124236 0.931102 0.135438 0.935039 0.135438 0.935039 0.129328 0.937008 0.128310 0.940945 0.128310 0.942913 0.129328 0.942913 0.137475 0.946850 0.137475 0.946850 0.127291 0.948819 0.126273 0.948819 0.124236 0.946850 0.123218 0.946850 0.117108
0 0.202756 0.116090 0.202756 0.141548 0.206693 0.141548 0.206693 0.116090
0 0.919291 0.115071 0.919291 0.155804 0.917323 0.156823 0.913386 0.156823 0.911417 0.155804 0.911417 0.154786 0.907480 0.154786 0.907480 0.169043 0.911417 0.169043 0.911417 0.160896 0.913386 0.159878 0.917323 0.159878 0.919291 0.160896 0.919291 0.169043 0.923228 0.169043 0.923228 0.115071
0 0.848425 0.040733 0.848425 0.046843 0.846457 0.047862 0.846457 0.049898 0.852362 0.049898 0.854331 0.050916 0.854331 0.052953 0.850394 0.054990 0.850394 0.057026 0.848425 0.058045 0.848425 0.064155 0.846457 0.065173 0.846457 0.091650 0.848425 0.092668 0.852362 0.092668 0.852362 0.091650 0.854331 0.090631 0.864173 0.090631 0.864173 0.084521 0.866142 0.083503 0.870079 0.083503 0.872047 0.084521 0.875984 0.084521 0.875984 0.080448 0.877953 0.079430 0.877953 0.075356 0.875984 0.074338 0.875984 0.068228 0.879921 0.066191 0.887795 0.066191 0.887795 0.062118 0.883858 0.062118 0.883858 0.064155 0.881890 0.065173 0.877953 0.065173 0.875984 0.064155 0.875984 0.060081 0.872047 0.060081 0.872047 0.064155 0.870079 0.065173 0.866142 0.065173 0.864173 0.064155 0.864173 0.059063 0.860236 0.059063 0.856299 0.057026 0.856299 0.052953 0.858268 0.051935 0.858268 0.047862 0.854331 0.047862 0.852362 0.046843 0.852362 0.040733
0 0.895669 0.000000 0.895669 0.093686 0.899606 0.093686 0.899606 0.000000
0 0.846457 0.000000 0.846457 0.013238 0.848425 0.014257 0.848425 0.016293 0.850394 0.016293 0.852362 0.017312 0.852362 0.019348 0.856299 0.019348 0.856299 0.017312 0.854331 0.016293 0.854331 0.014257 0.856299 0.013238 0.858268 0.013238 0.858268 0.011202 0.856299 0.010183 0.856299 0.009165 0.854331 0.008147 0.854331 0.006110 0.852362 0.005092 0.852362 0.002037 0.854331 0.001018 0.854331 0.000000
0 0.307087 0.000000 0.307087 0.019348 0.314961 0.019348 0.316929 0.020367 0.316929 0.021385 0.322835 0.021385 0.322835 0.016293 0.324803 0.015275 0.328740 0.015275 0.330709 0.016293 0.336614 0.016293 0.336614 0.013238 0.338583 0.012220 0.348425 0.012220 0.348425 0.009165 0.350394 0.008147 0.360236 0.008147 0.362205 0.009165 0.362205 0.011202 0.358268 0.013238 0.352362 0.013238 0.352362 0.015275 0.358268 0.015275 0.360236 0.016293 0.360236 0.018330 0.358268 0.019348 0.352362 0.019348 0.352362 0.030550 0.350394 0.031568 0.336614 0.031568 0.336614 0.033605 0.338583 0.033605 0.340551 0.034623 0.340551 0.038697 0.338583 0.039715 0.338583 0.042770 0.336614 0.043788 0.336614 0.044807 0.334646 0.045825 0.330709 0.045825 0.328740 0.046843 0.328740 0.048880 0.326772 0.049898 0.318898 0.049898 0.318898 0.054990 0.316929 0.056008 0.316929 0.057026 0.314961 0.058045 0.307087 0.058045 0.307087 0.063136 0.305118 0.064155 0.301181 0.064155 0.299213 0.063136 0.299213 0.056008 0.295276 0.056008 0.295276 0.063136 0.293307 0.064155 0.291339 0.064155 0.289370 0.065173 0.283465 0.065173 0.283465 0.071283 0.279528 0.073320 0.279528 0.074338 0.277559 0.075356 0.269685 0.075356 0.267717 0.074338 0.261811 0.074338 0.259843 0.073320 0.259843 0.058045 0.257874 0.058045 0.255906 0.057026 0.255906 0.056008 0.253937 0.056008 0.251969 0.054990 0.251969 0.047862 0.248031 0.047862 0.246063 0.046843 0.246063 0.043788 0.240157 0.040733 0.240157 0.036660 0.236220 0.036660 0.234252 0.035642 0.234252 0.034623 0.232283 0.033605 0.232283 0.032587 0.226378 0.032587 0.224409 0.033605 0.224409 0.039715 0.226378 0.040733 0.226378 0.044807 0.228346 0.045825 0.228346 0.047862 0.230315 0.048880 0.230315 0.049898 0.232283 0.050916 0.232283 0.053971 0.234252 0.054990 0.234252 0.056008 0.236220 0.057026 0.236220 0.058045 0.238189 0.059063 0.238189 0.065173 0.240157 0.066191 0.240157 0.073320 0.242126 0.073320 0.244094 0.074338 0.244094 0.078411 0.246063 0.079430 0.246063 0.082485 0.248031 0.082485 0.250000 0.083503 0.250000 0.088595 0.251969 0.089613 0.251969 0.090631 0.253937 0.090631 0.255906 0.091650 0.255906 0.098778 0.253937 0.099796 0.244094 0.099796 0.242126 0.098778 0.242126 0.097760 0.238189 0.097760 0.238189 0.100815 0.246063 0.100815 0.248031 0.101833 0.248031 0.103870 0.250000 0.104888 0.253937 0.104888 0.255906 0.105906 0.255906 0.112016 0.259843 0.112016 0.259843 0.108961 0.261811 0.107943 0.265748 0.107943 0.267717 0.108961 0.267717 0.122200 0.269685 0.123218 0.269685 0.128310 0.271654 0.129328 0.271654 0.147658 0.275591 0.147658 0.275591 0.130346 0.277559 0.129328 0.283465 0.129328 0.285433 0.130346 0.285433 0.137475 0.291339 0.140530 0.291339 0.145621 0.293307 0.145621 0.295276 0.146640 0.295276 0.158859 0.293307 0.159878 0.293307 0.162933 0.291339 0.163951 0.291339 0.167006 0.289370 0.168024 0.285433 0.168024 0.285433 0.172098 0.283465 0.173116 0.277559 0.173116 0.275591 0.172098 0.275591 0.171079 0.271654 0.171079 0.271654 0.180244 0.267717 0.182281 0.261811 0.182281 0.261811 0.194501 0.259843 0.195519 0.255906 0.195519 0.255906 0.197556 0.253937 0.198574 0.250000 0.198574 0.248031 0.199593 0.244094 0.199593 0.242126 0.198574 0.242126 0.179226 0.238189 0.179226 0.238189 0.181263 0.236220 0.182281 0.236220 0.183299 0.234252 0.184318 0.226378 0.184318 0.226378 0.196538 0.230315 0.196538 0.230315 0.194501 0.232283 0.193483 0.236220 0.193483 0.238189 0.194501 0.238189 0.211813 0.236220 0.212831 0.232283 0.212831 0.230315 0.211813 0.230315 0.206721 0.226378 0.206721 0.226378 0.219959 0.224409 0.220978 0.220472 0.220978 0.218504 0.219959 0.218504 0.210794 0.214567 0.210794 0.214567 0.223014 0.216535 0.224033 0.216535 0.228106 0.212598 0.230143 0.208661 0.230143 0.206693 0.229124 0.206693 0.214868 0.202756 0.214868 0.202756 0.228106 0.200787 0.229124 0.196850 0.229124 0.194882 0.228106 0.194882 0.225051 0.190945 0.225051 0.188976 0.224033 0.188976 0.218941 0.187008 0.217923 0.187008 0.214868 0.185039 0.213849 0.179134 0.213849 0.177165 0.212831 0.175197 0.212831 0.173228 0.211813 0.173228 0.208758 0.167323 0.208758 0.165354 0.207739 0.165354 0.205703 0.157480 0.205703 0.155512 0.204684 0.151575 0.204684 0.149606 0.203666 0.147638 0.203666 0.139764 0.199593 0.139764 0.196538 0.137795 0.195519 0.137795 0.194501 0.135827 0.193483 0.131890 0.193483 0.131890 0.195519 0.133858 0.196538 0.133858 0.198574 0.135827 0.199593 0.135827 0.201629 0.145669 0.206721 0.145669 0.208758 0.149606 0.210794 0.149606 0.212831 0.151575 0.212831 0.153543 0.213849 0.153543 0.215886 0.159449 0.218941 0.159449 0.221996 0.161417 0.221996 0.165354 0.224033 0.165354 0.228106 0.171260 0.231161 0.173228 0.231161 0.175197 0.232179 0.175197 0.233198 0.177165 0.234216 0.177165 0.237271 0.181102 0.239308 0.181102 0.251527 0.185039 0.251527 0.187008 0.252546 0.187008 0.257637 0.188976 0.258656 0.188976 0.260692 0.187008 0.261711 0.187008 0.263747 0.183071 0.265784 0.181102 0.265784 0.181102 0.267821 0.179134 0.268839 0.177165 0.268839 0.175197 0.269857 0.163386 0.269857 0.161417 0.268839 0.155512 0.268839 0.153543 0.269857 0.153543 0.271894 0.151575 0.272912 0.149606 0.272912 0.147638 0.273931 0.145669 0.273931 0.145669 0.274949 0.143701 0.275967 0.143701 0.280041 0.145669 0.281059 0.145669 0.282077 0.147638 0.282077 0.149606 0.283096 0.151575 0.283096 0.153543 0.284114 0.153543 0.287169 0.157480 0.287169 0.159449 0.288187 0.163386 0.288187 0.167323 0.290224 0.181102 0.290224 0.183071 0.289206 0.187008 0.289206 0.188976 0.290224 0.192913 0.290224 0.194882 0.291242 0.206693 0.291242 0.206693 0.280041 0.208661 0.279022 0.212598 0.279022 0.214567 0.280041 0.214567 0.287169 0.218504 0.287169 0.220472 0.288187 0.220472 0.295316 0.218504 0.296334 0.214567 0.296334 0.214567 0.304481 0.218504 0.304481 0.218504 0.297352 0.220472 0.296334 0.224409 0.296334 0.226378 0.297352 0.226378 0.327902 0.230315 0.327902 0.230315 0.315682 0.232283 0.314664 0.236220 0.314664 0.238189 0.315682 0.238189 0.320774 0.242126 0.320774 0.244094 0.321792 0.244094 0.326884 0.248031 0.326884 0.250000 0.327902 0.250000 0.336049 0.246063 0.338086 0.246063 0.340122 0.244094 0.341141 0.244094 0.343177 0.242126 0.344196 0.240157 0.344196 0.240157 0.350305 0.242126 0.351324 0.242126 0.355397 0.240157 0.356415 0.240157 0.364562 0.244094 0.366599 0.244094 0.369654 0.246063 0.370672 0.246063 0.375764 0.250000 0.377800 0.250000 0.378819 0.251969 0.379837 0.251969 0.381874 0.253937 0.382892 0.253937 0.385947 0.255906 0.386965 0.255906 0.387984 0.259843 0.387984 0.261811 0.389002 0.261811 0.394094 0.265748 0.394094 0.267717 0.395112 0.267717 0.397149 0.265748 0.398167 0.261811 0.398167 0.261811 0.406314 0.267717 0.406314 0.269685 0.407332 0.269685 0.409369 0.271654 0.409369 0.273622 0.410387 0.277559 0.410387 0.277559 0.406314 0.281496 0.404277 0.287402 0.404277 0.287402 0.403259 0.289370 0.402240 0.295276 0.402240 0.297244 0.403259 0.297244 0.407332 0.307087 0.407332 0.309055 0.408350 0.309055 0.410387 0.312992 0.410387 0.314961 0.411405 0.314961 0.413442 0.312992 0.414460 0.309055 0.414460 0.309055 0.436864 0.305118 0.438900 0.295276 0.438900 0.293307 0.437882 0.279528 0.437882 0.277559 0.436864 0.273622 0.436864 0.273622 0.437882 0.271654 0.438900 0.265748 0.438900 0.263780 0.439919 0.259843 0.439919 0.257874 0.438900 0.204724 0.438900 0.202756 0.439919 0.198819 0.439919 0.196850 0.438900 0.151575 0.438900 0.149606 0.439919 0.141732 0.439919 0.139764 0.438900 0.112205 0.438900 0.110236 0.439919 0.106299 0.439919 0.104331 0.438900 0.100394 0.438900 0.098425 0.439919 0.094488 0.439919 0.092520 0.438900 0.041339 0.438900 0.039370 0.439919 0.025591 0.439919 0.023622 0.438900 0.019685 0.438900 0.017717 0.439919 0.013780 0.439919 0.011811 0.438900 0.007874 0.438900 0.005906 0.439919 0.000000 0.439919 0.000000 0.447047 0.025591 0.447047 0.027559 0.446029 0.039370 0.446029 0.041339 0.447047 0.059055 0.447047 0.061024 0.446029 0.074803 0.446029 0.076772 0.447047 0.080709 0.447047 0.080709 0.446029 0.082677 0.445010 0.086614 0.445010 0.088583 0.446029 0.088583 0.447047 0.092520 0.447047 0.092520 0.446029 0.094488 0.445010 0.098425 0.445010 0.100394 0.446029 0.104331 0.446029 0.106299 0.445010 0.110236 0.445010 0.112205 0.446029 0.143701 0.446029 0.145669 0.447047 0.145669 0.452138 0.151575 0.452138 0.151575 0.448065 0.153543 0.447047 0.161417 0.447047 0.163386 0.446029 0.185039 0.446029 0.187008 0.445010 0.190945 0.445010 0.192913 0.446029 0.196850 0.446029 0.198819 0.445010 0.202756 0.445010 0.204724 0.446029 0.204724 0.447047 0.208661 0.447047 0.208661 0.446029 0.210630 0.445010 0.257874 0.445010 0.259843 0.443992 0.263780 0.443992 0.265748 0.445010 0.265748 0.447047 0.263780 0.448065 0.261811 0.448065 0.261811 0.457230 0.265748 0.457230 0.265748 0.446029 0.267717 0.445010 0.271654 0.445010 0.273622 0.446029 0.273622 0.447047 0.277559 0.447047 0.279528 0.446029 0.283465 0.446029 0.285433 0.447047 0.289370 0.447047 0.291339 0.446029 0.295276 0.446029 0.297244 0.447047 0.307087 0.447047 0.309055 0.448065 0.309055 0.454175 0.316929 0.454175 0.318898 0.455193 0.318898 0.458248 0.320866 0.459267 0.320866 0.471487 0.324803 0.471487 0.324803 0.466395 0.326772 0.465377 0.334646 0.465377 0.334646 0.463340 0.326772 0.463340 0.324803 0.462322 0.324803 0.458248 0.326772 0.457230 0.334646 0.457230 0.334646 0.452138 0.336614 0.451120 0.340551 0.451120 0.342520 0.452138 0.342520 0.464358 0.344488 0.464358 0.346457 0.465377 0.346457 0.467413 0.352362 0.467413 0.354331 0.468432 0.354331 0.470468 0.358268 0.470468 0.358268 0.450102 0.360236 0.449084 0.364173 0.449084 0.366142 0.450102 0.366142 0.467413 0.370079 0.467413 0.370079 0.448065 0.372047 0.447047 0.377953 0.447047 0.379921 0.446029 0.383858 0.446029 0.385827 0.447047 0.387795 0.447047 0.389764 0.448065 0.393701 0.448065 0.395669 0.447047 0.433071 0.447047 0.435039 0.448065 0.435039 0.449084 0.438976 0.449084 0.438976 0.447047 0.440945 0.446029 0.444882 0.446029 0.446850 0.447047 0.446850 0.458248 0.450787 0.458248 0.450787 0.448065 0.452756 0.447047 0.456693 0.447047 0.458661 0.448065 0.458661 0.464358 0.462598 0.464358 0.462598 0.449084 0.464567 0.448065 0.468504 0.448065 0.470472 0.449084 0.470472 0.470468 0.474409 0.470468 0.474409 0.453157 0.476378 0.452138 0.480315 0.452138 0.482283 0.453157 0.482283 0.474542 0.480315 0.475560 0.470472 0.475560 0.470472 0.482688 0.468504 0.483707 0.464567 0.483707 0.462598 0.482688 0.462598 0.479633 0.458661 0.479633 0.458661 0.485743 0.456693 0.486762 0.452756 0.486762 0.450787 0.485743 0.450787 0.475560 0.442913 0.475560 0.438976 0.473523 0.438976 0.472505 0.435039 0.472505 0.435039 0.483707 0.444882 0.483707 0.446850 0.484725 0.446850 0.491853 0.444882 0.492872 0.444882 0.495927 0.446850 0.496945 0.446850 0.498982 0.456693 0.498982 0.458661 0.500000 0.458661 0.530550 0.460630 0.531568 0.460630 0.541752 0.468504 0.541752 0.472441 0.543788 0.472441 0.544807 0.482283 0.544807 0.484252 0.545825 0.484252 0.547862 0.482283 0.548880 0.482283 0.551935 0.480315 0.552953 0.478346 0.552953 0.476378 0.553971 0.464567 0.553971 0.462598 0.552953 0.462598 0.545825 0.456693 0.545825 0.450787 0.542770 0.450787 0.539715 0.448819 0.538697 0.448819 0.536660 0.437008 0.536660 0.435039 0.535642 0.435039 0.533605 0.431102 0.533605 0.429134 0.532587 0.429134 0.530550 0.431102 0.529532 0.435039 0.529532 0.438976 0.527495 0.440945 0.527495 0.440945 0.520367 0.435039 0.520367 0.435039 0.521385 0.433071 0.522403 0.429134 0.522403 0.427165 0.521385 0.427165 0.517312 0.423228 0.515275 0.413386 0.515275 0.411417 0.514257 0.411417 0.512220 0.409449 0.511202 0.409449 0.508147 0.407480 0.508147 0.405512 0.507128 0.405512 0.505092 0.403543 0.504073 0.403543 0.493890 0.405512 0.492872 0.405512 0.490835 0.403543 0.490835 0.401575 0.489817 0.401575 0.488798 0.397638 0.488798 0.397638 0.489817 0.393701 0.491853 0.391732 0.491853 0.391732 0.497963 0.389764 0.498982 0.389764 0.506110 0.391732 0.507128 0.391732 0.514257 0.389764 0.515275 0.387795 0.515275 0.387795 0.519348 0.389764 0.519348 0.391732 0.520367 0.391732 0.530550 0.389764 0.531568 0.366142 0.531568 0.364173 0.532587 0.362205 0.532587 0.360236 0.533605 0.342520 0.533605 0.340551 0.532587 0.340551 0.526477 0.342520 0.525458 0.352362 0.525458 0.352362 0.513238 0.354331 0.512220 0.358268 0.512220 0.358268 0.502037 0.360236 0.501018 0.362205 0.501018 0.362205 0.498982 0.364173 0.497963 0.370079 0.497963 0.370079 0.488798 0.366142 0.488798 0.366142 0.493890 0.364173 0.494908 0.360236 0.494908 0.358268 0.493890 0.358268 0.492872 0.348425 0.492872 0.346457 0.491853 0.346457 0.478615 0.342520 0.478615 0.342520 0.487780 0.340551 0.488798 0.332677 0.488798 0.332677 0.494908 0.330709 0.495927 0.326772 0.495927 0.324803 0.494908 0.324803 0.478615 0.320866 0.478615 0.320866 0.495927 0.318898 0.496945 0.314961 0.496945 0.312992 0.495927 0.312992 0.487780 0.309055 0.487780 0.309055 0.504073 0.307087 0.505092 0.303150 0.505092 0.301181 0.504073 0.301181 0.502037 0.297244 0.502037 0.297244 0.523422 0.299213 0.524440 0.299213 0.528513 0.301181 0.529532 0.301181 0.531568 0.303150 0.532587 0.303150 0.535642 0.301181 0.536660 0.301181 0.541752 0.303150 0.542770 0.303150 0.547862 0.305118 0.548880 0.305118 0.551935 0.303150 0.552953 0.299213 0.552953 0.297244 0.553971 0.297244 0.561100 0.301181 0.561100 0.303150 0.560081 0.311024 0.560081 0.311024 0.559063 0.312992 0.558045 0.318898 0.558045 0.320866 0.559063 0.320866 0.576375 0.318898 0.577393 0.312992 0.577393 0.311024 0.576375 0.307087 0.576375 0.305118 0.575356 0.301181 0.575356 0.299213 0.574338 0.295276 0.574338 0.293307 0.573320 0.283465 0.573320 0.281496 0.572301 0.277559 0.572301 0.275591 0.571283 0.269685 0.571283 0.267717 0.570265 0.263780 0.570265 0.261811 0.569246 0.257874 0.569246 0.255906 0.568228 0.250000 0.568228 0.248031 0.567210 0.244094 0.567210 0.242126 0.566191 0.238189 0.566191 0.236220 0.565173 0.228346 0.565173 0.226378 0.564155 0.222441 0.564155 0.218504 0.562118 0.210630 0.562118 0.208661 0.561100 0.208661 0.552953 0.204724 0.552953 0.204724 0.556008 0.202756 0.557026 0.198819 0.557026 0.196850 0.556008 0.196850 0.554990 0.192913 0.554990 0.190945 0.553971 0.190945 0.552953 0.188976 0.551935 0.187008 0.551935 0.185039 0.550916 0.185039 0.548880 0.181102 0.548880 0.177165 0.546843 0.175197 0.546843 0.173228 0.545825 0.173228 0.544807 0.169291 0.544807 0.167323 0.543788 0.165354 0.543788 0.161417 0.541752 0.161417 0.540733 0.155512 0.540733 0.151575 0.538697 0.149606 0.538697 0.147638 0.537678 0.145669 0.537678 0.139764 0.534623 0.137795 0.534623 0.135827 0.533605 0.133858 0.533605 0.131890 0.532587 0.129921 0.532587 0.127953 0.531568 0.124016 0.531568 0.124016 0.533605 0.125984 0.533605 0.129921 0.535642 0.131890 0.535642 0.137795 0.538697 0.139764 0.538697 0.143701 0.540733 0.145669 0.540733 0.147638 0.541752 0.147638 0.542770 0.149606 0.542770 0.151575 0.543788 0.151575 0.544807 0.153543 0.544807 0.161417 0.548880 0.161417 0.549898 0.163386 0.549898 0.169291 0.552953 0.169291 0.553971 0.171260 0.554990 0.171260 0.557026 0.169291 0.558045 0.163386 0.558045 0.163386 0.560081 0.167323 0.560081 0.169291 0.561100 0.175197 0.561100 0.181102 0.564155 0.181102 0.567210 0.183071 0.568228 0.187008 0.568228 0.188976 0.569246 0.188976 0.570265 0.192913 0.572301 0.192913 0.575356 0.202756 0.575356 0.204724 0.576375 0.204724 0.584521 0.202756 0.585540 0.171260 0.585540 0.169291 0.586558 0.155512 0.586558 0.153543 0.587576 0.137795 0.587576 0.135827 0.588595 0.131890 0.588595 0.129921 0.589613 0.125984 0.589613 0.122047 0.591650 0.120079 0.591650 0.112205 0.595723 0.112205 0.596741 0.110236 0.597760 0.110236 0.602851 0.112205 0.603870 0.116142 0.603870 0.116142 0.602851 0.120079 0.600815 0.122047 0.600815 0.124016 0.599796 0.125984 0.599796 0.127953 0.598778 0.129921 0.598778 0.133858 0.596741 0.141732 0.596741 0.145669 0.594705 0.145669 0.591650 0.147638 0.590631 0.151575 0.590631 0.153543 0.591650 0.153543 0.593686 0.175197 0.593686 0.177165 0.594705 0.177165 0.595723 0.187008 0.595723 0.188976 0.596741 0.190945 0.596741 0.192913 0.597760 0.192913 0.598778 0.196850 0.598778 0.198819 0.597760 0.202756 0.597760 0.204724 0.598778 0.204724 0.616090 0.202756 0.617108 0.198819 0.617108 0.196850 0.616090 0.196850 0.614053 0.192913 0.614053 0.190945 0.615071 0.183071 0.615071 0.181102 0.616090 0.177165 0.616090 0.175197 0.615071 0.175197 0.614053 0.171260 0.614053 0.169291 0.615071 0.165354 0.615071 0.163386 0.614053 0.163386 0.610998 0.159449 0.610998 0.159449 0.616090 0.157480 0.617108 0.151575 0.617108 0.151575 0.618126 0.149606 0.619145 0.145669 0.619145 0.139764 0.616090 0.139764 0.614053 0.135827 0.614053 0.135827 0.617108 0.133858 0.618126 0.120079 0.618126 0.118110 0.617108 0.110236 0.617108 0.110236 0.619145 0.116142 0.619145 0.118110 0.620163 0.118110 0.622200 0.116142 0.623218 0.114173 0.623218 0.112205 0.624236 0.098425 0.624236 0.096457 0.625255 0.078740 0.625255 0.076772 0.626273 0.062992 0.626273 0.061024 0.625255 0.059055 0.625255 0.057087 0.624236 0.053150 0.624236 0.053150 0.629328 0.049213 0.631365 0.041339 0.631365 0.041339 0.633401 0.061024 0.633401 0.062992 0.634420 0.062992 0.639511 0.064961 0.639511 0.066929 0.640530 0.066929 0.644603 0.076772 0.644603 0.078740 0.645621 0.078740 0.646640 0.086614 0.646640 0.090551 0.648676 0.090551 0.651731 0.096457 0.651731 0.098425 0.652749 0.100394 0.652749 0.102362 0.653768 0.102362 0.656823 0.106299 0.656823 0.112205 0.659878 0.112205 0.660896 0.114173 0.661914 0.114173 0.662933 0.118110 0.662933 0.124016 0.665988 0.124016 0.669043 0.127953 0.669043 0.129921 0.670061 0.129921 0.671079 0.131890 0.672098 0.131890 0.675153 0.133858 0.675153 0.135827 0.676171 0.135827 0.678208 0.127953 0.682281 0.125984 0.682281 0.118110 0.686354 0.116142 0.686354 0.116142 0.687373 0.114173 0.688391 0.114173 0.689409 0.112205 0.690428 0.112205 0.692464 0.120079 0.692464 0.122047 0.693483 0.122047 0.709776 0.120079 0.710794 0.120079 0.711813 0.118110 0.712831 0.116142 0.712831 0.116142 0.713849 0.108268 0.717923 0.096457 0.717923 0.094488 0.716904 0.090551 0.716904 0.088583 0.717923 0.068898 0.717923 0.066929 0.718941 0.049213 0.718941 0.047244 0.717923 0.025591 0.717923 0.023622 0.716904 0.000000 0.716904 0.000000 0.719959 0.007874 0.719959 0.009843 0.720978 0.009843 0.727088 0.013780 0.727088 0.013780 0.721996 0.015748 0.720978 0.019685 0.720978 0.021654 0.721996 0.031496 0.721996 0.033465 0.723014 0.035433 0.723014 0.037402 0.724033 0.049213 0.724033 0.051181 0.725051 0.055118 0.725051 0.057087 0.726069 0.061024 0.726069 0.062992 0.727088 0.074803 0.727088 0.078740 0.729124 0.078740 0.730143 0.080709 0.731161 0.080709 0.733198 0.076772 0.735234 0.076772 0.736253 0.074803 0.737271 0.074803 0.738289 0.072835 0.739308 0.072835 0.743381 0.080709 0.743381 0.084646 0.741344 0.088583 0.741344 0.090551 0.742363 0.094488 0.742363 0.094488 0.738289 0.096457 0.737271 0.102362 0.737271 0.104331 0.736253 0.106299 0.736253 0.108268 0.735234 0.110236 0.735234 0.112205 0.734216 0.118110 0.734216 0.120079 0.733198 0.124016 0.733198 0.125984 0.734216 0.129921 0.734216 0.129921 0.733198 0.133858 0.731161 0.139764 0.731161 0.141732 0.730143 0.143701 0.730143 0.145669 0.729124 0.157480 0.729124 0.159449 0.730143 0.163386 0.730143 0.165354 0.729124 0.181102 0.729124 0.183071 0.730143 0.187008 0.730143 0.188976 0.729124 0.192913 0.729124 0.196850 0.731161 0.196850 0.733198 0.194882 0.734216 0.194882 0.735234 0.190945 0.737271 0.190945 0.738289 0.188976 0.739308 0.188976 0.740326 0.187008 0.741344 0.185039 0.741344 0.185039 0.743381 0.183071 0.744399 0.183071 0.746436 0.181102 0.747454 0.181102 0.749491 0.179134 0.750509 0.179134 0.752546 0.177165 0.753564 0.177165 0.755601 0.175197 0.756619 0.175197 0.757637 0.173228 0.758656 0.173228 0.760692 0.171260 0.761711 0.171260 0.763747 0.169291 0.764766 0.169291 0.767821 0.167323 0.768839 0.167323 0.774949 0.171260 0.774949 0.173228 0.775967 0.173228 0.785132 0.177165 0.785132 0.177165 0.778004 0.179134 0.776986 0.190945 0.776986 0.190945 0.771894 0.192913 0.770876 0.192913 0.766802 0.194882 0.765784 0.194882 0.764766 0.196850 0.763747 0.196850 0.762729 0.198819 0.761711 0.198819 0.756619 0.200787 0.755601 0.200787 0.753564 0.202756 0.752546 0.202756 0.751527 0.204724 0.750509 0.206693 0.750509 0.208661 0.749491 0.212598 0.749491 0.214567 0.750509 0.214567 0.762729 0.212598 0.763747 0.212598 0.768839 0.214567 0.769857 0.214567 0.775967 0.216535 0.776986 0.216535 0.778004 0.218504 0.779022 0.218504 0.781059 0.214567 0.783096 0.212598 0.783096 0.210630 0.784114 0.204724 0.784114 0.202756 0.785132 0.196850 0.785132 0.194882 0.786151 0.192913 0.786151 0.190945 0.787169 0.185039 0.787169 0.183071 0.788187 0.181102 0.788187 0.179134 0.789206 0.173228 0.789206 0.171260 0.790224 0.169291 0.790224 0.167323 0.791242 0.159449 0.791242 0.157480 0.792261 0.153543 0.792261 0.151575 0.793279 0.143701 0.793279 0.141732 0.794297 0.135827 0.794297 0.133858 0.795316 0.125984 0.795316 0.124016 0.796334 0.116142 0.796334 0.114173 0.797352 0.039370 0.797352 0.037402 0.796334 0.037402 0.793279 0.033465 0.793279 0.033465 0.795316 0.031496 0.796334 0.017717 0.796334 0.015748 0.797352 0.015748 0.799389 0.021654 0.802444 0.025591 0.802444 0.027559 0.803462 0.037402 0.803462 0.039370 0.804481 0.039370 0.805499 0.043307 0.805499 0.045276 0.806517 0.049213 0.806517 0.051181 0.807536 0.055118 0.807536 0.057087 0.808554 0.057087 0.810591 0.066929 0.810591 0.068898 0.811609 0.076772 0.811609 0.080709 0.813646 0.084646 0.813646 0.086614 0.814664 0.086614 0.816701 0.084646 0.817719 0.080709 0.817719 0.078740 0.818737 0.076772 0.818737 0.072835 0.820774 0.066929 0.820774 0.064961 0.821792 0.059055 0.821792 0.057087 0.822811 0.053150 0.822811 0.051181 0.823829 0.047244 0.823829 0.045276 0.824847 0.033465 0.824847 0.033465 0.825866 0.031496 0.826884 0.027559 0.826884 0.025591 0.827902 0.021654 0.827902 0.021654 0.831976 0.033465 0.831976 0.035433 0.830957 0.047244 0.830957 0.049213 0.829939 0.053150 0.829939 0.055118 0.828921 0.064961 0.828921 0.066929 0.827902 0.070866 0.827902 0.072835 0.826884 0.082677 0.826884 0.082677 0.825866 0.084646 0.824847 0.088583 0.824847 0.090551 0.825866 0.094488 0.825866 0.094488 0.824847 0.096457 0.823829 0.106299 0.823829 0.108268 0.822811 0.118110 0.822811 0.120079 0.821792 0.129921 0.821792 0.131890 0.820774 0.135827 0.820774 0.137795 0.821792 0.177165 0.821792 0.177165 0.820774 0.179134 0.819756 0.187008 0.819756 0.187008 0.818737 0.188976 0.817719 0.204724 0.817719 0.206693 0.818737 0.206693 0.822811 0.210630 0.822811 0.210630 0.818737 0.212598 0.817719 0.226378 0.817719 0.228346 0.816701 0.244094 0.816701 0.246063 0.815682 0.259843 0.815682 0.261811 0.814664 0.267717 0.814664 0.269685 0.813646 0.279528 0.813646 0.281496 0.812627 0.289370 0.812627 0.291339 0.811609 0.295276 0.811609 0.297244 0.812627 0.297244 0.814664 0.293307 0.816701 0.289370 0.816701 0.289370 0.820774 0.287402 0.821792 0.285433 0.821792 0.285433 0.822811 0.283465 0.823829 0.283465 0.824847 0.281496 0.825866 0.277559 0.825866 0.277559 0.826884 0.275591 0.827902 0.273622 0.827902 0.271654 0.828921 0.269685 0.828921 0.269685 0.829939 0.267717 0.830957 0.265748 0.830957 0.263780 0.831976 0.261811 0.831976 0.259843 0.832994 0.257874 0.832994 0.253937 0.835031 0.251969 0.835031 0.250000 0.836049 0.248031 0.836049 0.246063 0.837067 0.244094 0.837067 0.240157 0.839104 0.238189 0.839104 0.234252 0.841141 0.230315 0.841141 0.226378 0.843177 0.224409 0.843177 0.222441 0.844196 0.220472 0.844196 0.216535 0.846232 0.214567 0.846232 0.212598 0.847251 0.210630 0.847251 0.202756 0.851324 0.200787 0.851324 0.198819 0.852342 0.196850 0.852342 0.190945 0.855397 0.187008 0.855397 0.181102 0.858452 0.179134 0.858452 0.177165 0.859470 0.175197 0.859470 0.171260 0.861507 0.169291 0.861507 0.165354 0.863544 0.163386 0.863544 0.161417 0.864562 0.159449 0.864562 0.155512 0.866599 0.149606 0.866599 0.149606 0.868635 0.147638 0.869654 0.145669 0.869654 0.141732 0.871690 0.139764 0.871690 0.135827 0.873727 0.133858 0.873727 0.131890 0.874745 0.129921 0.874745 0.125984 0.876782 0.124016 0.876782 0.120079 0.878819 0.118110 0.878819 0.114173 0.880855 0.112205 0.880855 0.110236 0.881874 0.106299 0.881874 0.104331 0.882892 0.100394 0.882892 0.098425 0.883910 0.094488 0.883910 0.090551 0.885947 0.088583 0.885947 0.086614 0.886965 0.082677 0.886965 0.080709 0.887984 0.078740 0.887984 0.076772 0.889002 0.074803 0.889002 0.072835 0.890020 0.070866 0.890020 0.070866 0.893075 0.084646 0.893075 0.086614 0.892057 0.094488 0.892057 0.094488 0.891039 0.096457 0.890020 0.100394 0.890020 0.102362 0.889002 0.108268 0.889002 0.112205 0.886965 0.118110 0.886965 0.118110 0.885947 0.120079 0.884929 0.122047 0.884929 0.124016 0.883910 0.129921 0.883910 0.129921 0.882892 0.133858 0.880855 0.135827 0.880855 0.137795 0.879837 0.139764 0.879837 0.143701 0.877800 0.145669 0.877800 0.147638 0.876782 0.149606 0.876782 0.149606 0.874745 0.151575 0.873727 0.159449 0.873727 0.161417 0.872709 0.163386 0.872709 0.165354 0.871690 0.167323 0.871690 0.171260 0.869654 0.175197 0.869654 0.175197 0.868635 0.177165 0.867617 0.181102 0.867617 0.183071 0.866599 0.187008 0.866599 0.188976 0.865580 0.198819 0.865580 0.198819 0.864562 0.202756 0.862525 0.210630 0.862525 0.210630 0.859470 0.212598 0.858452 0.218504 0.858452 0.220472 0.857434 0.222441 0.857434 0.222441 0.856415 0.224409 0.855397 0.226378 0.855397 0.228346 0.854379 0.234252 0.854379 0.234252 0.852342 0.236220 0.851324 0.246063 0.851324 0.246063 0.849287 0.248031 0.848269 0.250000 0.848269 0.251969 0.847251 0.257874 0.847251 0.257874 0.846232 0.261811 0.844196 0.261811 0.843177 0.263780 0.842159 0.263780 0.841141 0.265748 0.840122 0.279528 0.840122 0.279528 0.838086 0.281496 0.837067 0.285433 0.837067 0.287402 0.836049 0.293307 0.836049 0.295276 0.835031 0.297244 0.835031 0.297244 0.834012 0.299213 0.832994 0.303150 0.832994 0.303150 0.831976 0.305118 0.830957 0.309055 0.830957 0.311024 0.829939 0.314961 0.829939 0.314961 0.828921 0.316929 0.827902 0.326772 0.827902 0.326772 0.823829 0.328740 0.822811 0.330709 0.822811 0.332677 0.821792 0.336614 0.821792 0.338583 0.822811 0.338583 0.824847 0.336614 0.825866 0.336614 0.826884 0.334646 0.827902 0.334646 0.829939 0.330709 0.831976 0.330709 0.832994 0.324803 0.836049 0.324803 0.838086 0.322835 0.839104 0.322835 0.840122 0.320866 0.841141 0.320866 0.842159 0.316929 0.844196 0.316929 0.845214 0.312992 0.847251 0.312992 0.848269 0.311024 0.849287 0.311024 0.850305 0.309055 0.851324 0.309055 0.852342 0.307087 0.853360 0.307087 0.854379 0.303150 0.856415 0.303150 0.857434 0.301181 0.858452 0.301181 0.859470 0.299213 0.860489 0.299213 0.861507 0.297244 0.862525 0.297244 0.863544 0.295276 0.864562 0.295276 0.866599 0.293307 0.867617 0.293307 0.869654 0.291339 0.870672 0.291339 0.873727 0.289370 0.874745 0.289370 0.877800 0.287402 0.878819 0.287402 0.881874 0.285433 0.882892 0.285433 0.887984 0.283465 0.889002 0.283465 0.899185 0.285433 0.900204 0.285433 0.902240 0.291339 0.902240 0.293307 0.903259 0.293307 0.905295 0.295276 0.906314 0.295276 0.913442 0.293307 0.914460 0.293307 0.916497 0.291339 0.917515 0.291339 0.918534 0.289370 0.919552 0.289370 0.920570 0.287402 0.921589 0.287402 0.923625 0.285433 0.924644 0.285433 0.925662 0.283465 0.926680 0.283465 0.927699 0.281496 0.928717 0.281496 0.929735 0.279528 0.930754 0.279528 0.931772 0.277559 0.932790 0.277559 0.933809 0.275591 0.934827 0.275591 0.935845 0.273622 0.936864 0.273622 0.937882 0.271654 0.938900 0.271654 0.939919 0.269685 0.940937 0.267717 0.940937 0.267717 0.943992 0.265748 0.945010 0.265748 0.946029 0.263780 0.947047 0.263780 0.948065 0.259843 0.950102 0.259843 0.951120 0.255906 0.953157 0.255906 0.955193 0.251969 0.957230 0.251969 0.958248 0.246063 0.961303 0.246063 0.962322 0.242126 0.964358 0.242126 0.965377 0.240157 0.966395 0.240157 0.968432 0.250000 0.968432 0.253937 0.970468 0.253937 0.972505 0.257874 0.972505 0.257874 0.970468 0.259843 0.969450 0.261811 0.969450 0.263780 0.968432 0.265748 0.968432 0.265748 0.967413 0.267717 0.966395 0.273622 0.966395 0.275591 0.967413 0.275591 0.975560 0.273622 0.976578 0.273622 0.979633 0.277559 0.979633 0.281496 0.977597 0.283465 0.977597 0.289370 0.974542 0.295276 0.974542 0.299213 0.976578 0.303150 0.976578 0.305118 0.975560 0.305118 0.974542 0.307087 0.973523 0.309055 0.973523 0.309055 0.970468 0.307087 0.970468 0.305118 0.969450 0.305118 0.967413 0.307087 0.966395 0.311024 0.966395 0.312992 0.967413 0.312992 0.968432 0.316929 0.968432 0.320866 0.966395 0.320866 0.963340 0.322835 0.962322 0.328740 0.962322 0.328740 0.955193 0.330709 0.954175 0.332677 0.954175 0.332677 0.951120 0.334646 0.950102 0.334646 0.949084 0.336614 0.948065 0.336614 0.947047 0.338583 0.946029 0.338583 0.942974 0.340551 0.941955 0.340551 0.938900 0.344488 0.936864 0.344488 0.935845 0.348425 0.933809 0.350394 0.933809 0.350394 0.928717 0.352362 0.927699 0.352362 0.926680 0.354331 0.925662 0.354331 0.924644 0.356299 0.923625 0.356299 0.921589 0.360236 0.919552 0.360236 0.917515 0.362205 0.916497 0.362205 0.914460 0.364173 0.913442 0.364173 0.912424 0.366142 0.911405 0.366142 0.908350 0.368110 0.907332 0.368110 0.906314 0.370079 0.905295 0.370079 0.903259 0.372047 0.902240 0.372047 0.899185 0.374016 0.898167 0.374016 0.895112 0.375984 0.894094 0.377953 0.894094 0.377953 0.892057 0.379921 0.891039 0.379921 0.881874 0.381890 0.880855 0.381890 0.879837 0.383858 0.878819 0.389764 0.878819 0.389764 0.876782 0.393701 0.874745 0.393701 0.872709 0.395669 0.871690 0.395669 0.870672 0.397638 0.869654 0.397638 0.868635 0.399606 0.867617 0.399606 0.866599 0.401575 0.865580 0.401575 0.864562 0.405512 0.862525 0.405512 0.859470 0.407480 0.858452 0.411417 0.858452 0.413386 0.859470 0.413386 0.863544 0.411417 0.864562 0.411417 0.872709 0.409449 0.873727 0.409449 0.878819 0.407480 0.879837 0.407480 0.886965 0.405512 0.887984 0.405512 0.897149 0.403543 0.898167 0.403543 0.914460 0.401575 0.915479 0.401575 0.920570 0.397638 0.922607 0.395669 0.922607 0.393701 0.923625 0.391732 0.923625 0.391732 0.925662 0.399606 0.925662 0.401575 0.926680 0.401575 0.937882 0.403543 0.938900 0.403543 0.945010 0.405512 0.946029 0.405512 0.953157 0.401575 0.955193 0.401575 0.956212 0.397638 0.958248 0.393701 0.958248 0.393701 0.964358 0.391732 0.965377 0.389764 0.965377 0.389764 0.970468 0.391732 0.970468 0.393701 0.971487 0.393701 0.975560 0.391732 0.976578 0.391732 0.978615 0.389764 0.979633 0.389764 0.984725 0.387795 0.985743 0.381890 0.985743 0.381890 0.991853 0.387795 0.991853 0.389764 0.990835 0.397638 0.990835 0.397638 0.986762 0.401575 0.984725 0.401575 0.981670 0.403543 0.980652 0.403543 0.979633 0.405512 0.978615 0.409449 0.978615 0.409449 0.976578 0.413386 0.974542 0.413386 0.972505 0.415354 0.971487 0.417323 0.971487 0.419291 0.970468 0.421260 0.970468 0.421260 0.955193 0.419291 0.955193 0.417323 0.954175 0.417323 0.952138 0.419291 0.951120 0.421260 0.951120 0.423228 0.950102 0.423228 0.948065 0.425197 0.947047 0.425197 0.943992 0.427165 0.942974 0.427165 0.941955 0.429134 0.940937 0.429134 0.937882 0.431102 0.936864 0.431102 0.934827 0.433071 0.933809 0.433071 0.931772 0.435039 0.930754 0.435039 0.928717 0.437008 0.927699 0.437008 0.925662 0.438976 0.924644 0.438976 0.923625 0.440945 0.922607 0.440945 0.918534 0.442913 0.917515 0.442913 0.916497 0.452756 0.911405 0.454724 0.911405 0.454724 0.909369 0.456693 0.908350 0.458661 0.908350 0.462598 0.906314 0.464567 0.906314 0.466535 0.905295 0.466535 0.903259 0.470472 0.901222 0.470472 0.900204 0.472441 0.899185 0.476378 0.899185 0.476378 0.893075 0.478346 0.892057 0.486220 0.892057 0.488189 0.893075 0.488189 0.963340 0.486220 0.964358 0.486220 0.972505 0.484252 0.973523 0.484252 0.988798 0.488189 0.988798 0.490157 0.989817 0.490157 0.992872 0.494094 0.992872 0.494094 0.986762 0.496063 0.985743 0.496063 0.971487 0.494094 0.970468 0.494094 0.962322 0.496063 0.961303 0.496063 0.946029 0.498031 0.945010 0.500000 0.945010 0.500000 0.931772 0.501969 0.930754 0.501969 0.918534 0.503937 0.917515 0.503937 0.914460 0.505906 0.913442 0.505906 0.909369 0.507874 0.908350 0.507874 0.877800 0.509843 0.876782 0.509843 0.853360 0.511811 0.852342 0.511811 0.836049 0.513780 0.835031 0.513780 0.830957 0.515748 0.829939 0.515748 0.828921 0.527559 0.822811 0.531496 0.822811 0.535433 0.824847 0.535433 0.826884 0.537402 0.827902 0.537402 0.834012 0.535433 0.835031 0.535433 0.837067 0.533465 0.838086 0.533465 0.840122 0.531496 0.841141 0.531496 0.843177 0.529528 0.844196 0.529528 0.846232 0.525591 0.848269 0.525591 0.849287 0.521654 0.851324 0.521654 0.853360 0.519685 0.854379 0.519685 0.856415 0.523622 0.856415 0.525591 0.855397 0.529528 0.855397 0.531496 0.856415 0.535433 0.856415 0.535433 0.854379 0.537402 0.853360 0.541339 0.853360 0.543307 0.854379 0.543307 0.856415 0.545276 0.857434 0.545276 0.866599 0.547244 0.867617 0.547244 0.874745 0.549213 0.875764 0.549213 0.887984 0.551181 0.889002 0.551181 0.895112 0.553150 0.896130 0.553150 0.901222 0.555118 0.902240 0.555118 0.939919 0.553150 0.940937 0.553150 0.949084 0.551181 0.950102 0.551181 0.956212 0.549213 0.957230 0.549213 0.961303 0.547244 0.962322 0.547244 0.964358 0.545276 0.965377 0.545276 0.969450 0.543307 0.970468 0.543307 0.971487 0.541339 0.972505 0.541339 0.973523 0.539370 0.974542 0.539370 0.975560 0.535433 0.977597 0.535433 0.979633 0.533465 0.980652 0.533465 0.985743 0.537402 0.985743 0.539370 0.984725 0.549213 0.984725 0.551181 0.985743 0.553150 0.985743 0.555118 0.986762 0.559055 0.986762 0.561024 0.985743 0.562992 0.985743 0.564961 0.984725 0.568898 0.984725 0.572835 0.982688 0.578740 0.982688 0.580709 0.983707 0.586614 0.983707 0.586614 0.982688 0.592520 0.979633 0.594488 0.979633 0.594488 0.976578 0.596457 0.975560 0.596457 0.974542 0.602362 0.971487 0.606299 0.971487 0.606299 0.967413 0.604331 0.966395 0.602362 0.966395 0.600394 0.965377 0.600394 0.959267 0.598425 0.958248 0.590551 0.958248 0.588583 0.959267 0.584646 0.959267 0.582677 0.958248 0.582677 0.955193 0.584646 0.954175 0.584646 0.940937 0.586614 0.939919 0.586614 0.926680 0.580709 0.926680 0.580709 0.929735 0.578740 0.930754 0.578740 0.950102 0.574803 0.952138 0.566929 0.952138 0.564961 0.951120 0.564961 0.943992 0.566929 0.942974 0.566929 0.928717 0.564961 0.927699 0.564961 0.904277 0.562992 0.903259 0.562992 0.892057 0.561024 0.891039 0.561024 0.876782 0.559055 0.875764 0.559055 0.861507 0.561024 0.860489 0.564961 0.860489 0.566929 0.861507 0.566929 0.865580 0.568898 0.866599 0.568898 0.869654 0.570866 0.870672 0.570866 0.871690 0.572835 0.872709 0.572835 0.876782 0.574803 0.877800 0.574803 0.881874 0.576772 0.882892 0.576772 0.885947 0.578740 0.886965 0.578740 0.892057 0.580709 0.893075 0.580709 0.895112 0.582677 0.896130 0.582677 0.899185 0.584646 0.900204 0.584646 0.904277 0.586614 0.905295 0.586614 0.909369 0.588583 0.910387 0.588583 0.914460 0.590551 0.915479 0.590551 0.919552 0.592520 0.920570 0.592520 0.924644 0.594488 0.925662 0.594488 0.927699 0.596457 0.928717 0.596457 0.931772 0.598425 0.932790 0.598425 0.934827 0.600394 0.935845 0.600394 0.937882 0.602362 0.938900 0.602362 0.941955 0.604331 0.942974 0.604331 0.943992 0.606299 0.945010 0.606299 0.946029 0.608268 0.947047 0.608268 0.949084 0.610236 0.950102 0.610236 0.953157 0.612205 0.954175 0.612205 0.955193 0.614173 0.956212 0.614173 0.960285 0.616142 0.961303 0.616142 0.963340 0.618110 0.964358 0.618110 0.965377 0.620079 0.966395 0.620079 0.967413 0.622047 0.968432 0.622047 0.970468 0.624016 0.971487 0.624016 0.972505 0.625984 0.973523 0.625984 0.974542 0.627953 0.975560 0.627953 0.976578 0.635827 0.980652 0.639764 0.980652 0.639764 0.978615 0.637795 0.977597 0.637795 0.976578 0.633858 0.974542 0.633858 0.972505 0.631890 0.971487 0.631890 0.969450 0.629921 0.968432 0.629921 0.966395 0.627953 0.965377 0.627953 0.963340 0.625984 0.962322 0.625984 0.959267 0.624016 0.958248 0.624016 0.957230 0.622047 0.956212 0.622047 0.953157 0.620079 0.952138 0.620079 0.950102 0.618110 0.949084 0.618110 0.947047 0.616142 0.946029 0.614173 0.946029 0.612205 0.945010 0.612205 0.938900 0.610236 0.937882 0.610236 0.934827 0.608268 0.933809 0.608268 0.931772 0.606299 0.930754 0.606299 0.928717 0.604331 0.927699 0.604331 0.925662 0.602362 0.924644 0.602362 0.920570 0.600394 0.919552 0.600394 0.917515 0.598425 0.916497 0.598425 0.912424 0.600394 0.911405 0.604331 0.911405 0.606299 0.912424 0.606299 0.914460 0.610236 0.914460 0.612205 0.913442 0.612205 0.902240 0.610236 0.902240 0.608268 0.901222 0.608268 0.898167 0.604331 0.896130 0.604331 0.887984 0.602362 0.887984 0.600394 0.886965 0.600394 0.884929 0.598425 0.883910 0.598425 0.879837 0.596457 0.878819 0.596457 0.873727 0.594488 0.872709 0.594488 0.868635 0.592520 0.867617 0.592520 0.835031 0.594488 0.834012 0.598425 0.834012 0.602362 0.836049 0.604331 0.836049 0.606299 0.837067 0.606299 0.838086 0.608268 0.839104 0.608268 0.846232 0.612205 0.846232 0.614173 0.845214 0.614173 0.844196 0.616142 0.843177 0.622047 0.843177 0.624016 0.844196 0.624016 0.845214 0.629921 0.845214 0.631890 0.846232 0.633858 0.846232 0.635827 0.847251 0.635827 0.849287 0.639764 0.849287 0.647638 0.853360 0.647638 0.856415 0.651575 0.856415 0.653543 0.857434 0.653543 0.858452 0.655512 0.859470 0.655512 0.860489 0.659449 0.862525 0.659449 0.863544 0.661417 0.864562 0.661417 0.865580 0.665354 0.867617 0.665354 0.874745 0.663386 0.875764 0.663386 0.878819 0.661417 0.879837 0.661417 0.885947 0.659449 0.886965 0.659449 0.892057 0.657480 0.893075 0.657480 0.900204 0.655512 0.901222 0.655512 0.906314 0.653543 0.907332 0.653543 0.922607 0.651575 0.923625 0.651575 0.924644 0.649606 0.925662 0.649606 0.927699 0.645669 0.929735 0.645669 0.933809 0.649606 0.933809 0.657480 0.929735 0.657480 0.928717 0.659449 0.927699 0.659449 0.926680 0.661417 0.925662 0.661417 0.924644 0.663386 0.923625 0.663386 0.921589 0.665354 0.920570 0.665354 0.918534 0.667323 0.917515 0.667323 0.914460 0.671260 0.912424 0.673228 0.912424 0.673228 0.905295 0.675197 0.904277 0.675197 0.901222 0.677165 0.900204 0.677165 0.896130 0.679134 0.895112 0.679134 0.889002 0.681102 0.887984 0.681102 0.883910 0.683071 0.882892 0.687008 0.882892 0.688976 0.883910 0.688976 0.884929 0.694882 0.887984 0.694882 0.889002 0.700787 0.892057 0.700787 0.893075 0.702756 0.894094 0.702756 0.895112 0.704724 0.895112 0.706693 0.896130 0.706693 0.898167 0.712598 0.901222 0.712598 0.902240 0.716535 0.904277 0.716535 0.905295 0.718504 0.906314 0.718504 0.907332 0.722441 0.909369 0.722441 0.910387 0.726378 0.910387 0.726378 0.903259 0.724409 0.902240 0.724409 0.900204 0.720472 0.898167 0.720472 0.893075 0.716535 0.893075 0.714567 0.892057 0.714567 0.891039 0.712598 0.890020 0.712598 0.886965 0.708661 0.884929 0.708661 0.882892 0.710630 0.881874 0.716535 0.881874 0.718504 0.882892 0.720472 0.882892 0.726378 0.885947 0.730315 0.885947 0.732283 0.886965 0.732283 0.887984 0.734252 0.887984 0.736220 0.889002 0.736220 0.890020 0.742126 0.893075 0.742126 0.894094 0.744094 0.894094 0.746063 0.895112 0.748031 0.895112 0.753937 0.898167 0.755906 0.898167 0.765748 0.903259 0.767717 0.903259 0.769685 0.904277 0.771654 0.904277 0.777559 0.907332 0.781496 0.907332 0.787402 0.910387 0.791339 0.910387 0.793307 0.911405 0.795276 0.911405 0.799213 0.913442 0.803150 0.913442 0.803150 0.911405 0.797244 0.908350 0.795276 0.908350 0.789370 0.905295 0.789370 0.901222 0.791339 0.900204 0.795276 0.900204 0.799213 0.902240 0.801181 0.902240 0.805118 0.904277 0.807087 0.904277 0.811024 0.906314 0.812992 0.906314 0.816929 0.908350 0.818898 0.908350 0.822835 0.910387 0.826772 0.910387 0.826772 0.908350 0.824803 0.907332 0.824803 0.906314 0.822835 0.905295 0.820866 0.905295 0.816929 0.903259 0.814961 0.903259 0.811024 0.901222 0.811024 0.900204 0.809055 0.900204 0.807087 0.899185 0.805118 0.899185 0.799213 0.896130 0.797244 0.896130 0.787402 0.891039 0.785433 0.891039 0.775591 0.885947 0.773622 0.885947 0.757874 0.877800 0.755906 0.877800 0.748031 0.873727 0.746063 0.873727 0.738189 0.869654 0.736220 0.869654 0.730315 0.866599 0.728346 0.866599 0.726378 0.865580 0.726378 0.864562 0.724409 0.863544 0.722441 0.863544 0.720472 0.862525 0.720472 0.861507 0.706693 0.854379 0.706693 0.852342 0.704724 0.851324 0.704724 0.850305 0.702756 0.849287 0.698819 0.849287 0.694882 0.847251 0.692913 0.847251 0.690945 0.846232 0.690945 0.845214 0.687008 0.843177 0.687008 0.841141 0.685039 0.840122 0.685039 0.823829 0.683071 0.823829 0.679134 0.821792 0.679134 0.819756 0.677165 0.818737 0.677165 0.817719 0.675197 0.817719 0.673228 0.816701 0.673228 0.792261 0.675197 0.791242 0.685039 0.791242 0.685039 0.790224 0.687008 0.789206 0.690945 0.789206 0.692913 0.790224 0.696850 0.790224 0.696850 0.789206 0.698819 0.788187 0.708661 0.788187 0.710630 0.787169 0.730315 0.787169 0.732283 0.788187 0.732283 0.791242 0.734252 0.791242 0.736220 0.792261 0.736220 0.793279 0.738189 0.794297 0.742126 0.794297 0.742126 0.792261 0.744094 0.791242 0.748031 0.791242 0.750000 0.792261 0.750000 0.794297 0.759843 0.794297 0.761811 0.795316 0.761811 0.797352 0.765748 0.797352 0.765748 0.796334 0.767717 0.795316 0.775591 0.795316 0.775591 0.793279 0.777559 0.792261 0.783465 0.792261 0.785433 0.793279 0.785433 0.795316 0.789370 0.795316 0.791339 0.794297 0.807087 0.794297 0.809055 0.795316 0.834646 0.795316 0.834646 0.793279 0.830709 0.791242 0.826772 0.791242 0.824803 0.790224 0.818898 0.790224 0.816929 0.789206 0.812992 0.789206 0.811024 0.788187 0.803150 0.788187 0.799213 0.786151 0.795276 0.786151 0.791339 0.784114 0.791339 0.782077 0.793307 0.781059 0.801181 0.781059 0.801181 0.780041 0.803150 0.779022 0.816929 0.779022 0.818898 0.780041 0.818898 0.781059 0.838583 0.781059 0.840551 0.780041 0.848425 0.780041 0.850394 0.781059 0.852362 0.781059 0.856299 0.783096 0.860236 0.783096 0.868110 0.787169 0.870079 0.787169 0.881890 0.793279 0.883858 0.793279 0.885827 0.794297 0.885827 0.795316 0.901575 0.803462 0.901575 0.804481 0.903543 0.805499 0.907480 0.805499 0.907480 0.801426 0.903543 0.799389 0.903543 0.796334 0.899606 0.796334 0.885827 0.789206 0.883858 0.789206 0.877953 0.786151 0.875984 0.786151 0.868110 0.782077 0.866142 0.782077 0.862205 0.780041 0.860236 0.780041 0.852362 0.775967 0.852362 0.774949 0.846457 0.774949 0.842520 0.772912 0.842520 0.764766 0.844488 0.763747 0.848425 0.763747 0.850394 0.764766 0.850394 0.769857 0.858268 0.769857 0.858268 0.765784 0.854331 0.765784 0.852362 0.764766 0.852362 0.762729 0.854331 0.761711 0.858268 0.761711 0.860236 0.760692 0.868110 0.760692 0.870079 0.759674 0.872047 0.759674 0.874016 0.758656 0.879921 0.758656 0.881890 0.757637 0.883858 0.757637 0.885827 0.756619 0.891732 0.756619 0.893701 0.755601 0.897638 0.755601 0.899606 0.756619 0.899606 0.759674 0.903543 0.759674 0.903543 0.754582 0.905512 0.753564 0.907480 0.753564 0.909449 0.752546 0.913386 0.752546 0.915354 0.751527 0.917323 0.751527 0.919291 0.750509 0.921260 0.750509 0.923228 0.749491 0.925197 0.749491 0.927165 0.748473 0.929134 0.748473 0.929134 0.746436 0.927165 0.746436 0.925197 0.745418 0.925197 0.739308 0.927165 0.738289 0.933071 0.738289 0.935039 0.739308 0.935039 0.740326 0.938976 0.740326 0.938976 0.736253 0.940945 0.735234 0.942913 0.735234 0.944882 0.734216 0.954724 0.734216 0.956693 0.735234 0.956693 0.743381 0.962598 0.743381 0.962598 0.733198 0.964567 0.732179 0.966535 0.732179 0.968504 0.731161 0.972441 0.731161 0.974409 0.730143 0.978346 0.730143 0.980315 0.729124 0.982283 0.729124 0.986220 0.727088 0.986220 0.726069 0.988189 0.725051 0.988189 0.723014 0.982283 0.723014 0.982283 0.724033 0.976378 0.727088 0.974409 0.727088 0.972441 0.728106 0.970472 0.728106 0.968504 0.729124 0.964567 0.729124 0.962598 0.728106 0.962598 0.721996 0.964567 0.720978 0.978346 0.720978 0.978346 0.719959 0.980315 0.718941 0.984252 0.718941 0.984252 0.717923 0.986220 0.716904 0.998031 0.716904 0.998031 0.709776 0.996063 0.709776 0.994094 0.710794 0.992126 0.710794 0.990157 0.711813 0.986220 0.711813 0.984252 0.712831 0.978346 0.712831 0.976378 0.713849 0.972441 0.713849 0.970472 0.714868 0.968504 0.714868 0.966535 0.715886 0.962598 0.715886 0.960630 0.714868 0.956693 0.714868 0.954724 0.715886 0.952756 0.715886 0.950787 0.716904 0.940945 0.716904 0.938976 0.717923 0.929134 0.717923 0.927165 0.718941 0.905512 0.718941 0.903543 0.717923 0.903543 0.714868 0.899606 0.714868 0.899606 0.718941 0.897638 0.719959 0.895669 0.719959 0.893701 0.720978 0.877953 0.720978 0.875984 0.721996 0.870079 0.721996 0.868110 0.720978 0.868110 0.717923 0.872047 0.715886 0.879921 0.715886 0.879921 0.714868 0.881890 0.713849 0.883858 0.713849 0.883858 0.712831 0.885827 0.711813 0.895669 0.711813 0.897638 0.710794 0.899606 0.710794 0.899606 0.709776 0.901575 0.708758 0.907480 0.708758 0.909449 0.707739 0.913386 0.707739 0.915354 0.706721 0.917323 0.706721 0.921260 0.704684 0.925197 0.704684 0.927165 0.703666 0.931102 0.703666 0.933071 0.702648 0.937008 0.702648 0.937008 0.701629 0.938976 0.700611 0.942913 0.700611 0.944882 0.699593 0.948819 0.699593 0.948819 0.698574 0.950787 0.697556 0.954724 0.697556 0.956693 0.698574 0.956693 0.703666 0.960630 0.703666 0.960630 0.693483 0.962598 0.692464 0.964567 0.692464 0.968504 0.690428 0.968504 0.684318 0.964567 0.684318 0.962598 0.685336 0.956693 0.685336 0.956693 0.686354 0.954724 0.687373 0.952756 0.687373 0.950787 0.688391 0.946850 0.688391 0.944882 0.689409 0.940945 0.689409 0.938976 0.688391 0.938976 0.685336 0.942913 0.683299 0.948819 0.683299 0.948819 0.681263 0.950787 0.680244 0.956693 0.680244 0.956693 0.678208 0.958661 0.677189 0.968504 0.677189 0.970472 0.676171 0.974409 0.676171 0.974409 0.675153 0.976378 0.674134 0.976378 0.669043 0.974409 0.668024 0.970472 0.668024 0.966535 0.670061 0.962598 0.670061 0.960630 0.669043 0.960630 0.660896 0.956693 0.660896 0.956693 0.670061 0.954724 0.671079 0.946850 0.671079 0.944882 0.672098 0.935039 0.672098 0.931102 0.674134 0.925197 0.674134 0.921260 0.676171 0.917323 0.676171 0.915354 0.677189 0.911417 0.677189 0.909449 0.678208 0.907480 0.678208 0.905512 0.679226 0.899606 0.679226 0.895669 0.681263 0.887795 0.681263 0.885827 0.682281 0.881890 0.682281 0.879921 0.683299 0.874016 0.683299 0.872047 0.682281 0.872047 0.681263 0.870079 0.680244 0.870079 0.678208 0.868110 0.677189 0.868110 0.675153 0.864173 0.675153 0.862205 0.676171 0.842520 0.676171 0.840551 0.675153 0.840551 0.671079 0.842520 0.670061 0.850394 0.670061 0.852362 0.669043 0.856299 0.669043 0.856299 0.665988 0.862205 0.662933 0.868110 0.662933 0.868110 0.658859 0.870079 0.657841 0.870079 0.656823 0.872047 0.655804 0.872047 0.653768 0.874016 0.652749 0.874016 0.643585 0.868110 0.643585 0.866142 0.642566 0.866142 0.637475 0.862205 0.637475 0.862205 0.638493 0.860236 0.639511 0.860236 0.640530 0.856299 0.642566 0.854331 0.642566 0.854331 0.643585 0.852362 0.644603 0.852362 0.645621 0.850394 0.646640 0.850394 0.647658 0.836614 0.654786 0.836614 0.655804 0.828740 0.659878 0.828740 0.660896 0.822835 0.663951 0.820866 0.663951 0.820866 0.664969 0.818898 0.665988 0.818898 0.667006 0.811024 0.671079 0.809055 0.671079 0.809055 0.672098 0.807087 0.673116 0.807087 0.674134 0.805118 0.675153 0.801181 0.675153 0.799213 0.674134 0.795276 0.674134 0.793307 0.675153 0.789370 0.675153 0.787402 0.674134 0.787402 0.667006 0.783465 0.667006 0.783465 0.672098 0.781496 0.673116 0.777559 0.673116 0.775591 0.672098 0.775591 0.664969 0.771654 0.664969 0.771654 0.671079 0.769685 0.672098 0.759843 0.672098 0.757874 0.671079 0.753937 0.671079 0.751969 0.670061 0.751969 0.669043 0.748031 0.669043 0.746063 0.668024 0.746063 0.664969 0.742126 0.662933 0.742126 0.658859 0.744094 0.657841 0.744094 0.655804 0.746063 0.654786 0.746063 0.651731 0.748031 0.650713 0.751969 0.650713 0.751969 0.649695 0.753937 0.648676 0.757874 0.648676 0.757874 0.647658 0.759843 0.646640 0.763780 0.646640 0.765748 0.645621 0.769685 0.645621 0.771654 0.646640 0.771654 0.649695 0.775591 0.649695 0.775591 0.645621 0.777559 0.644603 0.781496 0.644603 0.783465 0.645621 0.783465 0.658859 0.787402 0.658859 0.787402 0.642566 0.789370 0.641548 0.793307 0.641548 0.795276 0.642566 0.795276 0.643585 0.799213 0.643585 0.799213 0.640530 0.801181 0.639511 0.811024 0.639511 0.811024 0.636456 0.816929 0.633401 0.822835 0.633401 0.824803 0.632383 0.832677 0.632383 0.832677 0.628310 0.836614 0.626273 0.836614 0.625255 0.838583 0.624236 0.840551 0.624236 0.840551 0.623218 0.842520 0.622200 0.848425 0.622200 0.850394 0.621181 0.854331 0.621181 0.854331 0.620163 0.856299 0.619145 0.860236 0.619145 0.860236 0.617108 0.862205 0.616090 0.868110 0.616090 0.868110 0.614053 0.870079 0.613035 0.870079 0.612016 0.872047 0.610998 0.872047 0.609980 0.877953 0.606925 0.877953 0.600815 0.874016 0.600815 0.872047 0.601833 0.870079 0.601833 0.868110 0.602851 0.866142 0.602851 0.862205 0.604888 0.860236 0.604888 0.858268 0.605906 0.856299 0.605906 0.852362 0.607943 0.850394 0.607943 0.842520 0.612016 0.832677 0.612016 0.828740 0.614053 0.826772 0.614053 0.824803 0.615071 0.818898 0.615071 0.814961 0.617108 0.812992 0.617108 0.811024 0.618126 0.807087 0.618126 0.803150 0.620163 0.799213 0.620163 0.795276 0.622200 0.789370 0.622200 0.787402 0.621181 0.787402 0.620163 0.783465 0.620163 0.783465 0.623218 0.781496 0.624236 0.779528 0.624236 0.779528 0.625255 0.777559 0.626273 0.771654 0.626273 0.767717 0.628310 0.761811 0.628310 0.761811 0.629328 0.759843 0.630346 0.753937 0.630346 0.751969 0.629328 0.751969 0.628310 0.748031 0.628310 0.748031 0.630346 0.746063 0.631365 0.744094 0.631365 0.742126 0.632383 0.738189 0.632383 0.736220 0.633401 0.734252 0.633401 0.732283 0.634420 0.730315 0.634420 0.728346 0.635438 0.722441 0.635438 0.718504 0.633401 0.714567 0.633401 0.712598 0.634420 0.698819 0.634420 0.694882 0.632383 0.685039 0.632383 0.683071 0.631365 0.683071 0.628310 0.679134 0.628310 0.679134 0.630346 0.677165 0.631365 0.673228 0.631365 0.671260 0.630346 0.671260 0.612016 0.667323 0.612016 0.667323 0.627291 0.665354 0.628310 0.661417 0.628310 0.659449 0.627291 0.659449 0.625255 0.657480 0.625255 0.655512 0.624236 0.655512 0.621181 0.653543 0.620163 0.653543 0.619145 0.651575 0.618126 0.651575 0.613035 0.649606 0.613035 0.647638 0.612016 0.647638 0.609980 0.649606 0.608961 0.649606 0.603870 0.653543 0.601833 0.653543 0.599796 0.655512 0.598778 0.659449 0.598778 0.659449 0.593686 0.661417 0.592668 0.665354 0.592668 0.667323 0.593686 0.667323 0.605906 0.671260 0.605906 0.671260 0.594705 0.669291 0.594705 0.667323 0.593686 0.667323 0.591650 0.669291 0.590631 0.671260 0.590631 0.671260 0.587576 0.677165 0.584521 0.683071 0.584521 0.683071 0.580448 0.685039 0.579430 0.687008 0.579430 0.687008 0.577393 0.688976 0.576375 0.694882 0.576375 0.694882 0.572301 0.696850 0.571283 0.696850 0.570265 0.698819 0.569246 0.698819 0.562118 0.696850 0.561100 0.683071 0.561100 0.681102 0.562118 0.677165 0.562118 0.675197 0.561100 0.675197 0.556008 0.677165 0.554990 0.679134 0.554990 0.681102 0.553971 0.683071 0.553971 0.683071 0.545825 0.685039 0.544807 0.685039 0.542770 0.687008 0.541752 0.687008 0.515275 0.685039 0.514257 0.685039 0.505092 0.683071 0.504073 0.683071 0.487780 0.685039 0.486762 0.687008 0.486762 0.687008 0.485743 0.688976 0.484725 0.698819 0.484725 0.698819 0.470468 0.700787 0.469450 0.706693 0.469450 0.708661 0.470468 0.708661 0.472505 0.718504 0.472505 0.720472 0.473523 0.724409 0.473523 0.724409 0.455193 0.726378 0.454175 0.730315 0.454175 0.732283 0.455193 0.732283 0.466395 0.734252 0.467413 0.734252 0.469450 0.742126 0.469450 0.744094 0.470468 0.744094 0.476578 0.746063 0.476578 0.748031 0.477597 0.748031 0.493890 0.751969 0.493890 0.751969 0.483707 0.753937 0.482688 0.763780 0.482688 0.763780 0.479633 0.753937 0.479633 0.751969 0.478615 0.751969 0.472505 0.753937 0.471487 0.765748 0.471487 0.765748 0.467413 0.767717 0.466395 0.777559 0.466395 0.781496 0.468432 0.781496 0.478615 0.779528 0.479633 0.771654 0.479633 0.771654 0.482688 0.775591 0.482688 0.777559 0.481670 0.791339 0.481670 0.793307 0.482688 0.803150 0.482688 0.805118 0.483707 0.809055 0.483707 0.809055 0.480652 0.801181 0.480652 0.799213 0.479633 0.799213 0.474542 0.801181 0.473523 0.801181 0.470468 0.803150 0.469450 0.807087 0.469450 0.809055 0.468432 0.809055 0.457230 0.811024 0.456212 0.811024 0.453157 0.812992 0.452138 0.840551 0.452138 0.840551 0.446029 0.838583 0.445010 0.838583 0.442974 0.840551 0.441955 0.846457 0.441955 0.848425 0.442974 0.848425 0.447047 0.850394 0.448065 0.850394 0.453157 0.852362 0.454175 0.852362 0.469450 0.856299 0.469450 0.856299 0.465377 0.858268 0.464358 0.868110 0.464358 0.868110 0.452138 0.870079 0.451120 0.877953 0.451120 0.877953 0.446029 0.875984 0.445010 0.875984 0.442974 0.879921 0.440937 0.883858 0.440937 0.885827 0.441955 0.885827 0.463340 0.889764 0.463340 0.889764 0.416497 0.891732 0.415479 0.895669 0.415479 0.897638 0.416497 0.897638 0.485743 0.901575 0.485743 0.901575 0.428717 0.903543 0.427699 0.907480 0.427699 0.909449 0.428717 0.909449 0.454175 0.913386 0.454175 0.913386 0.415479 0.909449 0.415479 0.909449 0.416497 0.907480 0.417515 0.903543 0.417515 0.901575 0.416497 0.901575 0.375764 0.903543 0.374745 0.907480 0.374745 0.909449 0.375764 0.909449 0.379837 0.913386 0.379837 0.913386 0.372709 0.915354 0.371690 0.923228 0.371690 0.923228 0.367617 0.927165 0.365580 0.931102 0.365580 0.933071 0.366599 0.933071 0.374745 0.937008 0.374745 0.937008 0.371690 0.938976 0.370672 0.944882 0.370672 0.944882 0.368635 0.948819 0.366599 0.952756 0.366599 0.954724 0.367617 0.958661 0.367617 0.958661 0.356415 0.954724 0.356415 0.954724 0.360489 0.952756 0.361507 0.946850 0.361507 0.944882 0.360489 0.938976 0.360489 0.937008 0.359470 0.937008 0.354379 0.935039 0.354379 0.933071 0.353360 0.933071 0.349287 0.927165 0.349287 0.923228 0.347251 0.923228 0.339104 0.925197 0.338086 0.925197 0.336049 0.927165 0.335031 0.935039 0.335031 0.935039 0.334012 0.937008 0.332994 0.952756 0.332994 0.954724 0.334012 0.954724 0.341141 0.958661 0.341141 0.958661 0.253564 0.960630 0.252546 0.966535 0.252546 0.970472 0.254582 0.970472 0.255601 0.974409 0.255601 0.974409 0.253564 0.976378 0.252546 0.976378 0.251527 0.978346 0.250509 0.982283 0.250509 0.984252 0.249491 0.984252 0.247454 0.988189 0.245418 0.990157 0.245418 0.990157 0.238289 0.988189 0.238289 0.986220 0.237271 0.986220 0.236253 0.978346 0.236253 0.976378 0.235234 0.976378 0.234216 0.972441 0.234216 0.970472 0.235234 0.970472 0.236253 0.968504 0.237271 0.966535 0.237271 0.966535 0.238289 0.964567 0.239308 0.960630 0.239308 0.958661 0.238289 0.958661 0.235234 0.954724 0.235234 0.952756 0.234216 0.952756 0.231161 0.954724 0.230143 0.958661 0.230143 0.958661 0.225051 0.960630 0.224033 0.966535 0.224033 0.966535 0.217923 0.968504 0.216904 0.978346 0.216904 0.978346 0.213849 0.976378 0.212831 0.976378 0.210794 0.978346 0.209776 0.978346 0.207739 0.960630 0.207739 0.958661 0.206721 0.958661 0.202648 0.960630 0.201629 0.968504 0.201629 0.968504 0.198574 0.960630 0.198574 0.958661 0.197556 0.958661 0.176171 0.960630 0.175153 0.982283 0.175153 0.984252 0.176171 0.990157 0.176171 0.992126 0.175153 0.998031 0.175153 0.998031 0.168024 0.988189 0.168024 0.986220 0.167006 0.972441 0.167006 0.970472 0.165988 0.966535 0.165988 0.966535 0.167006 0.964567 0.168024 0.962598 0.168024 0.960630 0.169043 0.954724 0.169043 0.952756 0.168024 0.952756 0.165988 0.948819 0.165988 0.946850 0.164969 0.946850 0.160896 0.948819 0.159878 0.958661 0.159878 0.958661 0.151731 0.948819 0.151731 0.946850 0.150713 0.946850 0.149695 0.942913 0.149695 0.942913 0.152749 0.950787 0.152749 0.952756 0.153768 0.952756 0.158859 0.950787 0.159878 0.942913 0.159878 0.942913 0.165988 0.940945 0.167006 0.937008 0.167006 0.935039 0.165988 0.935039 0.159878 0.931102 0.159878 0.931102 0.171079 0.929134 0.172098 0.927165 0.172098 0.925197 0.173116 0.919291 0.173116 0.919291 0.198574 0.923228 0.198574 0.923228 0.176171 0.925197 0.175153 0.935039 0.175153 0.937008 0.176171 0.937008 0.178208 0.935039 0.179226 0.931102 0.179226 0.931102 0.186354 0.940945 0.186354 0.942913 0.187373 0.942913 0.216904 0.946850 0.216904 0.948819 0.217923 0.948819 0.218941 0.952756 0.218941 0.954724 0.219959 0.954724 0.223014 0.952756 0.224033 0.948819 0.224033 0.948819 0.231161 0.946850 0.232179 0.942913 0.232179 0.940945 0.233198 0.937008 0.233198 0.937008 0.238289 0.935039 0.239308 0.931102 0.239308 0.931102 0.245418 0.929134 0.246436 0.925197 0.246436 0.923228 0.245418 0.923228 0.234216 0.917323 0.234216 0.915354 0.233198 0.913386 0.233198 0.911417 0.232179 0.911417 0.230143 0.913386 0.229124 0.923228 0.229124 0.923228 0.203666 0.919291 0.203666 0.919291 0.213849 0.917323 0.214868 0.913386 0.214868 0.911417 0.213849 0.911417 0.200611 0.907480 0.200611 0.907480 0.207739 0.905512 0.208758 0.901575 0.208758 0.899606 0.207739 0.899606 0.114053 0.895669 0.114053 0.895669 0.167006 0.893701 0.168024 0.889764 0.168024 0.887795 0.167006 0.887795 0.161914 0.881890 0.161914 0.879921 0.160896 0.879921 0.159878 0.877953 0.158859 0.877953 0.150713 0.874016 0.150713 0.874016 0.156823 0.870079 0.158859 0.862205 0.158859 0.862205 0.160896 0.860236 0.161914 0.854331 0.161914 0.852362 0.160896 0.852362 0.157841 0.850394 0.156823 0.850394 0.154786 0.852362 0.153768 0.852362 0.150713 0.848425 0.150713 0.848425 0.151731 0.846457 0.152749 0.846457 0.169043 0.852362 0.169043 0.854331 0.170061 0.854331 0.172098 0.852362 0.173116 0.846457 0.173116 0.846457 0.201629 0.844488 0.202648 0.840551 0.202648 0.838583 0.201629 0.838583 0.172098 0.820866 0.172098 0.818898 0.171079 0.818898 0.155804 0.814961 0.155804 0.814961 0.165988 0.812992 0.167006 0.809055 0.167006 0.807087 0.165988 0.807087 0.116090 0.809055 0.115071 0.814961 0.115071 0.814961 0.114053 0.816929 0.113035 0.816929 0.108961 0.818898 0.107943 0.818898 0.094705 0.820866 0.093686 0.832677 0.093686 0.834646 0.094705 0.834646 0.096741 0.838583 0.096741 0.838583 0.093686 0.836614 0.092668 0.836614 0.089613 0.830709 0.089613 0.828740 0.088595 0.828740 0.084521 0.820866 0.084521 0.818898 0.083503 0.818898 0.080448 0.820866 0.079430 0.826772 0.079430 0.828740 0.080448 0.832677 0.080448 0.836614 0.078411 0.838583 0.078411 0.838583 0.073320 0.836614 0.072301 0.836614 0.069246 0.832677 0.069246 0.828740 0.067210 0.828740 0.061100 0.830709 0.060081 0.830709 0.053971 0.826772 0.053971 0.824803 0.052953 0.824803 0.050916 0.826772 0.049898 0.828740 0.049898 0.830709 0.048880 0.830709 0.033605 0.826772 0.033605 0.826772 0.039715 0.824803 0.040733 0.824803 0.041752 0.822835 0.042770 0.814961 0.042770 0.814961 0.044807 0.820866 0.044807 0.822835 0.045825 0.822835 0.050916 0.818898 0.052953 0.814961 0.052953 0.812992 0.051935 0.812992 0.046843 0.809055 0.046843 0.807087 0.045825 0.807087 0.037678 0.809055 0.036660 0.818898 0.036660 0.818898 0.033605 0.814961 0.033605 0.812992 0.034623 0.809055 0.034623 0.807087 0.033605 0.807087 0.026477 0.809055 0.025458 0.818898 0.025458 0.818898 0.020367 0.820866 0.019348 0.826772 0.019348 0.828740 0.018330 0.832677 0.018330 0.832677 0.009165 0.834646 0.008147 0.836614 0.008147 0.836614 0.007128 0.838583 0.006110 0.838583 0.004073 0.836614 0.003055 0.832677 0.003055 0.830709 0.002037 0.830709 0.000000 0.379921 0.000000 0.379921 0.022403 0.377953 0.023422 0.368110 0.023422 0.366142 0.022403 0.366142 0.010183 0.368110 0.009165 0.372047 0.009165 0.372047 0.007128 0.368110 0.007128 0.366142 0.006110 0.366142 0.000000 0.336614 0.000000 0.336614 0.008147 0.334646 0.009165 0.324803 0.009165 0.322835 0.008147 0.322835 0.000000