0 0.961039 0.945070 0.961039 0.998592 0.966234 0.998592 0.966234 0.945070
0 0.319481 0.887324 0.319481 0.930986 0.324675 0.930986 0.324675 0.887324
0 0.961039 0.863380 0.961039 0.898592 0.966234 0.898592 0.966234 0.863380
0 0.379221 0.863380 0.379221 0.873239 0.392208 0.873239 0.394805 0.874648 0.394805 0.881690 0.402597 0.881690 0.405195 0.880282 0.415584 0.880282 0.415584 0.864789 0.405195 0.864789 0.402597 0.863380
0 0.410390 0.819718 0.410390 0.833803 0.407792 0.835211 0.402597 0.835211 0.400000 0.833803 0.400000 0.826761 0.394805 0.826761 0.394805 0.829577 0.392208 0.830986 0.379221 0.830986 0.379221 0.845070 0.384416 0.845070 0.384416 0.839437 0.387013 0.838028 0.392208 0.838028 0.394805 0.839437 0.394805 0.854930 0.402597 0.854930 0.402597 0.852113 0.400000 0.850704 0.400000 0.840845 0.402597 0.839437 0.407792 0.839437 0.410390 0.840845 0.410390 0.847887 0.415584 0.847887 0.415584 0.819718
0 0.412987 0.785915 0.412987 0.792958 0.410390 0.794366 0.410390 0.814085 0.423377 0.814085 0.425974 0.815493 0.425974 0.854930 0.431169 0.854930 0.431169 0.812676 0.433766 0.811268 0.433766 0.791549 0.420779 0.791549 0.418182 0.790141 0.418182 0.785915
0 0.425974 0.739437 0.425974 0.750704 0.423377 0.752113 0.412987 0.752113 0.412987 0.766197 0.423377 0.766197 0.425974 0.767606 0.425974 0.773239 0.433766 0.773239 0.433766 0.769014 0.431169 0.767606 0.431169 0.763380 0.420779 0.763380 0.418182 0.761972 0.418182 0.757746 0.420779 0.756338 0.433766 0.756338 0.433766 0.739437
0 0.916883 0.738028 0.916883 0.773239 0.953247 0.773239 0.953247 0.766197 0.955844 0.764789 0.966234 0.764789 0.966234 0.740845 0.961039 0.740845 0.961039 0.760563 0.958442 0.761972 0.940260 0.761972 0.937662 0.760563 0.937662 0.756338 0.924675 0.756338 0.922078 0.754930 0.922078 0.738028
0 0.381818 0.738028 0.381818 0.764789 0.392208 0.764789 0.394805 0.766197 0.394805 0.769014 0.402597 0.769014 0.402597 0.738028 0.397403 0.738028 0.397403 0.763380 0.394805 0.764789 0.389610 0.764789 0.387013 0.763380 0.387013 0.738028
0 0.885714 0.697183 0.885714 0.707042 0.883117 0.708451 0.872727 0.708451 0.872727 0.712676 0.870130 0.714085 0.870130 0.756338 0.867532 0.757746 0.862338 0.757746 0.859740 0.756338 0.859740 0.738028 0.854545 0.738028 0.854545 0.756338 0.851948 0.757746 0.846753 0.757746 0.844156 0.756338 0.844156 0.738028 0.838961 0.738028 0.838961 0.756338 0.836364 0.757746 0.831169 0.757746 0.831169 0.761972 0.833766 0.763380 0.833766 0.770423 0.844156 0.770423 0.846753 0.771831 0.846753 0.773239 0.854545 0.773239 0.854545 0.770423 0.857143 0.769014 0.883117 0.769014 0.883117 0.767606 0.885714 0.766197 0.885714 0.759155 0.888312 0.757746 0.890909 0.757746 0.890909 0.753521 0.893506 0.752113 0.896104 0.752113 0.896104 0.749296 0.893506 0.749296 0.890909 0.747887 0.890909 0.738028 0.885714 0.738028 0.885714 0.754930 0.883117 0.756338 0.877922 0.756338 0.875325 0.754930 0.875325 0.721127 0.877922 0.719718 0.883117 0.719718 0.885714 0.721127 0.885714 0.732394 0.890909 0.732394 0.890909 0.697183
0 0.025974 0.247887 0.025974 0.250704 0.028571 0.252113 0.028571 0.257746 0.031169 0.259155 0.031169 0.261972 0.028571 0.263380 0.028571 0.274648 0.031169 0.276056 0.031169 0.281690 0.033766 0.283099 0.033766 0.284507 0.036364 0.285915 0.036364 0.288732 0.038961 0.290141 0.038961 0.292958 0.041558 0.294366 0.041558 0.298592 0.044156 0.300000 0.044156 0.301408 0.046753 0.302817 0.049351 0.302817 0.051948 0.304225 0.051948 0.307042 0.057143 0.307042 0.057143 0.304225 0.054545 0.304225 0.051948 0.302817 0.051948 0.298592 0.046753 0.295775 0.046753 0.292958 0.044156 0.291549 0.044156 0.281690 0.038961 0.278873 0.038961 0.273239 0.041558 0.271831 0.041558 0.260563 0.038961 0.259155 0.038961 0.257746 0.036364 0.256338 0.036364 0.252113 0.033766 0.252113 0.031169 0.250704 0.031169 0.247887
0 0.475325 0.205634 0.475325 0.219718 0.472727 0.221127 0.467532 0.221127 0.462338 0.223944 0.449351 0.223944 0.449351 0.225352 0.446753 0.226761 0.433766 0.226761 0.431169 0.228169 0.423377 0.228169 0.423377 0.230986 0.420779 0.232394 0.415584 0.232394 0.412987 0.230986 0.412987 0.226761 0.415584 0.225352 0.418182 0.225352 0.418182 0.222535 0.412987 0.222535 0.412987 0.225352 0.410390 0.226761 0.407792 0.226761 0.405195 0.228169 0.397403 0.228169 0.397403 0.230986 0.394805 0.232394 0.384416 0.232394 0.381818 0.230986 0.381818 0.228169 0.376623 0.228169 0.376623 0.229577 0.374026 0.230986 0.363636 0.230986 0.361039 0.229577 0.361039 0.228169 0.355844 0.228169 0.355844 0.230986 0.358442 0.232394 0.358442 0.233803 0.366234 0.233803 0.368831 0.235211 0.368831 0.238028 0.366234 0.239437 0.363636 0.239437 0.363636 0.240845 0.355844 0.245070 0.355844 0.246479 0.353247 0.247887 0.348052 0.247887 0.345455 0.249296 0.342857 0.249296 0.342857 0.252113 0.345455 0.253521 0.345455 0.256338 0.340260 0.259155 0.335065 0.259155 0.332468 0.257746 0.322078 0.257746 0.319481 0.256338 0.319481 0.252113 0.311688 0.247887 0.309091 0.247887 0.303896 0.245070 0.298701 0.245070 0.298701 0.250704 0.301299 0.252113 0.301299 0.254930 0.306494 0.257746 0.309091 0.257746 0.311688 0.259155 0.311688 0.266197 0.309091 0.267606 0.303896 0.267606 0.301299 0.269014 0.290909 0.269014 0.288312 0.267606 0.285714 0.267606 0.280519 0.264789 0.275325 0.264789 0.272727 0.263380 0.272727 0.260563 0.267532 0.260563 0.267532 0.261972 0.264935 0.263380 0.259740 0.263380 0.257143 0.261972 0.257143 0.260563 0.251948 0.260563 0.249351 0.259155 0.244156 0.259155 0.241558 0.257746 0.241558 0.252113 0.236364 0.252113 0.236364 0.253521 0.233766 0.254930 0.225974 0.254930 0.225974 0.257746 0.228571 0.259155 0.233766 0.259155 0.238961 0.261972 0.238961 0.264789 0.246753 0.264789 0.251948 0.267606 0.251948 0.271831 0.262338 0.271831 0.264935 0.273239 0.267532 0.273239 0.270130 0.274648 0.324675 0.274648 0.329870 0.277465 0.329870 0.283099 0.332468 0.284507 0.332468 0.285915 0.335065 0.287324 0.337662 0.287324 0.342857 0.290141 0.342857 0.297183 0.348052 0.297183 0.350649 0.298592 0.350649 0.300000 0.355844 0.300000 0.355844 0.297183 0.353247 0.297183 0.350649 0.295775 0.350649 0.292958 0.353247 0.291549 0.363636 0.291549 0.366234 0.290141 0.371429 0.290141 0.374026 0.291549 0.374026 0.292958 0.376623 0.294366 0.376623 0.295775 0.387013 0.295775 0.389610 0.297183 0.400000 0.297183 0.402597 0.298592 0.402597 0.300000 0.405195 0.301408 0.405195 0.307042 0.407792 0.308451 0.407792 0.312676 0.415584 0.312676 0.418182 0.314085 0.418182 0.319718 0.415584 0.321127 0.412987 0.321127 0.412987 0.328169 0.407792 0.330986 0.397403 0.330986 0.397403 0.333803 0.405195 0.333803 0.407792 0.335211 0.407792 0.338028 0.405195 0.339437 0.405195 0.340845 0.402597 0.342254 0.394805 0.342254 0.392208 0.343662 0.392208 0.345070 0.387013 0.347887 0.387013 0.349296 0.381818 0.352113 0.374026 0.352113 0.374026 0.353521 0.371429 0.354930 0.368831 0.354930 0.366234 0.356338 0.353247 0.356338 0.353247 0.357746 0.350649 0.359155 0.350649 0.360563 0.348052 0.361972 0.345455 0.361972 0.342857 0.363380 0.311688 0.363380 0.309091 0.364789 0.298701 0.364789 0.298701 0.367606 0.296104 0.369014 0.290909 0.369014 0.288312 0.367606 0.288312 0.366197 0.285714 0.364789 0.277922 0.364789 0.272727 0.361972 0.272727 0.353521 0.267532 0.353521 0.264935 0.352113 0.264935 0.346479 0.259740 0.346479 0.259740 0.349296 0.257143 0.350704 0.246753 0.350704 0.244156 0.349296 0.244156 0.346479 0.238961 0.346479 0.236364 0.347887 0.223377 0.347887 0.215584 0.352113 0.174026 0.352113 0.171429 0.350704 0.163636 0.350704 0.158442 0.347887 0.155844 0.347887 0.148052 0.343662 0.142857 0.343662 0.135065 0.339437 0.135065 0.338028 0.132468 0.336620 0.132468 0.335211 0.127273 0.332394 0.127273 0.330986 0.124675 0.330986 0.119481 0.328169 0.119481 0.326761 0.114286 0.326761 0.111688 0.325352 0.106494 0.325352 0.103896 0.323944 0.096104 0.323944 0.090909 0.321127 0.083117 0.321127 0.077922 0.318310 0.077922 0.315493 0.075325 0.315493 0.072727 0.314085 0.072727 0.312676 0.062338 0.312676 0.062338 0.315493 0.070130 0.319718 0.070130 0.321127 0.075325 0.323944 0.077922 0.323944 0.080519 0.325352 0.080519 0.326761 0.083117 0.328169 0.083117 0.330986 0.085714 0.330986 0.088312 0.332394 0.096104 0.332394 0.098701 0.333803 0.098701 0.335211 0.106494 0.335211 0.111688 0.338028 0.111688 0.339437 0.114286 0.339437 0.116883 0.340845 0.119481 0.340845 0.122078 0.342254 0.124675 0.342254 0.129870 0.345070 0.129870 0.346479 0.132468 0.347887 0.140260 0.347887 0.145455 0.350704 0.153247 0.350704 0.155844 0.352113 0.158442 0.352113 0.161039 0.353521 0.161039 0.356338 0.174026 0.356338 0.176623 0.357746 0.184416 0.357746 0.187013 0.359155 0.197403 0.359155 0.200000 0.360563 0.205195 0.360563 0.207792 0.361972 0.218182 0.361972 0.223377 0.364789 0.223377 0.367606 0.233766 0.367606 0.236364 0.369014 0.236364 0.370423 0.246753 0.370423 0.249351 0.371831 0.249351 0.373239 0.262338 0.373239 0.264935 0.374648 0.264935 0.376056 0.267532 0.377465 0.267532 0.378873 0.288312 0.378873 0.288312 0.376056 0.290909 0.374648 0.309091 0.374648 0.311688 0.376056 0.319481 0.376056 0.322078 0.374648 0.324675 0.374648 0.324675 0.373239 0.329870 0.370423 0.335065 0.370423 0.335065 0.369014 0.337662 0.367606 0.363636 0.367606 0.363636 0.364789 0.366234 0.363380 0.371429 0.363380 0.374026 0.364789 0.374026 0.367606 0.381818 0.367606 0.384416 0.369014 0.384416 0.371831 0.381818 0.373239 0.379221 0.373239 0.376623 0.374648 0.374026 0.374648 0.374026 0.377465 0.376623 0.378873 0.376623 0.381690 0.379221 0.381690 0.381818 0.383099 0.387013 0.383099 0.387013 0.380282 0.389610 0.378873 0.394805 0.378873 0.397403 0.380282 0.397403 0.383099 0.402597 0.383099 0.402597 0.380282 0.405195 0.378873 0.412987 0.378873 0.415584 0.377465 0.433766 0.377465 0.436364 0.378873 0.436364 0.380282 0.441558 0.383099 0.441558 0.385915 0.438961 0.387324 0.436364 0.387324 0.433766 0.388732 0.431169 0.388732 0.431169 0.391549 0.436364 0.394366 0.436364 0.395775 0.441558 0.395775 0.441558 0.390141 0.444156 0.388732 0.454545 0.388732 0.457143 0.387324 0.462338 0.387324 0.464935 0.388732 0.467532 0.388732 0.475325 0.392958 0.475325 0.394366 0.490909 0.394366 0.493506 0.395775 0.516883 0.395775 0.516883 0.391549 0.519481 0.390141 0.522078 0.390141 0.522078 0.388732 0.524675 0.387324 0.548052 0.387324 0.550649 0.388732 0.550649 0.391549 0.555844 0.391549 0.555844 0.390141 0.558442 0.388732 0.561039 0.388732 0.563636 0.387324 0.563636 0.383099 0.566234 0.381690 0.576623 0.381690 0.581818 0.378873 0.587013 0.378873 0.589610 0.380282 0.589610 0.383099 0.587013 0.384507 0.587013 0.385915 0.574026 0.392958 0.574026 0.395775 0.576623 0.395775 0.579221 0.397183 0.579221 0.400000 0.584416 0.400000 0.587013 0.401408 0.587013 0.409859 0.584416 0.411268 0.574026 0.411268 0.574026 0.415493 0.571429 0.416901 0.555844 0.416901 0.553247 0.418310 0.527273 0.418310 0.524675 0.419718 0.516883 0.419718 0.516883 0.422535 0.514286 0.423944 0.506494 0.423944 0.501299 0.426761 0.501299 0.428169 0.496104 0.430986 0.496104 0.432394 0.493506 0.433803 0.493506 0.435211 0.490909 0.436620 0.490909 0.438028 0.488312 0.439437 0.488312 0.443662 0.485714 0.445070 0.485714 0.446479 0.480519 0.449296 0.480519 0.456338 0.477922 0.457746 0.477922 0.460563 0.480519 0.461972 0.480519 0.466197 0.477922 0.467606 0.477922 0.471831 0.472727 0.474648 0.472727 0.481690 0.475325 0.481690 0.477922 0.483099 0.493506 0.483099 0.493506 0.480282 0.490909 0.480282 0.488312 0.478873 0.488312 0.476056 0.490909 0.474648 0.493506 0.474648 0.493506 0.470423 0.496104 0.469014 0.509091 0.469014 0.511688 0.470423 0.511688 0.471831 0.522078 0.471831 0.524675 0.473239 0.529870 0.473239 0.529870 0.471831 0.532468 0.470423 0.563636 0.470423 0.566234 0.471831 0.566234 0.474648 0.563636 0.476056 0.555844 0.476056 0.555844 0.478873 0.563636 0.478873 0.563636 0.476056 0.566234 0.474648 0.571429 0.474648 0.571429 0.471831 0.566234 0.471831 0.563636 0.470423 0.563636 0.467606 0.566234 0.466197 0.571429 0.466197 0.571429 0.454930 0.566234 0.454930 0.566234 0.457746 0.563636 0.459155 0.558442 0.459155 0.555844 0.457746 0.555844 0.456338 0.553247 0.456338 0.548052 0.453521 0.548052 0.452113 0.545455 0.450704 0.545455 0.447887 0.532468 0.447887 0.529870 0.449296 0.527273 0.449296 0.522078 0.452113 0.506494 0.452113 0.503896 0.450704 0.503896 0.449296 0.501299 0.447887 0.501299 0.442254 0.503896 0.440845 0.509091 0.440845 0.509091 0.438028 0.511688 0.436620 0.514286 0.436620 0.514286 0.433803 0.516883 0.432394 0.516883 0.425352 0.519481 0.423944 0.524675 0.423944 0.529870 0.426761 0.529870 0.430986 0.532468 0.432394 0.532468 0.433803 0.537662 0.433803 0.540260 0.435211 0.540260 0.438028 0.545455 0.438028 0.545455 0.430986 0.548052 0.429577 0.553247 0.429577 0.555844 0.430986 0.555844 0.438028 0.579221 0.438028 0.581818 0.439437 0.581818 0.440845 0.584416 0.440845 0.589610 0.443662 0.589610 0.446479 0.600000 0.446479 0.602597 0.447887 0.602597 0.454930 0.607792 0.454930 0.610390 0.456338 0.610390 0.457746 0.615584 0.457746 0.615584 0.452113 0.618182 0.450704 0.623377 0.450704 0.625974 0.452113 0.625974 0.457746 0.631169 0.457746 0.631169 0.454930 0.633766 0.453521 0.638961 0.453521 0.641558 0.454930 0.641558 0.466197 0.638961 0.467606 0.636364 0.467606 0.636364 0.470423 0.638961 0.470423 0.641558 0.471831 0.641558 0.474648 0.638961 0.476056 0.633766 0.476056 0.631169 0.474648 0.631169 0.471831 0.625974 0.471831 0.625974 0.483099 0.631169 0.483099 0.633766 0.484507 0.633766 0.485915 0.641558 0.485915 0.641558 0.484507 0.644156 0.483099 0.646753 0.483099 0.646753 0.471831 0.644156 0.471831 0.641558 0.470423 0.641558 0.467606 0.644156 0.466197 0.646753 0.466197 0.646753 0.464789 0.649351 0.463380 0.654545 0.463380 0.657143 0.464789 0.657143 0.466197 0.662338 0.466197 0.662338 0.464789 0.664935 0.463380 0.667532 0.463380 0.667532 0.459155 0.670130 0.457746 0.675325 0.457746 0.677922 0.459155 0.677922 0.460563 0.680519 0.461972 0.680519 0.480282 0.683117 0.481690 0.683117 0.483099 0.688312 0.483099 0.690909 0.484507 0.690909 0.487324 0.688312 0.488732 0.688312 0.511268 0.685714 0.512676 0.685714 0.522535 0.693506 0.522535 0.693506 0.518310 0.696104 0.516901 0.706494 0.516901 0.706494 0.514085 0.709091 0.512676 0.716883 0.512676 0.719481 0.514085 0.719481 0.515493 0.722078 0.515493 0.724675 0.516901 0.724675 0.518310 0.727273 0.519718 0.727273 0.525352 0.729870 0.526761 0.729870 0.529577 0.727273 0.530986 0.701299 0.530986 0.698701 0.532394 0.685714 0.532394 0.685714 0.549296 0.690909 0.549296 0.693506 0.550704 0.693506 0.553521 0.690909 0.554930 0.685714 0.554930 0.685714 0.557746 0.698701 0.557746 0.701299 0.559155 0.701299 0.564789 0.698701 0.566197 0.680519 0.566197 0.680519 0.570423 0.677922 0.571831 0.670130 0.571831 0.667532 0.570423 0.664935 0.570423 0.662338 0.569014 0.662338 0.546479 0.657143 0.546479 0.657143 0.547887 0.654545 0.549296 0.649351 0.549296 0.646753 0.547887 0.646753 0.546479 0.641558 0.546479 0.641558 0.549296 0.638961 0.550704 0.633766 0.550704 0.631169 0.549296 0.631169 0.538028 0.625974 0.538028 0.625974 0.547887 0.623377 0.549296 0.618182 0.549296 0.615584 0.547887 0.615584 0.538028 0.610390 0.538028 0.610390 0.542254 0.607792 0.543662 0.607792 0.549296 0.605195 0.550704 0.581818 0.550704 0.574026 0.546479 0.574026 0.543662 0.571429 0.543662 0.568831 0.542254 0.568831 0.538028 0.550649 0.538028 0.548052 0.536620 0.548052 0.535211 0.537662 0.535211 0.535065 0.533803 0.535065 0.530986 0.532468 0.529577 0.524675 0.529577 0.524675 0.535211 0.527273 0.536620 0.527273 0.538028 0.529870 0.539437 0.529870 0.542254 0.540260 0.542254 0.542857 0.543662 0.542857 0.545070 0.545455 0.546479 0.548052 0.546479 0.550649 0.547887 0.550649 0.550704 0.553247 0.550704 0.555844 0.552113 0.555844 0.553521 0.561039 0.553521 0.563636 0.552113 0.568831 0.552113 0.571429 0.553521 0.571429 0.570423 0.568831 0.571831 0.566234 0.571831 0.566234 0.574648 0.587013 0.574648 0.587013 0.571831 0.581818 0.571831 0.579221 0.570423 0.579221 0.561972 0.581818 0.560563 0.597403 0.560563 0.600000 0.561972 0.600000 0.564789 0.602597 0.566197 0.602597 0.578873 0.605195 0.580282 0.605195 0.585915 0.607792 0.585915 0.610390 0.587324 0.610390 0.590141 0.607792 0.591549 0.602597 0.591549 0.602597 0.594366 0.607792 0.594366 0.610390 0.595775 0.610390 0.598592 0.607792 0.600000 0.589610 0.600000 0.587013 0.598592 0.587013 0.580282 0.579221 0.580282 0.579221 0.587324 0.576623 0.588732 0.558442 0.588732 0.555844 0.587324 0.555844 0.580282 0.550649 0.580282 0.550649 0.590141 0.561039 0.590141 0.566234 0.592958 0.566234 0.598592 0.574026 0.598592 0.576623 0.600000 0.576623 0.602817 0.574026 0.604225 0.558442 0.604225 0.555844 0.602817 0.555844 0.597183 0.550649 0.597183 0.550649 0.604225 0.548052 0.605634 0.540260 0.605634 0.527273 0.598592 0.527273 0.595775 0.524675 0.595775 0.519481 0.592958 0.519481 0.591549 0.514286 0.591549 0.514286 0.594366 0.511688 0.595775 0.503896 0.595775 0.503896 0.604225 0.501299 0.605634 0.493506 0.605634 0.493506 0.608451 0.501299 0.608451 0.503896 0.607042 0.509091 0.607042 0.511688 0.608451 0.522078 0.608451 0.529870 0.612676 0.529870 0.619718 0.535065 0.622535 0.535065 0.623944 0.540260 0.626761 0.540260 0.630986 0.542857 0.632394 0.542857 0.635211 0.548052 0.638028 0.548052 0.645070 0.550649 0.646479 0.550649 0.649296 0.555844 0.649296 0.555844 0.647887 0.558442 0.646479 0.568831 0.646479 0.571429 0.647887 0.571429 0.653521 0.568831 0.654930 0.550649 0.654930 0.550649 0.673239 0.555844 0.673239 0.555844 0.671831 0.558442 0.670423 0.576623 0.670423 0.579221 0.671831 0.579221 0.674648 0.584416 0.674648 0.584416 0.670423 0.574026 0.670423 0.571429 0.669014 0.571429 0.663380 0.574026 0.661972 0.600000 0.661972 0.602597 0.663380 0.602597 0.669014 0.607792 0.669014 0.610390 0.670423 0.610390 0.688732 0.615584 0.688732 0.615584 0.671831 0.618182 0.670423 0.623377 0.670423 0.625974 0.671831 0.625974 0.683099 0.631169 0.683099 0.631169 0.680282 0.633766 0.678873 0.638961 0.678873 0.641558 0.680282 0.641558 0.688732 0.646753 0.688732 0.649351 0.687324 0.654545 0.687324 0.657143 0.688732 0.657143 0.690141 0.662338 0.690141 0.662338 0.687324 0.664935 0.685915 0.667532 0.685915 0.667532 0.667606 0.670130 0.666197 0.675325 0.666197 0.677922 0.667606 0.677922 0.669014 0.680519 0.670423 0.680519 0.687324 0.683117 0.687324 0.685714 0.688732 0.690909 0.688732 0.693506 0.687324 0.701299 0.687324 0.701299 0.683099 0.703896 0.681690 0.714286 0.681690 0.716883 0.683099 0.716883 0.687324 0.722078 0.687324 0.722078 0.671831 0.724675 0.670423 0.729870 0.670423 0.732468 0.671831 0.732468 0.674648 0.737662 0.674648 0.737662 0.663380 0.732468 0.663380 0.732468 0.664789 0.729870 0.666197 0.724675 0.666197 0.722078 0.664789 0.722078 0.663380 0.719481 0.663380 0.716883 0.661972 0.716883 0.659155 0.719481 0.657746 0.722078 0.657746 0.722078 0.654930 0.724675 0.653521 0.729870 0.653521 0.732468 0.654930 0.732468 0.657746 0.737662 0.657746 0.737662 0.640845 0.740260 0.639437 0.745455 0.639437 0.748052 0.640845 0.748052 0.646479 0.750649 0.647887 0.750649 0.660563 0.748052 0.661972 0.748052 0.676056 0.745455 0.677465 0.745455 0.684507 0.742857 0.685915 0.742857 0.697183 0.740260 0.698592 0.740260 0.704225 0.737662 0.705634 0.737662 0.714085 0.735065 0.715493 0.735065 0.719718 0.732468 0.721127 0.732468 0.728169 0.729870 0.729577 0.724675 0.729577 0.722078 0.728169 0.722078 0.712676 0.716883 0.712676 0.716883 0.732394 0.724675 0.732394 0.727273 0.733803 0.727273 0.736620 0.724675 0.738028 0.711688 0.738028 0.706494 0.735211 0.706494 0.704225 0.696104 0.704225 0.693506 0.702817 0.693506 0.698592 0.680519 0.698592 0.680519 0.702817 0.683117 0.704225 0.683117 0.707042 0.680519 0.708451 0.680519 0.711268 0.683117 0.711268 0.685714 0.712676 0.685714 0.722535 0.683117 0.723944 0.680519 0.723944 0.680519 0.735211 0.683117 0.736620 0.683117 0.739437 0.680519 0.740845 0.680519 0.773239 0.690909 0.773239 0.693506 0.774648 0.693506 0.777465 0.690909 0.778873 0.680519 0.778873 0.680519 0.825352 0.675325 0.828169 0.670130 0.828169 0.667532 0.826761 0.667532 0.778873 0.654545 0.778873 0.651948 0.777465 0.651948 0.774648 0.654545 0.773239 0.667532 0.773239 0.667532 0.756338 0.664935 0.754930 0.664935 0.750704 0.662338 0.749296 0.662338 0.746479 0.664935 0.745070 0.667532 0.745070 0.667532 0.732394 0.664935 0.730986 0.664935 0.723944 0.662338 0.722535 0.662338 0.704225 0.664935 0.702817 0.664935 0.697183 0.657143 0.697183 0.657143 0.698592 0.654545 0.700000 0.646753 0.700000 0.646753 0.702817 0.644156 0.704225 0.641558 0.704225 0.641558 0.707042 0.638961 0.708451 0.633766 0.708451 0.631169 0.707042 0.631169 0.704225 0.633766 0.702817 0.636364 0.702817 0.636364 0.700000 0.633766 0.700000 0.631169 0.698592 0.631169 0.697183 0.625974 0.697183 0.625974 0.698592 0.623377 0.700000 0.618182 0.700000 0.615584 0.698592 0.615584 0.697183 0.610390 0.697183 0.610390 0.707042 0.607792 0.708451 0.602597 0.708451 0.602597 0.711268 0.607792 0.711268 0.610390 0.712676 0.610390 0.716901 0.615584 0.716901 0.615584 0.704225 0.618182 0.702817 0.623377 0.702817 0.625974 0.704225 0.625974 0.722535 0.628571 0.722535 0.631169 0.723944 0.631169 0.728169 0.633766 0.729577 0.633766 0.736620 0.631169 0.738028 0.625974 0.738028 0.623377 0.739437 0.618182 0.739437 0.615584 0.738028 0.612987 0.738028 0.610390 0.736620 0.610390 0.733803 0.602597 0.733803 0.602597 0.739437 0.600000 0.740845 0.574026 0.740845 0.571429 0.739437 0.571429 0.738028 0.548052 0.738028 0.545455 0.736620 0.545455 0.732394 0.540260 0.732394 0.540260 0.736620 0.542857 0.738028 0.542857 0.746479 0.540260 0.747887 0.540260 0.784507 0.537662 0.785915 0.532468 0.785915 0.532468 0.797183 0.529870 0.798592 0.529870 0.804225 0.532468 0.805634 0.532468 0.814085 0.529870 0.815493 0.527273 0.815493 0.527273 0.816901 0.524675 0.818310 0.519481 0.818310 0.516883 0.816901 0.516883 0.807042 0.511688 0.807042 0.509091 0.805634 0.509091 0.787324 0.503896 0.787324 0.503896 0.797183 0.501299 0.798592 0.496104 0.798592 0.493506 0.797183 0.493506 0.785915 0.488312 0.785915 0.488312 0.798592 0.498701 0.798592 0.501299 0.800000 0.501299 0.801408 0.503896 0.802817 0.503896 0.805634 0.501299 0.807042 0.496104 0.807042 0.493506 0.805634 0.493506 0.804225 0.488312 0.804225 0.488312 0.815493 0.493506 0.815493 0.493506 0.814085 0.496104 0.812676 0.501299 0.812676 0.503896 0.814085 0.503896 0.818310 0.498701 0.821127 0.488312 0.821127 0.488312 0.839437 0.485714 0.840845 0.480519 0.840845 0.477922 0.839437 0.477922 0.821127 0.472727 0.821127 0.472727 0.838028 0.470130 0.839437 0.464935 0.839437 0.462338 0.838028 0.462338 0.836620 0.457143 0.836620 0.457143 0.839437 0.454545 0.840845 0.449351 0.840845 0.449351 0.845070 0.451948 0.846479 0.451948 0.852113 0.454545 0.852113 0.457143 0.853521 0.457143 0.856338 0.459740 0.856338 0.462338 0.857746 0.470130 0.857746 0.472727 0.856338 0.493506 0.856338 0.496104 0.857746 0.501299 0.857746 0.503896 0.856338 0.527273 0.856338 0.529870 0.857746 0.535065 0.857746 0.537662 0.859155 0.537662 0.861972 0.535065 0.863380 0.529870 0.863380 0.529870 0.866197 0.532468 0.867606 0.532468 0.881690 0.529870 0.883099 0.524675 0.883099 0.524675 0.891549 0.522078 0.892958 0.516883 0.892958 0.514286 0.891549 0.514286 0.890141 0.511688 0.890141 0.509091 0.888732 0.509091 0.863380 0.503896 0.863380 0.503896 0.866197 0.501299 0.867606 0.496104 0.867606 0.493506 0.866197 0.493506 0.863380 0.488312 0.863380 0.488312 0.864789 0.485714 0.866197 0.480519 0.866197 0.477922 0.864789 0.477922 0.863380 0.472727 0.863380 0.472727 0.895775 0.467532 0.898592 0.462338 0.898592 0.459740 0.900000 0.449351 0.900000 0.446753 0.901408 0.446753 0.902817 0.444156 0.904225 0.433766 0.904225 0.431169 0.905634 0.431169 0.909859 0.425974 0.912676 0.425974 0.939437 0.431169 0.939437 0.431169 0.916901 0.433766 0.915493 0.438961 0.915493 0.441558 0.914085 0.446753 0.914085 0.449351 0.915493 0.449351 0.919718 0.446753 0.921127 0.446753 0.923944 0.449351 0.925352 0.449351 0.928169 0.451948 0.929577 0.451948 0.935211 0.457143 0.935211 0.459740 0.933803 0.464935 0.933803 0.467532 0.935211 0.475325 0.935211 0.477922 0.936620 0.477922 0.943662 0.475325 0.945070 0.464935 0.945070 0.464935 0.947887 0.475325 0.947887 0.477922 0.949296 0.477922 0.960563 0.475325 0.961972 0.472727 0.961972 0.472727 0.964789 0.477922 0.964789 0.477922 0.961972 0.480519 0.960563 0.485714 0.960563 0.488312 0.961972 0.488312 0.973239 0.493506 0.973239 0.493506 0.963380 0.496104 0.961972 0.501299 0.961972 0.503896 0.963380 0.503896 0.971831 0.509091 0.971831 0.509091 0.961972 0.511688 0.960563 0.516883 0.960563 0.516883 0.954930 0.519481 0.953521 0.529870 0.953521 0.532468 0.954930 0.532468 0.964789 0.540260 0.964789 0.540260 0.957746 0.542857 0.956338 0.550649 0.956338 0.553247 0.957746 0.566234 0.957746 0.568831 0.959155 0.568831 0.961972 0.566234 0.963380 0.563636 0.963380 0.561039 0.964789 0.558442 0.964789 0.555844 0.966197 0.555844 0.970423 0.553247 0.971831 0.550649 0.971831 0.550649 0.974648 0.548052 0.976056 0.542857 0.976056 0.542857 0.978873 0.548052 0.978873 0.550649 0.980282 0.553247 0.980282 0.555844 0.981690 0.555844 0.984507 0.553247 0.985915 0.548052 0.985915 0.548052 0.988732 0.545455 0.990141 0.542857 0.990141 0.542857 0.992958 0.545455 0.992958 0.548052 0.994366 0.548052 0.998592 0.553247 0.998592 0.553247 0.994366 0.555844 0.992958 0.561039 0.992958 0.563636 0.994366 0.563636 0.998592 0.568831 0.998592 0.568831 0.994366 0.566234 0.994366 0.563636 0.992958 0.563636 0.985915 0.566234 0.984507 0.576623 0.984507 0.579221 0.985915 0.579221 0.988732 0.584416 0.988732 0.584416 0.985915 0.579221 0.985915 0.576623 0.984507 0.576623 0.980282 0.579221 0.978873 0.584416 0.978873 0.584416 0.977465 0.587013 0.976056 0.594805 0.976056 0.594805 0.974648 0.597403 0.973239 0.602597 0.973239 0.605195 0.974648 0.605195 0.976056 0.607792 0.976056 0.610390 0.977465 0.610390 0.980282 0.615584 0.980282 0.615584 0.978873 0.618182 0.977465 0.623377 0.977465 0.625974 0.978873 0.625974 0.995775 0.623377 0.997183 0.623377 0.998592 0.662338 0.998592 0.662338 0.985915 0.657143 0.985915 0.654545 0.984507 0.654545 0.981690 0.657143 0.980282 0.659740 0.980282 0.659740 0.961972 0.662338 0.960563 0.667532 0.960563 0.667532 0.938028 0.670130 0.936620 0.677922 0.936620 0.680519 0.938028 0.690909 0.938028 0.693506 0.939437 0.693506 0.943662 0.690909 0.945070 0.680519 0.945070 0.680519 0.953521 0.683117 0.953521 0.685714 0.954930 0.685714 0.971831 0.690909 0.971831 0.690909 0.961972 0.693506 0.960563 0.698701 0.960563 0.701299 0.961972 0.701299 0.998592 0.706494 0.998592 0.706494 0.978873 0.709091 0.977465 0.714286 0.977465 0.716883 0.978873 0.716883 0.980282 0.722078 0.980282 0.722078 0.969014 0.724675 0.967606 0.729870 0.967606 0.732468 0.969014 0.732468 0.980282 0.737662 0.980282 0.737662 0.978873 0.740260 0.977465 0.742857 0.977465 0.742857 0.970423 0.745455 0.969014 0.745455 0.966197 0.748052 0.964789 0.748052 0.961972 0.745455 0.960563 0.745455 0.953521 0.748052 0.952113 0.761039 0.952113 0.763636 0.953521 0.763636 0.978873 0.768831 0.978873 0.768831 0.970423 0.771429 0.969014 0.776623 0.969014 0.779221 0.970423 0.779221 0.976056 0.784416 0.976056 0.784416 0.966197 0.787013 0.964789 0.805195 0.964789 0.807792 0.966197 0.807792 0.978873 0.812987 0.978873 0.812987 0.966197 0.815584 0.964789 0.828571 0.964789 0.831169 0.966197 0.831169 0.969014 0.836364 0.969014 0.838961 0.970423 0.838961 0.971831 0.844156 0.971831 0.844156 0.969014 0.841558 0.969014 0.838961 0.967606 0.838961 0.961972 0.841558 0.960563 0.844156 0.960563 0.844156 0.946479 0.846753 0.945070 0.851948 0.945070 0.854545 0.946479 0.854545 0.973239 0.859740 0.973239 0.859740 0.945070 0.862338 0.943662 0.867532 0.943662 0.867532 0.940845 0.870130 0.939437 0.875325 0.939437 0.875325 0.938028 0.877922 0.936620 0.883117 0.936620 0.885714 0.938028 0.885714 0.939437 0.890909 0.939437 0.890909 0.928169 0.893506 0.926761 0.893506 0.922535 0.901299 0.918310 0.909091 0.918310 0.914286 0.921127 0.914286 0.939437 0.922078 0.939437 0.922078 0.932394 0.924675 0.930986 0.935065 0.930986 0.935065 0.919718 0.937662 0.918310 0.942857 0.918310 0.945455 0.919718 0.945455 0.938028 0.950649 0.938028 0.950649 0.914085 0.953247 0.912676 0.958442 0.912676 0.961039 0.914085 0.961039 0.939437 0.966234 0.939437 0.966234 0.909859 0.961039 0.909859 0.958442 0.908451 0.958442 0.904225 0.945455 0.904225 0.942857 0.902817 0.929870 0.902817 0.927273 0.901408 0.927273 0.898592 0.929870 0.897183 0.935065 0.897183 0.935065 0.884507 0.929870 0.884507 0.927273 0.883099 0.927273 0.880282 0.929870 0.878873 0.935065 0.878873 0.935065 0.874648 0.929870 0.874648 0.924675 0.871831 0.924675 0.869014 0.927273 0.867606 0.935065 0.867606 0.935065 0.863380 0.916883 0.863380 0.914286 0.861972 0.903896 0.861972 0.901299 0.860563 0.901299 0.857746 0.903896 0.856338 0.929870 0.856338 0.929870 0.850704 0.932468 0.849296 0.950649 0.849296 0.950649 0.845070 0.942857 0.845070 0.940260 0.843662 0.940260 0.840845 0.937662 0.840845 0.935065 0.839437 0.935065 0.822535 0.924675 0.822535 0.922078 0.821127 0.922078 0.816901 0.924675 0.815493 0.937662 0.815493 0.937662 0.805634 0.940260 0.804225 0.958442 0.804225 0.961039 0.805634 0.961039 0.854930 0.966234 0.854930 0.966234 0.781690 0.961039 0.781690 0.961039 0.788732 0.958442 0.790141 0.940260 0.790141 0.937662 0.788732 0.924675 0.788732 0.922078 0.787324 0.922078 0.780282 0.916883 0.780282 0.916883 0.801408 0.914286 0.802817 0.914286 0.808451 0.916883 0.809859 0.916883 0.814085 0.914286 0.815493 0.914286 0.822535 0.911688 0.823944 0.911688 0.826761 0.914286 0.828169 0.914286 0.830986 0.911688 0.832394 0.901299 0.832394 0.898701 0.830986 0.898701 0.816901 0.893506 0.816901 0.890909 0.815493 0.890909 0.812676 0.893506 0.811268 0.896104 0.811268 0.896104 0.808451 0.893506 0.808451 0.890909 0.807042 0.890909 0.804225 0.893506 0.802817 0.893506 0.800000 0.890909 0.798592 0.890909 0.780282 0.885714 0.780282 0.885714 0.781690 0.883117 0.783099 0.872727 0.783099 0.870130 0.781690 0.857143 0.781690 0.854545 0.780282 0.849351 0.780282 0.844156 0.783099 0.833766 0.783099 0.833766 0.785915 0.831169 0.787324 0.831169 0.795775 0.838961 0.795775 0.841558 0.794366 0.851948 0.794366 0.854545 0.795775 0.854545 0.798592 0.851948 0.800000 0.844156 0.800000 0.844156 0.801408 0.841558 0.802817 0.838961 0.802817 0.838961 0.805634 0.836364 0.807042 0.831169 0.807042 0.828571 0.808451 0.820779 0.808451 0.815584 0.805634 0.815584 0.795775 0.818182 0.794366 0.820779 0.794366 0.820779 0.783099 0.810390 0.783099 0.807792 0.781690 0.807792 0.778873 0.792208 0.778873 0.789610 0.777465 0.789610 0.774648 0.792208 0.773239 0.820779 0.773239 0.820779 0.757746 0.818182 0.757746 0.815584 0.756338 0.815584 0.753521 0.802597 0.753521 0.800000 0.752113 0.800000 0.749296 0.802597 0.747887 0.815584 0.747887 0.815584 0.743662 0.802597 0.743662 0.800000 0.742254 0.800000 0.738028 0.794805 0.738028 0.794805 0.753521 0.792208 0.754930 0.787013 0.754930 0.784416 0.753521 0.784416 0.736620 0.779221 0.736620 0.779221 0.747887 0.776623 0.749296 0.771429 0.749296 0.768831 0.747887 0.768831 0.743662 0.766234 0.743662 0.763636 0.742254 0.763636 0.735211 0.766234 0.733803 0.768831 0.733803 0.768831 0.730986 0.766234 0.730986 0.763636 0.729577 0.763636 0.725352 0.766234 0.723944 0.768831 0.723944 0.768831 0.719718 0.766234 0.719718 0.763636 0.718310 0.763636 0.715493 0.761039 0.714085 0.761039 0.711268 0.766234 0.708451 0.768831 0.708451 0.768831 0.704225 0.766234 0.704225 0.763636 0.702817 0.763636 0.695775 0.761039 0.694366 0.761039 0.690141 0.763636 0.688732 0.766234 0.688732 0.766234 0.678873 0.768831 0.677465 0.768831 0.669014 0.774026 0.666197 0.784416 0.666197 0.784416 0.630986 0.787013 0.629577 0.792208 0.629577 0.794805 0.630986 0.794805 0.640845 0.800000 0.640845 0.800000 0.622535 0.802597 0.621127 0.807792 0.621127 0.810390 0.622535 0.810390 0.640845 0.815584 0.640845 0.815584 0.614085 0.810390 0.614085 0.810390 0.615493 0.807792 0.616901 0.802597 0.616901 0.800000 0.615493 0.800000 0.614085 0.797403 0.614085 0.794805 0.612676 0.794805 0.609859 0.797403 0.608451 0.820779 0.608451 0.823377 0.607042 0.831169 0.607042 0.833766 0.608451 0.846753 0.608451 0.849351 0.609859 0.849351 0.612676 0.846753 0.614085 0.841558 0.614085 0.838961 0.615493 0.838961 0.632394 0.844156 0.632394 0.844156 0.626761 0.846753 0.625352 0.846753 0.614085 0.849351 0.612676 0.867532 0.612676 0.870130 0.614085 0.870130 0.618310 0.872727 0.619718 0.883117 0.619718 0.885714 0.621127 0.885714 0.623944 0.901299 0.623944 0.903896 0.625352 0.903896 0.628169 0.901299 0.629577 0.901299 0.632394 0.906494 0.632394 0.909091 0.633803 0.909091 0.638028 0.911688 0.639437 0.911688 0.645070 0.914286 0.645070 0.916883 0.646479 0.916883 0.649296 0.922078 0.649296 0.922078 0.646479 0.924675 0.645070 0.929870 0.645070 0.932468 0.646479 0.932468 0.649296 0.937662 0.649296 0.937662 0.638028 0.940260 0.636620 0.945455 0.636620 0.945455 0.635211 0.948052 0.633803 0.958442 0.633803 0.961039 0.635211 0.961039 0.643662 0.958442 0.645070 0.948052 0.645070 0.948052 0.649296 0.953247 0.649296 0.953247 0.646479 0.955844 0.645070 0.968831 0.645070 0.968831 0.642254 0.966234 0.640845 0.966234 0.635211 0.968831 0.633803 0.974026 0.633803 0.974026 0.628169 0.976623 0.626761 0.976623 0.622535 0.974026 0.621127 0.974026 0.611268 0.968831 0.611268 0.966234 0.609859 0.966234 0.587324 0.963636 0.587324 0.961039 0.585915 0.961039 0.581690 0.958442 0.580282 0.958442 0.574648 0.955844 0.573239 0.955844 0.566197 0.953247 0.564789 0.953247 0.563380 0.950649 0.561972 0.950649 0.547887 0.953247 0.546479 0.953247 0.542254 0.940260 0.542254 0.937662 0.540845 0.937662 0.530986 0.932468 0.530986 0.929870 0.529577 0.911688 0.529577 0.909091 0.528169 0.909091 0.521127 0.911688 0.519718 0.911688 0.516901 0.909091 0.515493 0.909091 0.512676 0.906494 0.512676 0.903896 0.511268 0.903896 0.508451 0.901299 0.507042 0.901299 0.495775 0.896104 0.492958 0.896104 0.491549 0.893506 0.490141 0.893506 0.484507 0.888312 0.481690 0.888312 0.480282 0.885714 0.480282 0.875325 0.474648 0.875325 0.473239 0.872727 0.471831 0.872727 0.467606 0.875325 0.466197 0.875325 0.463380 0.859740 0.463380 0.854545 0.460563 0.854545 0.452113 0.851948 0.450704 0.841558 0.450704 0.838961 0.449296 0.838961 0.442254 0.841558 0.440845 0.846753 0.440845 0.849351 0.442254 0.854545 0.442254 0.857143 0.440845 0.859740 0.440845 0.859740 0.429577 0.857143 0.429577 0.854545 0.428169 0.854545 0.426761 0.851948 0.425352 0.851948 0.423944 0.849351 0.422535 0.849351 0.421127 0.841558 0.421127 0.838961 0.419718 0.838961 0.416901 0.833766 0.416901 0.833766 0.419718 0.828571 0.422535 0.820779 0.422535 0.815584 0.425352 0.807792 0.425352 0.805195 0.423944 0.802597 0.423944 0.800000 0.422535 0.797403 0.422535 0.794805 0.421127 0.794805 0.419718 0.792208 0.419718 0.789610 0.418310 0.781818 0.418310 0.779221 0.416901 0.771429 0.416901 0.768831 0.415493 0.768831 0.405634 0.763636 0.405634 0.761039 0.404225 0.761039 0.402817 0.755844 0.402817 0.753247 0.404225 0.748052 0.404225 0.745455 0.402817 0.745455 0.401408 0.740260 0.401408 0.737662 0.400000 0.737662 0.397183 0.735065 0.397183 0.732468 0.395775 0.732468 0.392958 0.735065 0.391549 0.740260 0.391549 0.740260 0.388732 0.729870 0.388732 0.727273 0.387324 0.724675 0.387324 0.722078 0.385915 0.722078 0.377465 0.724675 0.376056 0.724675 0.367606 0.716883 0.367606 0.711688 0.364789 0.711688 0.363380 0.709091 0.361972 0.709091 0.356338 0.711688 0.354930 0.714286 0.354930 0.714286 0.352113 0.716883 0.350704 0.724675 0.350704 0.724675 0.339437 0.719481 0.339437 0.719481 0.342254 0.716883 0.343662 0.711688 0.343662 0.709091 0.342254 0.709091 0.339437 0.711688 0.338028 0.714286 0.338028 0.714286 0.335211 0.716883 0.333803 0.724675 0.333803 0.724675 0.322535 0.719481 0.322535 0.719481 0.332394 0.716883 0.333803 0.706494 0.333803 0.703896 0.332394 0.703896 0.330986 0.701299 0.329577 0.701299 0.326761 0.693506 0.326761 0.690909 0.328169 0.685714 0.328169 0.683117 0.326761 0.672727 0.326761 0.670130 0.325352 0.670130 0.322535 0.667532 0.321127 0.667532 0.318310 0.664935 0.316901 0.664935 0.314085 0.667532 0.312676 0.667532 0.309859 0.664935 0.309859 0.662338 0.308451 0.662338 0.305634 0.659740 0.305634 0.657143 0.304225 0.657143 0.301408 0.651948 0.301408 0.646753 0.298592 0.641558 0.298592 0.638961 0.297183 0.638961 0.294366 0.628571 0.294366 0.625974 0.292958 0.625974 0.284507 0.623377 0.283099 0.623377 0.278873 0.618182 0.276056 0.618182 0.266197 0.615584 0.264789 0.612987 0.264789 0.610390 0.263380 0.610390 0.260563 0.605195 0.257746 0.605195 0.253521 0.600000 0.250704 0.600000 0.249296 0.597403 0.249296 0.594805 0.247887 0.594805 0.233803 0.597403 0.232394 0.597403 0.226761 0.594805 0.225352 0.594805 0.222535 0.589610 0.222535 0.589610 0.226761 0.587013 0.228169 0.587013 0.229577 0.581818 0.232394 0.581818 0.233803 0.579221 0.235211 0.579221 0.236620 0.574026 0.239437 0.574026 0.242254 0.571429 0.243662 0.566234 0.243662 0.563636 0.242254 0.563636 0.239437 0.561039 0.238028 0.542857 0.238028 0.537662 0.240845 0.527273 0.240845 0.527273 0.242254 0.524675 0.243662 0.519481 0.243662 0.514286 0.240845 0.514286 0.239437 0.509091 0.239437 0.506494 0.240845 0.493506 0.240845 0.490909 0.239437 0.488312 0.239437 0.485714 0.238028 0.485714 0.235211 0.480519 0.235211 0.477922 0.233803 0.477922 0.222535 0.480519 0.221127 0.483117 0.221127 0.483117 0.218310 0.480519 0.216901 0.480519 0.214085 0.483117 0.212676 0.483117 0.209859 0.480519 0.208451 0.480519 0.205634