0 0.405738 0.707792 0.405738 0.711039 0.401639 0.712662 0.393443 0.712662 0.389344 0.711039 0.389344 0.709416 0.381148 0.709416 0.381148 0.740260 0.389344 0.740260 0.389344 0.719156 0.393443 0.717532 0.397541 0.717532 0.397541 0.714286 0.401639 0.712662 0.413934 0.712662 0.413934 0.707792
0 0.270492 0.699675 0.270492 0.702922 0.274590 0.704545 0.274590 0.707792 0.282787 0.707792 0.286885 0.709416 0.286885 0.740260 0.295082 0.740260 0.295082 0.709416 0.286885 0.709416 0.282787 0.707792 0.282787 0.699675
0 0.782787 0.659091 0.778689 0.660714 0.778689 0.663961 0.786885 0.663961 0.790984 0.662338 0.799180 0.662338 0.803279 0.663961 0.803279 0.668831 0.799180 0.670455 0.799180 0.673701 0.795082 0.675325 0.782787 0.675325 0.778689 0.676948 0.770492 0.676948 0.766393 0.675325 0.766393 0.668831 0.754098 0.668831 0.754098 0.673701 0.758197 0.675325 0.758197 0.678571 0.766393 0.678571 0.770492 0.680195 0.770492 0.683442 0.766393 0.685065 0.754098 0.685065 0.754098 0.689935 0.758197 0.691558 0.758197 0.696429 0.762295 0.696429 0.766393 0.698052 0.766393 0.702922 0.778689 0.702922 0.778689 0.699675 0.770492 0.699675 0.766393 0.698052 0.766393 0.693182 0.770492 0.691558 0.799180 0.691558 0.803279 0.693182 0.803279 0.698052 0.811475 0.698052 0.811475 0.688312 0.815574 0.686688 0.836066 0.686688 0.836066 0.668831 0.819672 0.668831 0.815574 0.667208 0.815574 0.660714 0.811475 0.659091
0 0.745902 0.603896 0.745902 0.641234 0.754098 0.641234 0.754098 0.628247 0.758197 0.626623 0.778689 0.626623 0.778689 0.618506 0.782787 0.616883 0.803279 0.616883 0.803279 0.603896 0.790984 0.603896 0.790984 0.612013 0.786885 0.613636 0.758197 0.613636 0.754098 0.612013 0.754098 0.603896
0 0.803279 0.555195 0.799180 0.556818 0.790984 0.556818 0.790984 0.563312 0.786885 0.564935 0.770492 0.564935 0.770492 0.568182 0.774590 0.568182 0.778689 0.569805 0.778689 0.579545 0.774590 0.581169 0.758197 0.581169 0.754098 0.579545 0.754098 0.574675 0.745902 0.574675 0.745902 0.577922 0.741803 0.579545 0.733607 0.579545 0.733607 0.592532 0.741803 0.592532 0.745902 0.594156 0.745902 0.597403 0.754098 0.597403 0.758197 0.595779 0.778689 0.595779 0.782787 0.594156 0.807377 0.594156 0.811475 0.592532 0.811475 0.589286 0.807377 0.587662 0.807377 0.581169 0.811475 0.579545 0.827869 0.579545 0.827869 0.574675 0.807377 0.574675 0.803279 0.573052 0.803279 0.561688 0.811475 0.558442 0.831967 0.558442 0.831967 0.555195
0 0.418033 0.550325 0.418033 0.551948 0.413934 0.553571 0.397541 0.553571 0.397541 0.556818 0.418033 0.556818 0.422131 0.558442 0.426230 0.558442 0.430328 0.560065 0.430328 0.577922 0.438525 0.577922 0.438525 0.560065 0.442623 0.558442 0.450820 0.558442 0.454918 0.560065 0.463115 0.560065 0.463115 0.555195 0.454918 0.555195 0.450820 0.553571 0.450820 0.550325 0.442623 0.550325 0.442623 0.553571 0.438525 0.555195 0.430328 0.555195 0.426230 0.553571 0.426230 0.550325
0 0.102459 0.550325 0.102459 0.551948 0.098361 0.553571 0.081967 0.553571 0.081967 0.556818 0.163934 0.556818 0.163934 0.550325 0.155738 0.550325 0.155738 0.551948 0.151639 0.553571 0.143443 0.553571 0.139344 0.551948 0.139344 0.550325 0.131148 0.550325 0.131148 0.551948 0.127049 0.553571 0.118852 0.553571 0.114754 0.551948 0.114754 0.550325
0 0.045082 0.537338 0.045082 0.548701 0.040984 0.550325 0.028689 0.550325 0.028689 0.555195 0.032787 0.555195 0.036885 0.556818 0.040984 0.556818 0.045082 0.558442 0.045082 0.568182 0.053279 0.568182 0.053279 0.558442 0.057377 0.556818 0.065574 0.556818 0.065574 0.550325 0.057377 0.550325 0.053279 0.548701 0.053279 0.537338
0 0.303279 0.417208 0.303279 0.420455 0.299180 0.422078 0.286885 0.422078 0.286885 0.426948 0.290984 0.428571 0.295082 0.428571 0.303279 0.431818 0.303279 0.438312 0.299180 0.439935 0.286885 0.439935 0.286885 0.444805 0.295082 0.444805 0.295082 0.441558 0.299180 0.439935 0.307377 0.439935 0.311475 0.441558 0.311475 0.444805 0.319672 0.444805 0.319672 0.420455 0.315574 0.420455 0.311475 0.418831 0.311475 0.417208
0 0.950820 0.337662 0.950820 0.344156 0.975410 0.353896 0.975410 0.355519 0.991803 0.362013 0.995902 0.362013 0.995902 0.353896 0.991803 0.353896 0.983607 0.350649 0.983607 0.349026 0.979508 0.347403 0.979508 0.345779 0.975410 0.345779 0.971311 0.344156 0.967213 0.344156 0.959016 0.340909 0.959016 0.337662
0 0.831967 0.077922 0.831967 0.079545 0.827869 0.081169 0.827869 0.082792 0.823770 0.084416 0.803279 0.084416 0.799180 0.086039 0.786885 0.086039 0.782787 0.087662 0.774590 0.087662 0.770492 0.089286 0.762295 0.089286 0.758197 0.090909 0.750000 0.090909 0.745902 0.092532 0.741803 0.092532 0.737705 0.094156 0.737705 0.095779 0.729508 0.099026 0.713115 0.099026 0.709016 0.097403 0.709016 0.086039 0.700820 0.086039 0.700820 0.099026 0.704918 0.099026 0.709016 0.100649 0.709016 0.105519 0.704918 0.107143 0.688525 0.107143 0.684426 0.108766 0.684426 0.112013 0.704918 0.112013 0.709016 0.113636 0.709016 0.120130 0.717213 0.120130 0.717213 0.112013 0.721311 0.110390 0.721311 0.108766 0.729508 0.105519 0.745902 0.105519 0.745902 0.102273 0.750000 0.100649 0.762295 0.100649 0.766393 0.099026 0.778689 0.099026 0.778689 0.097403 0.782787 0.095779 0.815574 0.095779 0.819672 0.097403 0.819672 0.100649 0.827869 0.100649 0.827869 0.095779 0.831967 0.094156 0.840164 0.094156 0.840164 0.090909 0.844262 0.089286 0.852459 0.089286 0.856557 0.090909 0.856557 0.095779 0.864754 0.095779 0.868852 0.097403 0.868852 0.099026 0.877049 0.099026 0.877049 0.095779 0.881148 0.094156 0.909836 0.094156 0.913934 0.092532 0.930328 0.092532 0.934426 0.094156 0.934426 0.107143 0.930328 0.108766 0.930328 0.113636 0.922131 0.116883 0.922131 0.123377 0.918033 0.125000 0.913934 0.125000 0.913934 0.128247 0.922131 0.128247 0.926230 0.129870 0.938525 0.129870 0.938525 0.125000 0.934426 0.123377 0.934426 0.120130 0.938525 0.118506 0.938525 0.110390 0.942623 0.108766 0.954918 0.108766 0.954918 0.102273 0.950820 0.100649 0.950820 0.097403 0.946721 0.095779 0.942623 0.095779 0.938525 0.094156 0.938525 0.089286 0.934426 0.087662 0.934426 0.082792 0.926230 0.082792 0.922131 0.081169 0.922131 0.079545 0.909836 0.079545 0.905738 0.081169 0.848361 0.081169 0.840164 0.077922
0 0.532787 0.000000 0.532787 0.022727 0.536885 0.022727 0.540984 0.024351 0.540984 0.027597 0.536885 0.029221 0.532787 0.029221 0.532787 0.032468 0.528689 0.034091 0.524590 0.034091 0.520492 0.035714 0.520492 0.038961 0.516393 0.040584 0.516393 0.043831 0.520492 0.045455 0.520492 0.047078 0.524590 0.048701 0.524590 0.056818 0.520492 0.058442 0.520492 0.064935 0.536885 0.064935 0.540984 0.066558 0.540984 0.071429 0.549180 0.071429 0.549180 0.069805 0.557377 0.066558 0.569672 0.066558 0.573770 0.068182 0.573770 0.069805 0.586066 0.069805 0.590164 0.071429 0.598361 0.071429 0.602459 0.069805 0.614754 0.069805 0.618852 0.071429 0.618852 0.077922 0.610656 0.081169 0.536885 0.081169 0.536885 0.082792 0.532787 0.084416 0.528689 0.084416 0.524590 0.086039 0.508197 0.086039 0.508197 0.099026 0.516393 0.099026 0.516393 0.092532 0.520492 0.090909 0.528689 0.090909 0.532787 0.092532 0.532787 0.099026 0.540984 0.099026 0.540984 0.092532 0.545082 0.090909 0.557377 0.090909 0.561475 0.092532 0.561475 0.097403 0.557377 0.099026 0.557377 0.102273 0.549180 0.105519 0.508197 0.105519 0.508197 0.108766 0.524590 0.108766 0.528689 0.110390 0.532787 0.110390 0.536885 0.112013 0.536885 0.115260 0.524590 0.120130 0.520492 0.120130 0.520492 0.128247 0.516393 0.129870 0.495902 0.129870 0.495902 0.136364 0.491803 0.137987 0.487705 0.137987 0.483607 0.139610 0.483607 0.141234 0.479508 0.142857 0.475410 0.142857 0.475410 0.146104 0.471311 0.147727 0.459016 0.147727 0.454918 0.146104 0.454918 0.139610 0.459016 0.137987 0.467213 0.137987 0.467213 0.134740 0.454918 0.134740 0.450820 0.133117 0.450820 0.129870 0.422131 0.129870 0.422131 0.133117 0.442623 0.133117 0.446721 0.134740 0.446721 0.139610 0.442623 0.141234 0.434426 0.141234 0.430328 0.139610 0.422131 0.139610 0.422131 0.144481 0.418033 0.146104 0.418033 0.147727 0.413934 0.149351 0.409836 0.149351 0.409836 0.155844 0.405738 0.157468 0.401639 0.157468 0.401639 0.160714 0.413934 0.160714 0.418033 0.162338 0.418033 0.163961 0.422131 0.163961 0.426230 0.165584 0.434426 0.165584 0.434426 0.163961 0.438525 0.162338 0.463115 0.162338 0.467213 0.163961 0.467213 0.172078 0.463115 0.173701 0.454918 0.173701 0.450820 0.172078 0.442623 0.172078 0.442623 0.175325 0.446721 0.176948 0.446721 0.180195 0.442623 0.181818 0.434426 0.181818 0.430328 0.180195 0.430328 0.176948 0.418033 0.176948 0.418033 0.180195 0.422131 0.180195 0.426230 0.181818 0.426230 0.185065 0.422131 0.186688 0.413934 0.186688 0.409836 0.185065 0.405738 0.185065 0.401639 0.183442 0.401639 0.178571 0.389344 0.178571 0.385246 0.176948 0.385246 0.173701 0.356557 0.173701 0.352459 0.172078 0.352459 0.168831 0.360656 0.165584 0.360656 0.162338 0.356557 0.160714 0.356557 0.159091 0.340164 0.159091 0.336066 0.157468 0.336066 0.154221 0.340164 0.152597 0.356557 0.152597 0.356557 0.144481 0.360656 0.142857 0.360656 0.134740 0.364754 0.133117 0.385246 0.133117 0.385246 0.129870 0.389344 0.128247 0.393443 0.128247 0.393443 0.121753 0.397541 0.120130 0.413934 0.120130 0.418033 0.121753 0.418033 0.123377 0.426230 0.123377 0.426230 0.120130 0.413934 0.120130 0.409836 0.118506 0.409836 0.112013 0.413934 0.110390 0.418033 0.110390 0.418033 0.087662 0.413934 0.087662 0.409836 0.086039 0.409836 0.077922 0.405738 0.077922 0.401639 0.076299 0.401639 0.073052 0.405738 0.071429 0.409836 0.071429 0.409836 0.063312 0.413934 0.061688 0.418033 0.061688 0.418033 0.058442 0.413934 0.058442 0.409836 0.056818 0.409836 0.053571 0.405738 0.051948 0.405738 0.048701 0.409836 0.047078 0.409836 0.043831 0.405738 0.042208 0.405738 0.029221 0.409836 0.027597 0.409836 0.024351 0.389344 0.024351 0.385246 0.022727 0.385246 0.016234 0.377049 0.016234 0.377049 0.040584 0.372951 0.042208 0.372951 0.050325 0.377049 0.051948 0.377049 0.056818 0.372951 0.058442 0.372951 0.060065 0.368852 0.061688 0.327869 0.061688 0.323770 0.060065 0.323770 0.058442 0.315574 0.058442 0.315574 0.064935 0.311475 0.066558 0.303279 0.066558 0.299180 0.068182 0.299180 0.071429 0.311475 0.071429 0.311475 0.069805 0.315574 0.068182 0.340164 0.068182 0.348361 0.071429 0.356557 0.071429 0.360656 0.069805 0.372951 0.069805 0.377049 0.071429 0.377049 0.076299 0.372951 0.077922 0.372951 0.094156 0.389344 0.094156 0.393443 0.095779 0.393443 0.099026 0.389344 0.100649 0.377049 0.100649 0.377049 0.105519 0.372951 0.107143 0.372951 0.108766 0.368852 0.110390 0.356557 0.110390 0.352459 0.112013 0.340164 0.112013 0.336066 0.110390 0.323770 0.110390 0.319672 0.108766 0.319672 0.105519 0.286885 0.105519 0.282787 0.107143 0.270492 0.107143 0.262295 0.103896 0.262295 0.100649 0.254098 0.100649 0.254098 0.102273 0.250000 0.103896 0.237705 0.103896 0.233607 0.102273 0.233607 0.099026 0.229508 0.099026 0.225410 0.097403 0.221311 0.097403 0.217213 0.095779 0.217213 0.092532 0.221311 0.090909 0.225410 0.090909 0.225410 0.087662 0.217213 0.087662 0.217213 0.089286 0.213115 0.090909 0.204918 0.090909 0.200820 0.089286 0.192623 0.089286 0.188525 0.087662 0.188525 0.084416 0.172131 0.084416 0.168033 0.082792 0.155738 0.082792 0.151639 0.084416 0.143443 0.084416 0.139344 0.082792 0.139344 0.081169 0.122951 0.081169 0.114754 0.077922 0.114754 0.076299 0.098361 0.076299 0.094262 0.074675 0.094262 0.071429 0.098361 0.069805 0.106557 0.069805 0.106557 0.066558 0.086066 0.066558 0.081967 0.064935 0.081967 0.056818 0.073770 0.056818 0.073770 0.061688 0.069672 0.063312 0.061475 0.063312 0.057377 0.061688 0.057377 0.058442 0.049180 0.058442 0.049180 0.061688 0.045082 0.063312 0.036885 0.063312 0.032787 0.061688 0.032787 0.058442 0.024590 0.058442 0.024590 0.060065 0.020492 0.061688 0.012295 0.061688 0.012295 0.069805 0.024590 0.069805 0.028689 0.071429 0.028689 0.074675 0.020492 0.077922 0.016393 0.077922 0.008197 0.081169 0.008197 0.084416 0.012295 0.086039 0.020492 0.086039 0.024590 0.087662 0.024590 0.100649 0.032787 0.100649 0.032787 0.086039 0.036885 0.084416 0.045082 0.084416 0.049180 0.086039 0.049180 0.099026 0.057377 0.099026 0.057377 0.087662 0.061475 0.086039 0.069672 0.086039 0.073770 0.087662 0.073770 0.089286 0.077869 0.089286 0.081967 0.090909 0.081967 0.094156 0.090164 0.094156 0.094262 0.095779 0.094262 0.100649 0.106557 0.100649 0.106557 0.095779 0.110656 0.094156 0.127049 0.094156 0.131148 0.095779 0.131148 0.097403 0.135246 0.099026 0.135246 0.103896 0.139344 0.103896 0.143443 0.105519 0.143443 0.108766 0.139344 0.110390 0.135246 0.110390 0.135246 0.113636 0.143443 0.113636 0.143443 0.110390 0.147541 0.108766 0.151639 0.108766 0.151639 0.102273 0.155738 0.100649 0.163934 0.100649 0.168033 0.102273 0.168033 0.108766 0.176230 0.108766 0.176230 0.102273 0.180328 0.100649 0.196721 0.100649 0.200820 0.102273 0.200820 0.105519 0.221311 0.105519 0.225410 0.107143 0.225410 0.112013 0.233607 0.112013 0.237705 0.110390 0.250000 0.110390 0.254098 0.112013 0.254098 0.118506 0.270492 0.118506 0.274590 0.120130 0.274590 0.125000 0.282787 0.125000 0.282787 0.121753 0.286885 0.120130 0.295082 0.120130 0.299180 0.121753 0.299180 0.133117 0.295082 0.134740 0.290984 0.134740 0.290984 0.137987 0.307377 0.137987 0.311475 0.139610 0.311475 0.144481 0.307377 0.146104 0.286885 0.146104 0.286885 0.149351 0.307377 0.149351 0.311475 0.150974 0.311475 0.160714 0.315574 0.162338 0.315574 0.163961 0.319672 0.165584 0.319672 0.167208 0.323770 0.168831 0.323770 0.173701 0.327869 0.175325 0.327869 0.185065 0.323770 0.186688 0.323770 0.193182 0.319672 0.194805 0.311475 0.194805 0.311475 0.198052 0.319672 0.198052 0.327869 0.201299 0.327869 0.204545 0.323770 0.206169 0.323770 0.220779 0.319672 0.222403 0.286885 0.222403 0.282787 0.224026 0.278689 0.224026 0.278689 0.230519 0.274590 0.232143 0.262295 0.232143 0.262295 0.235390 0.266393 0.237013 0.266393 0.243506 0.274590 0.243506 0.274590 0.240260 0.278689 0.238636 0.278689 0.235390 0.282787 0.233766 0.295082 0.233766 0.299180 0.235390 0.299180 0.248377 0.311475 0.248377 0.315574 0.250000 0.315574 0.254870 0.311475 0.256494 0.311475 0.264610 0.307377 0.266234 0.307377 0.271104 0.303279 0.272727 0.303279 0.277597 0.299180 0.279221 0.299180 0.293831 0.303279 0.295455 0.303279 0.297078 0.307377 0.298701 0.315574 0.298701 0.323770 0.301948 0.323770 0.314935 0.331967 0.314935 0.331967 0.311688 0.336066 0.310065 0.344262 0.310065 0.348361 0.311688 0.360656 0.311688 0.368852 0.314935 0.368852 0.316558 0.372951 0.318182 0.372951 0.324675 0.377049 0.324675 0.385246 0.327922 0.389344 0.327922 0.393443 0.329545 0.393443 0.331169 0.397541 0.332792 0.397541 0.342532 0.405738 0.342532 0.409836 0.344156 0.409836 0.349026 0.413934 0.350649 0.413934 0.353896 0.409836 0.355519 0.409836 0.365260 0.405738 0.366883 0.397541 0.366883 0.393443 0.365260 0.381148 0.365260 0.377049 0.363636 0.368852 0.363636 0.368852 0.366883 0.364754 0.368506 0.348361 0.368506 0.344262 0.366883 0.336066 0.366883 0.336066 0.368506 0.331967 0.370130 0.266393 0.370130 0.258197 0.366883 0.241803 0.366883 0.237705 0.365260 0.237705 0.363636 0.229508 0.360390 0.229508 0.357143 0.217213 0.357143 0.213115 0.355519 0.213115 0.340909 0.209016 0.340909 0.204918 0.339286 0.204918 0.326299 0.209016 0.324675 0.209016 0.316558 0.213115 0.314935 0.213115 0.311688 0.209016 0.310065 0.209016 0.306818 0.213115 0.305195 0.213115 0.301948 0.204918 0.301948 0.200820 0.300325 0.200820 0.298701 0.196721 0.298701 0.192623 0.297078 0.192623 0.295455 0.188525 0.293831 0.188525 0.292208 0.184426 0.290584 0.180328 0.290584 0.176230 0.288961 0.176230 0.287338 0.172131 0.287338 0.168033 0.285714 0.168033 0.275974 0.172131 0.274351 0.184426 0.274351 0.184426 0.271104 0.188525 0.269481 0.188525 0.267857 0.192623 0.266234 0.192623 0.262987 0.184426 0.262987 0.184426 0.264610 0.172131 0.269481 0.163934 0.269481 0.155738 0.272727 0.155738 0.274351 0.151639 0.275974 0.151639 0.285714 0.147541 0.287338 0.135246 0.287338 0.135246 0.290584 0.147541 0.290584 0.155738 0.293831 0.155738 0.295455 0.172131 0.295455 0.176230 0.297078 0.180328 0.297078 0.184426 0.298701 0.188525 0.298701 0.192623 0.300325 0.192623 0.301948 0.196721 0.303571 0.196721 0.305195 0.200820 0.306818 0.200820 0.311688 0.196721 0.313312 0.196721 0.316558 0.192623 0.318182 0.188525 0.318182 0.188525 0.324675 0.184426 0.326299 0.184426 0.334416 0.180328 0.336039 0.180328 0.340909 0.184426 0.342532 0.184426 0.349026 0.188525 0.350649 0.196721 0.350649 0.200820 0.352273 0.200820 0.357143 0.217213 0.357143 0.221311 0.358766 0.221311 0.362013 0.225410 0.363636 0.225410 0.366883 0.245902 0.366883 0.250000 0.368506 0.250000 0.370130 0.254098 0.371753 0.254098 0.375000 0.258197 0.376623 0.270492 0.376623 0.274590 0.378247 0.274590 0.381494 0.286885 0.381494 0.286885 0.379870 0.290984 0.378247 0.299180 0.378247 0.303279 0.379870 0.319672 0.379870 0.323770 0.381494 0.331967 0.381494 0.331967 0.379870 0.336066 0.378247 0.344262 0.378247 0.348361 0.379870 0.348361 0.383117 0.381148 0.383117 0.385246 0.384740 0.385246 0.386364 0.389344 0.386364 0.397541 0.389610 0.397541 0.392857 0.409836 0.392857 0.422131 0.397727 0.422131 0.399351 0.426230 0.400974 0.426230 0.404221 0.430328 0.404221 0.434426 0.405844 0.434426 0.407468 0.438525 0.409091 0.438525 0.410714 0.442623 0.412338 0.442623 0.413961 0.446721 0.415584 0.446721 0.420455 0.442623 0.422078 0.409836 0.422078 0.409836 0.425325 0.418033 0.425325 0.422131 0.426948 0.422131 0.431818 0.418033 0.433442 0.413934 0.433442 0.413934 0.438312 0.409836 0.439935 0.405738 0.439935 0.401639 0.441558 0.385246 0.441558 0.385246 0.444805 0.397541 0.444805 0.401639 0.446429 0.401639 0.449675 0.405738 0.449675 0.409836 0.451299 0.413934 0.451299 0.418033 0.452922 0.430328 0.452922 0.434426 0.451299 0.438525 0.451299 0.442623 0.449675 0.471311 0.449675 0.475410 0.448052 0.483607 0.448052 0.487705 0.449675 0.487705 0.451299 0.491803 0.452922 0.491803 0.454545 0.495902 0.456169 0.495902 0.461039 0.500000 0.462662 0.500000 0.465909 0.504098 0.467532 0.504098 0.470779 0.508197 0.472403 0.508197 0.475649 0.504098 0.477273 0.483607 0.477273 0.471311 0.472403 0.471311 0.470779 0.467213 0.469156 0.459016 0.469156 0.459016 0.470779 0.454918 0.472403 0.450820 0.472403 0.442623 0.475649 0.430328 0.475649 0.426230 0.474026 0.413934 0.474026 0.413934 0.478896 0.418033 0.478896 0.422131 0.480519 0.422131 0.487013 0.418033 0.488636 0.418033 0.490260 0.413934 0.491883 0.409836 0.491883 0.405738 0.493506 0.397541 0.493506 0.393443 0.491883 0.393443 0.487013 0.385246 0.487013 0.385246 0.491883 0.389344 0.491883 0.393443 0.493506 0.393443 0.501623 0.389344 0.503247 0.372951 0.503247 0.372951 0.506494 0.368852 0.508117 0.348361 0.508117 0.348361 0.524351 0.344262 0.525974 0.344262 0.527597 0.340164 0.529221 0.336066 0.529221 0.336066 0.530844 0.331967 0.532468 0.327869 0.532468 0.327869 0.535714 0.323770 0.537338 0.323770 0.555195 0.319672 0.556818 0.311475 0.556818 0.307377 0.555195 0.307377 0.550325 0.299180 0.550325 0.299180 0.556818 0.315574 0.556818 0.319672 0.558442 0.319672 0.561688 0.315574 0.563312 0.311475 0.563312 0.311475 0.564935 0.307377 0.566558 0.299180 0.566558 0.295082 0.564935 0.286885 0.564935 0.286885 0.568182 0.295082 0.568182 0.299180 0.569805 0.299180 0.573052 0.290984 0.576299 0.286885 0.576299 0.286885 0.577922 0.282787 0.579545 0.278689 0.579545 0.278689 0.584416 0.274590 0.586039 0.274590 0.590909 0.290984 0.590909 0.295082 0.592532 0.295082 0.597403 0.299180 0.599026 0.299180 0.602273 0.295082 0.603896 0.286885 0.603896 0.286885 0.636364 0.295082 0.636364 0.295082 0.603896 0.299180 0.602273 0.307377 0.602273 0.307377 0.599026 0.311475 0.597403 0.311475 0.589286 0.315574 0.587662 0.319672 0.587662 0.319672 0.584416 0.323770 0.582792 0.331967 0.582792 0.336066 0.584416 0.336066 0.587662 0.344262 0.587662 0.344262 0.584416 0.340164 0.584416 0.336066 0.582792 0.336066 0.579545 0.340164 0.577922 0.344262 0.577922 0.344262 0.564935 0.348361 0.563312 0.352459 0.563312 0.352459 0.560065 0.356557 0.558442 0.356557 0.553571 0.352459 0.551948 0.352459 0.547078 0.356557 0.545455 0.356557 0.534091 0.352459 0.532468 0.352459 0.525974 0.360656 0.522727 0.368852 0.522727 0.372951 0.524351 0.372951 0.525974 0.381148 0.525974 0.381148 0.522727 0.385246 0.521104 0.385246 0.516234 0.389344 0.514610 0.401639 0.514610 0.401639 0.512987 0.405738 0.511364 0.438525 0.511364 0.438525 0.508117 0.430328 0.508117 0.426230 0.506494 0.426230 0.501623 0.430328 0.500000 0.430328 0.493506 0.434426 0.491883 0.438525 0.491883 0.438525 0.488636 0.442623 0.487013 0.450820 0.487013 0.454918 0.488636 0.454918 0.491883 0.463115 0.491883 0.463115 0.488636 0.459016 0.488636 0.454918 0.487013 0.454918 0.483766 0.459016 0.482143 0.491803 0.482143 0.495902 0.483766 0.508197 0.483766 0.512295 0.485390 0.512295 0.490260 0.508197 0.491883 0.500000 0.491883 0.500000 0.495130 0.504098 0.496753 0.504098 0.500000 0.508197 0.501623 0.508197 0.508117 0.512295 0.509740 0.512295 0.512987 0.516393 0.514610 0.516393 0.519481 0.520492 0.521104 0.528689 0.521104 0.532787 0.522727 0.536885 0.522727 0.540984 0.524351 0.540984 0.525974 0.545082 0.525974 0.549180 0.527597 0.549180 0.529221 0.553279 0.530844 0.553279 0.532468 0.557377 0.534091 0.557377 0.543831 0.561475 0.545455 0.561475 0.551948 0.557377 0.553571 0.540984 0.553571 0.536885 0.555195 0.528689 0.555195 0.524590 0.553571 0.524590 0.550325 0.516393 0.550325 0.516393 0.553571 0.512295 0.555195 0.495902 0.555195 0.495902 0.558442 0.557377 0.558442 0.565574 0.561688 0.565574 0.573052 0.569672 0.574675 0.569672 0.587662 0.573770 0.589286 0.573770 0.592532 0.569672 0.594156 0.569672 0.597403 0.573770 0.599026 0.573770 0.607143 0.569672 0.608766 0.569672 0.615260 0.565574 0.616883 0.561475 0.616883 0.561475 0.621753 0.565574 0.621753 0.569672 0.623377 0.569672 0.647727 0.565574 0.649351 0.565574 0.686688 0.561475 0.688312 0.561475 0.691558 0.557377 0.693182 0.557377 0.699675 0.553279 0.701299 0.553279 0.715909 0.549180 0.717532 0.549180 0.727273 0.545082 0.728896 0.545082 0.737013 0.540984 0.738636 0.540984 0.748377 0.536885 0.750000 0.536885 0.751623 0.532787 0.753247 0.512295 0.753247 0.508197 0.754870 0.495902 0.754870 0.495902 0.756494 0.491803 0.758117 0.487705 0.758117 0.487705 0.759740 0.483607 0.761364 0.467213 0.761364 0.463115 0.759740 0.463115 0.750000 0.454918 0.750000 0.454918 0.761364 0.450820 0.762987 0.442623 0.762987 0.438525 0.761364 0.438525 0.756494 0.430328 0.756494 0.430328 0.761364 0.426230 0.762987 0.418033 0.762987 0.413934 0.761364 0.413934 0.756494 0.405738 0.756494 0.405738 0.759740 0.401639 0.761364 0.393443 0.761364 0.389344 0.759740 0.389344 0.748377 0.381148 0.748377 0.381148 0.771104 0.377049 0.772727 0.372951 0.772727 0.372951 0.774351 0.364754 0.777597 0.364754 0.779221 0.360656 0.780844 0.352459 0.780844 0.352459 0.782468 0.344262 0.785714 0.344262 0.788961 0.340164 0.790584 0.340164 0.792208 0.336066 0.793831 0.336066 0.795455 0.331967 0.797078 0.323770 0.797078 0.319672 0.795455 0.286885 0.795455 0.286885 0.806818 0.303279 0.806818 0.311475 0.810065 0.311475 0.821429 0.307377 0.823052 0.299180 0.823052 0.295082 0.821429 0.295082 0.813312 0.286885 0.813312 0.286885 0.827922 0.295082 0.827922 0.299180 0.826299 0.319672 0.826299 0.323770 0.827922 0.323770 0.844156 0.315574 0.847403 0.295082 0.847403 0.290984 0.849026 0.274590 0.849026 0.274590 0.850649 0.270492 0.852273 0.262295 0.852273 0.258197 0.853896 0.250000 0.853896 0.250000 0.855519 0.245902 0.857143 0.237705 0.857143 0.233607 0.855519 0.233607 0.853896 0.229508 0.852273 0.229508 0.847403 0.221311 0.847403 0.221311 0.850649 0.217213 0.852273 0.213115 0.852273 0.209016 0.853896 0.200820 0.853896 0.196721 0.852273 0.192623 0.852273 0.188525 0.850649 0.188525 0.847403 0.176230 0.847403 0.176230 0.849026 0.172131 0.850649 0.147541 0.850649 0.143443 0.849026 0.143443 0.847403 0.139344 0.845779 0.139344 0.842532 0.131148 0.842532 0.127049 0.844156 0.118852 0.844156 0.118852 0.847403 0.127049 0.847403 0.131148 0.849026 0.131148 0.852273 0.147541 0.852273 0.151639 0.853896 0.151639 0.860390 0.168033 0.860390 0.172131 0.862013 0.172131 0.863636 0.176230 0.865260 0.176230 0.870130 0.196721 0.870130 0.200820 0.871753 0.200820 0.879870 0.196721 0.881494 0.188525 0.881494 0.184426 0.883117 0.176230 0.883117 0.176230 0.887987 0.172131 0.889610 0.151639 0.889610 0.151639 0.899351 0.196721 0.899351 0.200820 0.900974 0.200820 0.909091 0.204918 0.910714 0.204918 0.913961 0.200820 0.915584 0.192623 0.915584 0.188525 0.917208 0.180328 0.917208 0.180328 0.920455 0.192623 0.920455 0.200820 0.923701 0.200820 0.928571 0.204918 0.930195 0.204918 0.931818 0.213115 0.931818 0.213115 0.925325 0.217213 0.923701 0.229508 0.923701 0.229508 0.922078 0.233607 0.920455 0.233607 0.918831 0.237705 0.917208 0.245902 0.917208 0.250000 0.918831 0.250000 0.926948 0.258197 0.926948 0.258197 0.923701 0.262295 0.922078 0.270492 0.922078 0.274590 0.923701 0.274590 0.926948 0.286885 0.926948 0.290984 0.928571 0.290984 0.933442 0.286885 0.935065 0.286885 0.936688 0.282787 0.938312 0.278689 0.938312 0.274590 0.939935 0.274590 0.941558 0.270492 0.943182 0.266393 0.943182 0.266393 0.948052 0.270492 0.949675 0.270492 0.964286 0.266393 0.965909 0.262295 0.965909 0.262295 0.969156 0.270492 0.969156 0.270492 0.964286 0.274590 0.962662 0.278689 0.962662 0.278689 0.957792 0.282787 0.956169 0.282787 0.952922 0.286885 0.951299 0.299180 0.951299 0.303279 0.949675 0.311475 0.949675 0.315574 0.951299 0.315574 0.954545 0.311475 0.956169 0.303279 0.956169 0.303279 0.959416 0.319672 0.959416 0.323770 0.961039 0.336066 0.961039 0.340164 0.962662 0.340164 0.969156 0.344262 0.970779 0.344262 0.974026 0.352459 0.974026 0.352459 0.964286 0.356557 0.962662 0.364754 0.962662 0.368852 0.964286 0.368852 0.975649 0.377049 0.975649 0.377049 0.972403 0.381148 0.970779 0.389344 0.970779 0.389344 0.967532 0.393443 0.965909 0.401639 0.965909 0.405738 0.967532 0.405738 0.970779 0.413934 0.970779 0.413934 0.949675 0.418033 0.948052 0.426230 0.948052 0.430328 0.949675 0.430328 0.961039 0.438525 0.961039 0.438525 0.948052 0.434426 0.948052 0.430328 0.946429 0.430328 0.939935 0.426230 0.938312 0.426230 0.935065 0.430328 0.933442 0.438525 0.933442 0.442623 0.935065 0.442623 0.938312 0.446721 0.939935 0.446721 0.944805 0.467213 0.944805 0.467213 0.939935 0.471311 0.938312 0.471311 0.933442 0.475410 0.931818 0.483607 0.931818 0.487705 0.933442 0.487705 0.935065 0.491803 0.936688 0.491803 0.938312 0.500000 0.938312 0.500000 0.933442 0.504098 0.931818 0.512295 0.931818 0.512295 0.928571 0.508197 0.928571 0.504098 0.926948 0.504098 0.923701 0.508197 0.922078 0.508197 0.918831 0.512295 0.917208 0.516393 0.917208 0.516393 0.910714 0.520492 0.909091 0.532787 0.909091 0.536885 0.910714 0.536885 0.923701 0.540984 0.925325 0.540984 0.928571 0.545082 0.930195 0.545082 0.931818 0.549180 0.933442 0.549180 0.936688 0.553279 0.936688 0.557377 0.938312 0.557377 0.946429 0.553279 0.948052 0.549180 0.948052 0.545082 0.949675 0.536885 0.949675 0.532787 0.951299 0.516393 0.951299 0.508197 0.954545 0.491803 0.954545 0.491803 0.957792 0.500000 0.957792 0.504098 0.959416 0.508197 0.959416 0.512295 0.961039 0.512295 0.967532 0.520492 0.967532 0.524590 0.969156 0.524590 0.970779 0.557377 0.970779 0.557377 0.967532 0.561475 0.965909 0.573770 0.965909 0.573770 0.961039 0.577869 0.959416 0.581967 0.959416 0.581967 0.957792 0.586066 0.956169 0.594262 0.956169 0.594262 0.952922 0.598361 0.951299 0.598361 0.949675 0.602459 0.948052 0.618852 0.948052 0.622951 0.949675 0.622951 0.961039 0.631148 0.961039 0.631148 0.939935 0.635246 0.938312 0.635246 0.928571 0.631148 0.926948 0.631148 0.922078 0.627049 0.920455 0.627049 0.915584 0.635246 0.912338 0.651639 0.912338 0.655738 0.913961 0.655738 0.918831 0.663934 0.918831 0.668033 0.917208 0.676230 0.917208 0.680328 0.918831 0.680328 0.920455 0.684426 0.922078 0.684426 0.926948 0.688525 0.928571 0.696721 0.928571 0.696721 0.923701 0.700820 0.922078 0.700820 0.920455 0.704918 0.918831 0.721311 0.918831 0.733607 0.923701 0.733607 0.926948 0.741803 0.930195 0.745902 0.930195 0.750000 0.931818 0.766393 0.931818 0.774590 0.935065 0.774590 0.936688 0.782787 0.939935 0.782787 0.941558 0.795082 0.941558 0.799180 0.943182 0.799180 0.946429 0.803279 0.948052 0.803279 0.949675 0.811475 0.949675 0.815574 0.951299 0.815574 0.952922 0.827869 0.957792 0.827869 0.961039 0.831967 0.961039 0.840164 0.964286 0.844262 0.964286 0.848361 0.965909 0.848361 0.967532 0.856557 0.967532 0.856557 0.962662 0.852459 0.962662 0.848361 0.961039 0.848361 0.959416 0.840164 0.959416 0.836066 0.957792 0.836066 0.956169 0.831967 0.954545 0.831967 0.951299 0.827869 0.951299 0.823770 0.949675 0.823770 0.948052 0.819672 0.948052 0.811475 0.944805 0.811475 0.943182 0.807377 0.941558 0.795082 0.941558 0.790984 0.939935 0.790984 0.938312 0.786885 0.936688 0.786885 0.931818 0.778689 0.928571 0.774590 0.928571 0.766393 0.925325 0.766393 0.922078 0.762295 0.922078 0.758197 0.920455 0.758197 0.917208 0.745902 0.917208 0.741803 0.915584 0.741803 0.912338 0.737705 0.910714 0.737705 0.905844 0.741803 0.904221 0.741803 0.900974 0.745902 0.899351 0.762295 0.899351 0.766393 0.900974 0.766393 0.912338 0.774590 0.912338 0.774590 0.899351 0.778689 0.897727 0.795082 0.897727 0.799180 0.899351 0.811475 0.899351 0.811475 0.897727 0.815574 0.896104 0.823770 0.896104 0.827869 0.897727 0.827869 0.900974 0.836066 0.900974 0.836066 0.884740 0.840164 0.883117 0.856557 0.883117 0.864754 0.879870 0.893443 0.879870 0.897541 0.881494 0.897541 0.883117 0.905738 0.883117 0.909836 0.881494 0.909836 0.876623 0.901639 0.876623 0.897541 0.875000 0.897541 0.873377 0.893443 0.871753 0.881148 0.871753 0.877049 0.870130 0.864754 0.870130 0.860656 0.868506 0.860656 0.866883 0.856557 0.866883 0.852459 0.865260 0.844262 0.865260 0.840164 0.863636 0.827869 0.863636 0.823770 0.862013 0.815574 0.862013 0.811475 0.860390 0.811475 0.858766 0.803279 0.858766 0.799180 0.857143 0.786885 0.857143 0.782787 0.855519 0.778689 0.855519 0.774590 0.853896 0.774590 0.852273 0.766393 0.849026 0.766393 0.844156 0.762295 0.842532 0.758197 0.842532 0.750000 0.839286 0.750000 0.836039 0.754098 0.834416 0.758197 0.834416 0.758197 0.832792 0.762295 0.831169 0.766393 0.831169 0.766393 0.823052 0.770492 0.821429 0.782787 0.821429 0.795082 0.816558 0.799180 0.816558 0.799180 0.813312 0.803279 0.811688 0.811475 0.811688 0.811475 0.810065 0.815574 0.808442 0.815574 0.805195 0.819672 0.803571 0.836066 0.803571 0.836066 0.790584 0.840164 0.788961 0.848361 0.788961 0.852459 0.790584 0.852459 0.793831 0.860656 0.793831 0.860656 0.788961 0.864754 0.787338 0.864754 0.784091 0.860656 0.782468 0.860656 0.777597 0.852459 0.777597 0.840164 0.782468 0.840164 0.784091 0.836066 0.785714 0.831967 0.785714 0.815574 0.792208 0.811475 0.792208 0.811475 0.793831 0.807377 0.795455 0.803279 0.795455 0.799180 0.797078 0.795082 0.797078 0.790984 0.798701 0.782787 0.798701 0.778689 0.797078 0.778689 0.795455 0.766393 0.795455 0.766393 0.798701 0.774590 0.798701 0.778689 0.800325 0.778689 0.803571 0.774590 0.805195 0.770492 0.805195 0.770492 0.806818 0.762295 0.810065 0.758197 0.810065 0.758197 0.813312 0.754098 0.814935 0.745902 0.814935 0.741803 0.816558 0.733607 0.816558 0.733607 0.818182 0.725410 0.821429 0.717213 0.821429 0.713115 0.819805 0.713115 0.808442 0.709016 0.808442 0.704918 0.806818 0.704918 0.805195 0.696721 0.805195 0.692623 0.806818 0.684426 0.806818 0.680328 0.805195 0.676230 0.805195 0.672131 0.803571 0.672131 0.800325 0.676230 0.798701 0.680328 0.798701 0.680328 0.795455 0.672131 0.795455 0.672131 0.797078 0.668033 0.798701 0.635246 0.798701 0.631148 0.797078 0.631148 0.795455 0.622951 0.795455 0.622951 0.797078 0.618852 0.798701 0.606557 0.798701 0.602459 0.800325 0.577869 0.800325 0.573770 0.798701 0.553279 0.798701 0.549180 0.797078 0.549180 0.793831 0.553279 0.792208 0.573770 0.792208 0.573770 0.788961 0.569672 0.788961 0.565574 0.787338 0.565574 0.780844 0.561475 0.780844 0.557377 0.779221 0.557377 0.775974 0.561475 0.774351 0.565574 0.774351 0.565574 0.771104 0.569672 0.769481 0.581967 0.769481 0.581967 0.766234 0.569672 0.766234 0.565574 0.764610 0.565574 0.761364 0.569672 0.759740 0.586066 0.759740 0.586066 0.756494 0.573770 0.756494 0.569672 0.754870 0.569672 0.737013 0.573770 0.735390 0.573770 0.733766 0.577869 0.732143 0.586066 0.732143 0.586066 0.725649 0.581967 0.724026 0.581967 0.709416 0.586066 0.707792 0.598361 0.707792 0.602459 0.706169 0.622951 0.706169 0.622951 0.699675 0.618852 0.698052 0.618852 0.694805 0.622951 0.693182 0.631148 0.693182 0.635246 0.694805 0.635246 0.698052 0.643443 0.698052 0.647541 0.699675 0.647541 0.702922 0.655738 0.702922 0.655738 0.699675 0.659836 0.698052 0.668033 0.698052 0.668033 0.685065 0.651639 0.685065 0.647541 0.683442 0.647541 0.662338 0.651639 0.660714 0.668033 0.660714 0.668033 0.655844 0.602459 0.655844 0.598361 0.654221 0.598361 0.650974 0.594262 0.649351 0.594262 0.646104 0.598361 0.644481 0.598361 0.579545 0.594262 0.577922 0.594262 0.569805 0.590164 0.568182 0.590164 0.564935 0.594262 0.563312 0.594262 0.560065 0.598361 0.558442 0.635246 0.558442 0.639344 0.560065 0.643443 0.560065 0.647541 0.561688 0.647541 0.568182 0.655738 0.568182 0.655738 0.561688 0.659836 0.560065 0.692623 0.560065 0.696721 0.561688 0.696721 0.568182 0.704918 0.568182 0.704918 0.564935 0.700820 0.564935 0.696721 0.563312 0.696721 0.560065 0.700820 0.558442 0.713115 0.558442 0.713115 0.555195 0.684426 0.555195 0.680328 0.556818 0.672131 0.556818 0.668033 0.555195 0.668033 0.550325 0.659836 0.550325 0.659836 0.553571 0.655738 0.555195 0.627049 0.555195 0.622951 0.553571 0.622951 0.550325 0.614754 0.550325 0.614754 0.553571 0.610656 0.555195 0.598361 0.555195 0.594262 0.553571 0.594262 0.550325 0.590164 0.550325 0.586066 0.548701 0.586066 0.545455 0.590164 0.543831 0.598361 0.543831 0.598361 0.537338 0.602459 0.535714 0.618852 0.535714 0.622951 0.537338 0.622951 0.540584 0.631148 0.540584 0.631148 0.537338 0.635246 0.535714 0.647541 0.535714 0.647541 0.527597 0.651639 0.525974 0.696721 0.525974 0.696721 0.508117 0.688525 0.504870 0.688525 0.503247 0.659836 0.503247 0.659836 0.504870 0.651639 0.508117 0.635246 0.508117 0.631148 0.509740 0.622951 0.509740 0.618852 0.511364 0.610656 0.511364 0.602459 0.514610 0.590164 0.514610 0.590164 0.517857 0.586066 0.519481 0.586066 0.521104 0.581967 0.522727 0.565574 0.522727 0.561475 0.521104 0.561475 0.517857 0.557377 0.517857 0.553279 0.516234 0.553279 0.508117 0.549180 0.506494 0.549180 0.503247 0.540984 0.500000 0.540984 0.493506 0.536885 0.491883 0.536885 0.482143 0.532787 0.480519 0.532787 0.474026 0.536885 0.472403 0.536885 0.469156 0.532787 0.469156 0.524590 0.465909 0.524590 0.464286 0.520492 0.462662 0.520492 0.459416 0.512295 0.459416 0.508197 0.457792 0.508197 0.454545 0.512295 0.452922 0.512295 0.441558 0.508197 0.441558 0.504098 0.439935 0.504098 0.436688 0.508197 0.435065 0.512295 0.435065 0.512295 0.430195 0.508197 0.430195 0.504098 0.428571 0.504098 0.417208 0.508197 0.415584 0.512295 0.415584 0.512295 0.412338 0.508197 0.412338 0.504098 0.410714 0.504098 0.407468 0.508197 0.405844 0.512295 0.405844 0.512295 0.404221 0.516393 0.402597 0.528689 0.402597 0.528689 0.392857 0.532787 0.391234 0.569672 0.391234 0.569672 0.373377 0.573770 0.371753 0.573770 0.358766 0.577869 0.357143 0.594262 0.357143 0.594262 0.355519 0.598361 0.353896 0.598361 0.345779 0.602459 0.344156 0.622951 0.344156 0.627049 0.345779 0.627049 0.349026 0.635246 0.349026 0.635246 0.344156 0.631148 0.344156 0.627049 0.342532 0.627049 0.337662 0.631148 0.336039 0.647541 0.336039 0.651639 0.337662 0.651639 0.339286 0.659836 0.339286 0.659836 0.336039 0.651639 0.336039 0.647541 0.334416 0.647541 0.331169 0.655738 0.327922 0.663934 0.327922 0.668033 0.326299 0.672131 0.326299 0.672131 0.311688 0.655738 0.311688 0.655738 0.313312 0.647541 0.316558 0.639344 0.316558 0.635246 0.318182 0.635246 0.319805 0.631148 0.321429 0.627049 0.321429 0.627049 0.323052 0.622951 0.324675 0.618852 0.324675 0.618852 0.326299 0.614754 0.327922 0.610656 0.327922 0.610656 0.329545 0.606557 0.331169 0.590164 0.331169 0.586066 0.329545 0.586066 0.277597 0.577869 0.277597 0.577869 0.303571 0.573770 0.305195 0.573770 0.306818 0.565574 0.310065 0.561475 0.310065 0.561475 0.313312 0.553279 0.316558 0.549180 0.316558 0.545082 0.318182 0.532787 0.318182 0.524590 0.314935 0.524590 0.311688 0.516393 0.311688 0.512295 0.310065 0.512295 0.306818 0.508197 0.306818 0.504098 0.305195 0.504098 0.301948 0.508197 0.300325 0.512295 0.300325 0.512295 0.297078 0.508197 0.295455 0.508197 0.292208 0.504098 0.292208 0.500000 0.290584 0.500000 0.285714 0.504098 0.284091 0.512295 0.284091 0.512295 0.275974 0.516393 0.274351 0.524590 0.274351 0.528689 0.275974 0.528689 0.280844 0.536885 0.280844 0.536885 0.269481 0.532787 0.267857 0.532787 0.264610 0.536885 0.262987 0.545082 0.262987 0.545082 0.259740 0.549180 0.258117 0.553279 0.258117 0.553279 0.254870 0.557377 0.253247 0.561475 0.253247 0.561475 0.250000 0.565574 0.248377 0.573770 0.248377 0.577869 0.250000 0.577869 0.253247 0.586066 0.253247 0.586066 0.250000 0.581967 0.250000 0.577869 0.248377 0.577869 0.245130 0.581967 0.243506 0.586066 0.243506 0.586066 0.240260 0.581967 0.240260 0.577869 0.238636 0.577869 0.235390 0.581967 0.233766 0.586066 0.233766 0.586066 0.222403 0.590164 0.220779 0.598361 0.220779 0.598361 0.199675 0.602459 0.198052 0.610656 0.198052 0.614754 0.199675 0.614754 0.209416 0.631148 0.209416 0.635246 0.211039 0.647541 0.211039 0.651639 0.209416 0.668033 0.209416 0.668033 0.202922 0.672131 0.201299 0.672131 0.189935 0.676230 0.188312 0.692623 0.188312 0.696721 0.186688 0.721311 0.186688 0.725410 0.188312 0.725410 0.189935 0.733607 0.193182 0.733607 0.194805 0.737705 0.196429 0.737705 0.199675 0.741803 0.199675 0.745902 0.201299 0.745902 0.207792 0.741803 0.209416 0.741803 0.220779 0.745902 0.222403 0.745902 0.224026 0.750000 0.224026 0.758197 0.227273 0.758197 0.238636 0.754098 0.240260 0.745902 0.240260 0.745902 0.251623 0.754098 0.251623 0.754098 0.240260 0.758197 0.238636 0.766393 0.238636 0.770492 0.237013 0.778689 0.237013 0.782787 0.238636 0.782787 0.240260 0.786885 0.241883 0.786885 0.243506 0.799180 0.243506 0.803279 0.245130 0.803279 0.248377 0.799180 0.250000 0.795082 0.250000 0.795082 0.253247 0.803279 0.253247 0.803279 0.250000 0.807377 0.248377 0.815574 0.248377 0.815574 0.243506 0.811475 0.241883 0.811475 0.237013 0.807377 0.235390 0.807377 0.233766 0.803279 0.232143 0.799180 0.232143 0.795082 0.230519 0.795082 0.225649 0.774590 0.225649 0.770492 0.224026 0.770492 0.214286 0.774590 0.212662 0.786885 0.212662 0.790984 0.211039 0.795082 0.211039 0.799180 0.209416 0.815574 0.209416 0.819672 0.211039 0.819672 0.214286 0.827869 0.214286 0.827869 0.209416 0.819672 0.209416 0.815574 0.207792 0.815574 0.204545 0.819672 0.202922 0.819672 0.198052 0.823770 0.196429 0.823770 0.188312 0.827869 0.186688 0.831967 0.186688 0.836066 0.185065 0.836066 0.183442 0.840164 0.181818 0.840164 0.176948 0.844262 0.175325 0.844262 0.172078 0.848361 0.170455 0.848361 0.167208 0.852459 0.165584 0.872951 0.165584 0.885246 0.160714 0.889344 0.160714 0.889344 0.159091 0.893443 0.157468 0.897541 0.157468 0.913934 0.150974 0.913934 0.149351 0.918033 0.147727 0.922131 0.147727 0.922131 0.144481 0.918033 0.144481 0.913934 0.142857 0.913934 0.139610 0.909836 0.137987 0.909836 0.136364 0.901639 0.136364 0.901639 0.142857 0.897541 0.144481 0.893443 0.144481 0.893443 0.146104 0.889344 0.147727 0.889344 0.149351 0.877049 0.154221 0.877049 0.155844 0.872951 0.157468 0.868852 0.157468 0.860656 0.160714 0.856557 0.160714 0.856557 0.162338 0.852459 0.163961 0.844262 0.163961 0.840164 0.162338 0.840164 0.159091 0.844262 0.157468 0.844262 0.139610 0.840164 0.137987 0.840164 0.120130 0.844262 0.118506 0.844262 0.105519 0.840164 0.103896 0.831967 0.103896 0.831967 0.107143 0.827869 0.108766 0.827869 0.110390 0.823770 0.112013 0.819672 0.112013 0.819672 0.123377 0.815574 0.125000 0.815574 0.134740 0.811475 0.136364 0.811475 0.152597 0.815574 0.154221 0.815574 0.163961 0.819672 0.165584 0.819672 0.167208 0.823770 0.168831 0.823770 0.172078 0.819672 0.173701 0.819672 0.175325 0.815574 0.176948 0.807377 0.176948 0.803279 0.175325 0.803279 0.173701 0.795082 0.173701 0.795082 0.176948 0.803279 0.176948 0.807377 0.178571 0.807377 0.185065 0.803279 0.186688 0.782787 0.186688 0.778689 0.188312 0.758197 0.188312 0.754098 0.189935 0.745902 0.189935 0.741803 0.188312 0.741803 0.186688 0.721311 0.186688 0.717213 0.185065 0.717213 0.180195 0.713115 0.178571 0.709016 0.178571 0.704918 0.176948 0.704918 0.175325 0.696721 0.175325 0.692623 0.173701 0.692623 0.172078 0.684426 0.172078 0.680328 0.173701 0.672131 0.173701 0.663934 0.176948 0.659836 0.176948 0.659836 0.178571 0.655738 0.180195 0.639344 0.180195 0.639344 0.181818 0.635246 0.183442 0.635246 0.185065 0.631148 0.186688 0.590164 0.186688 0.586066 0.185065 0.586066 0.173701 0.577869 0.173701 0.577869 0.175325 0.573770 0.176948 0.565574 0.176948 0.561475 0.175325 0.561475 0.173701 0.528689 0.173701 0.524590 0.172078 0.524590 0.167208 0.528689 0.165584 0.545082 0.165584 0.545082 0.163961 0.549180 0.162338 0.553279 0.162338 0.553279 0.159091 0.557377 0.157468 0.561475 0.157468 0.561475 0.154221 0.565574 0.152597 0.573770 0.152597 0.577869 0.154221 0.577869 0.165584 0.586066 0.165584 0.586066 0.154221 0.590164 0.152597 0.598361 0.152597 0.598361 0.149351 0.602459 0.147727 0.602459 0.142857 0.606557 0.141234 0.622951 0.141234 0.622951 0.139610 0.627049 0.137987 0.635246 0.137987 0.635246 0.134740 0.627049 0.134740 0.622951 0.133117 0.622951 0.129870 0.614754 0.129870 0.614754 0.133117 0.610656 0.134740 0.602459 0.134740 0.598361 0.133117 0.598361 0.120130 0.590164 0.120130 0.586066 0.118506 0.586066 0.115260 0.590164 0.113636 0.598361 0.113636 0.598361 0.090909 0.602459 0.089286 0.610656 0.089286 0.614754 0.090909 0.614754 0.103896 0.622951 0.103896 0.622951 0.095779 0.627049 0.094156 0.647541 0.094156 0.651639 0.095779 0.651639 0.099026 0.659836 0.099026 0.659836 0.087662 0.663934 0.086039 0.672131 0.086039 0.676230 0.087662 0.676230 0.090909 0.684426 0.090909 0.684426 0.087662 0.676230 0.087662 0.672131 0.086039 0.672131 0.081169 0.668033 0.079545 0.668033 0.068182 0.672131 0.066558 0.672131 0.063312 0.676230 0.061688 0.684426 0.061688 0.684426 0.058442 0.672131 0.058442 0.668033 0.056818 0.668033 0.053571 0.663934 0.053571 0.659836 0.051948 0.659836 0.048701 0.663934 0.047078 0.680328 0.047078 0.684426 0.048701 0.684426 0.050325 0.696721 0.050325 0.700820 0.051948 0.709016 0.051948 0.709016 0.048701 0.713115 0.047078 0.717213 0.047078 0.717213 0.043831 0.721311 0.042208 0.733607 0.042208 0.737705 0.043831 0.737705 0.047078 0.741803 0.047078 0.745902 0.048701 0.745902 0.050325 0.766393 0.050325 0.770492 0.051948 0.770492 0.061688 0.778689 0.061688 0.778689 0.058442 0.782787 0.056818 0.799180 0.056818 0.803279 0.058442 0.803279 0.061688 0.811475 0.064935 0.815574 0.064935 0.819672 0.066558 0.819672 0.069805 0.840164 0.069805 0.840164 0.063312 0.844262 0.061688 0.844262 0.056818 0.840164 0.055195 0.840164 0.053571 0.831967 0.053571 0.827869 0.051948 0.827869 0.050325 0.823770 0.050325 0.819672 0.048701 0.819672 0.043831 0.807377 0.043831 0.803279 0.042208 0.803279 0.038961 0.795082 0.038961 0.795082 0.042208 0.790984 0.043831 0.782787 0.043831 0.778689 0.042208 0.770492 0.042208 0.766393 0.040584 0.750000 0.040584 0.745902 0.038961 0.745902 0.035714 0.737705 0.035714 0.733607 0.037338 0.721311 0.037338 0.717213 0.035714 0.717213 0.034091 0.713115 0.032468 0.704918 0.032468 0.696721 0.029221 0.696721 0.024351 0.692623 0.022727 0.680328 0.022727 0.676230 0.021104 0.676230 0.008117 0.672131 0.006494 0.655738 0.006494 0.651639 0.004870 0.614754 0.004870 0.614754 0.011364 0.610656 0.012987 0.602459 0.012987 0.598361 0.011364 0.598361 0.004870 0.594262 0.004870 0.590164 0.003247 0.590164 0.000000 0.557377 0.000000 0.557377 0.003247 0.553279 0.004870 0.545082 0.004870 0.540984 0.003247 0.540984 0.000000