0 0.369151 0.556494 0.369151 0.561774 0.367418 0.562830 0.358752 0.562830 0.358752 0.568110 0.357019 0.569166 0.357019 0.571278 0.360485 0.571278 0.360485 0.570222 0.362218 0.569166 0.370884 0.569166 0.370884 0.568110 0.372617 0.567054 0.376083 0.567054 0.376083 0.557550 0.374350 0.557550 0.372617 0.556494
0 0.937608 0.543823 0.937608 0.545935 0.939341 0.546990 0.939341 0.600845 0.942808 0.600845 0.942808 0.597677 0.944541 0.596621 0.944541 0.594509 0.942808 0.593453 0.942808 0.571278 0.944541 0.570222 0.946274 0.570222 0.946274 0.568110 0.944541 0.568110 0.942808 0.567054 0.942808 0.556494 0.944541 0.555438 0.948007 0.555438 0.949740 0.556494 0.949740 0.564942 0.953206 0.564942 0.953206 0.557550 0.951473 0.557550 0.949740 0.556494 0.949740 0.554382 0.951473 0.553326 0.953206 0.553326 0.953206 0.551214 0.949740 0.551214 0.949740 0.552270 0.948007 0.553326 0.944541 0.553326 0.942808 0.552270 0.942808 0.546990 0.941075 0.545935 0.941075 0.543823
0 0.887348 0.513200 0.887348 0.522703 0.889081 0.523759 0.889081 0.526927 0.887348 0.527983 0.887348 0.540655 0.892548 0.540655 0.892548 0.534319 0.894281 0.533263 0.894281 0.531151 0.892548 0.531151 0.890815 0.530095 0.890815 0.527983 0.892548 0.526927 0.894281 0.526927 0.894281 0.524815 0.892548 0.523759 0.892548 0.513200
0 0.939341 0.507920 0.939341 0.529039 0.937608 0.530095 0.937608 0.532207 0.939341 0.533263 0.942808 0.533263 0.942808 0.532207 0.944541 0.531151 0.948007 0.531151 0.949740 0.532207 0.949740 0.536431 0.956672 0.536431 0.956672 0.534319 0.953206 0.534319 0.951473 0.533263 0.951473 0.529039 0.944541 0.529039 0.942808 0.527983 0.942808 0.507920
0 0.887348 0.453010 0.887348 0.493136 0.892548 0.493136 0.892548 0.491024 0.890815 0.489968 0.890815 0.485744 0.892548 0.484688 0.892548 0.472017 0.890815 0.470961 0.890815 0.468849 0.892548 0.467793 0.892548 0.453010
0 0.887348 0.420275 0.887348 0.443506 0.892548 0.443506 0.892548 0.420275
0 0.429809 0.412883 0.429809 0.464625 0.433276 0.464625 0.433276 0.448786 0.435009 0.447730 0.435009 0.435058 0.433276 0.434002 0.433276 0.420275 0.435009 0.419219 0.435009 0.412883
0 0.277296 0.397043 0.277296 0.427666 0.280763 0.427666 0.280763 0.397043
0 0.908146 0.393875 0.908146 0.429778 0.911612 0.429778 0.911612 0.393875
0 0.887348 0.389652 0.887348 0.412883 0.892548 0.412883 0.892548 0.389652
0 0.887348 0.359029 0.887348 0.371700 0.889081 0.372756 0.889081 0.374868 0.887348 0.375924 0.887348 0.382260 0.892548 0.382260 0.892548 0.359029
0 0.074523 0.294615 0.074523 0.322070 0.077990 0.322070 0.077990 0.294615
0 0.074523 0.268215 0.074523 0.269271 0.072790 0.270327 0.072790 0.272439 0.074523 0.273495 0.074523 0.277719 0.072790 0.278775 0.072790 0.280887 0.071057 0.281943 0.064125 0.281943 0.064125 0.282999 0.062392 0.284055 0.062392 0.290391 0.065858 0.290391 0.067591 0.289335 0.067591 0.288279 0.069324 0.287223 0.072790 0.287223 0.074523 0.288279 0.077990 0.288279 0.077990 0.282999 0.076256 0.281943 0.076256 0.279831 0.077990 0.278775 0.077990 0.268215
0 0.410745 0.079197 0.410745 0.093981 0.414211 0.093981 0.414211 0.087645 0.415945 0.086589 0.419411 0.086589 0.421144 0.087645 0.421144 0.090813 0.424610 0.090813 0.424610 0.087645 0.422877 0.086589 0.422877 0.082365 0.415945 0.082365 0.414211 0.081309 0.414211 0.079197
0 0.431542 0.047518 0.431542 0.064414 0.429809 0.065470 0.424610 0.065470 0.422877 0.066526 0.421144 0.066526 0.421144 0.068638 0.429809 0.068638 0.431542 0.069694 0.431542 0.072862 0.435009 0.072862 0.435009 0.047518
0 0.268631 0.046463 0.268631 0.055966 0.275563 0.055966 0.277296 0.057022 0.277296 0.068638 0.282496 0.068638 0.282496 0.055966 0.280763 0.054910 0.280763 0.052798 0.282496 0.051742 0.285962 0.051742 0.285962 0.047518 0.279029 0.047518 0.279029 0.048574 0.277296 0.049630 0.273830 0.049630 0.272097 0.048574 0.272097 0.046463
0 0.155979 0.028511 0.155979 0.034847 0.162912 0.034847 0.164645 0.035903 0.164645 0.036959 0.166378 0.036959 0.168111 0.038015 0.168111 0.043295 0.173310 0.043295 0.175043 0.042239 0.175043 0.039071 0.173310 0.038015 0.173310 0.036959 0.169844 0.034847 0.169844 0.030623 0.166378 0.030623 0.166378 0.033791 0.164645 0.034847 0.161179 0.034847 0.159445 0.033791 0.159445 0.028511
0 0.329289 0.021119 0.329289 0.072862 0.332756 0.072862 0.332756 0.021119
0 0.570191 0.000000 0.570191 0.003168 0.568458 0.004224 0.568458 0.009504 0.564991 0.011616 0.563258 0.011616 0.563258 0.013728 0.564991 0.014784 0.564991 0.025343 0.563258 0.026399 0.563258 0.031679 0.561525 0.032735 0.561525 0.040127 0.558059 0.042239 0.554593 0.042239 0.554593 0.043295 0.552860 0.044351 0.547660 0.044351 0.545927 0.045407 0.544194 0.045407 0.540728 0.047518 0.538995 0.047518 0.535529 0.049630 0.533795 0.049630 0.533795 0.052798 0.535529 0.052798 0.537262 0.053854 0.537262 0.057022 0.538995 0.058078 0.538995 0.063358 0.537262 0.064414 0.530329 0.064414 0.530329 0.066526 0.535529 0.066526 0.537262 0.067582 0.537262 0.070750 0.538995 0.071806 0.538995 0.076030 0.537262 0.077086 0.528596 0.077086 0.526863 0.078141 0.521664 0.078141 0.519931 0.077086 0.512998 0.077086 0.511265 0.076030 0.507799 0.076030 0.506066 0.074974 0.502600 0.074974 0.499133 0.072862 0.499133 0.064414 0.497400 0.063358 0.492201 0.063358 0.490468 0.064414 0.490468 0.065470 0.488735 0.066526 0.488735 0.067582 0.487002 0.068638 0.485269 0.068638 0.485269 0.071806 0.483536 0.072862 0.461005 0.072862 0.461005 0.074974 0.466205 0.074974 0.467938 0.076030 0.467938 0.079197 0.466205 0.080253 0.461005 0.080253 0.461005 0.084477 0.459272 0.085533 0.455806 0.085533 0.454073 0.084477 0.454073 0.080253 0.450607 0.080253 0.450607 0.090813 0.448873 0.091869 0.445407 0.091869 0.443674 0.090813 0.443674 0.087645 0.436742 0.087645 0.435009 0.086589 0.435009 0.077086 0.431542 0.077086 0.431542 0.093981 0.429809 0.095037 0.421144 0.095037 0.421144 0.100317 0.419411 0.101373 0.415945 0.101373 0.414211 0.100317 0.414211 0.098205 0.410745 0.098205 0.410745 0.107709 0.409012 0.108765 0.403813 0.108765 0.402080 0.107709 0.402080 0.102429 0.403813 0.101373 0.403813 0.078141 0.400347 0.078141 0.400347 0.088701 0.398614 0.089757 0.395147 0.089757 0.393414 0.088701 0.393414 0.080253 0.389948 0.080253 0.389948 0.086589 0.388215 0.087645 0.386482 0.087645 0.386482 0.093981 0.384749 0.095037 0.384749 0.097149 0.386482 0.098205 0.386482 0.103485 0.384749 0.104541 0.384749 0.107709 0.383016 0.108765 0.383016 0.119324 0.381282 0.120380 0.377816 0.120380 0.376083 0.119324 0.376083 0.097149 0.374350 0.096093 0.374350 0.089757 0.370884 0.089757 0.370884 0.090813 0.369151 0.091869 0.369151 0.092925 0.365685 0.095037 0.358752 0.095037 0.355286 0.092925 0.355286 0.091869 0.353553 0.091869 0.351820 0.090813 0.351820 0.080253 0.348354 0.080253 0.348354 0.083421 0.346620 0.084477 0.339688 0.084477 0.339688 0.088701 0.337955 0.089757 0.334489 0.089757 0.332756 0.088701 0.332756 0.077086 0.329289 0.077086 0.329289 0.095037 0.327556 0.096093 0.324090 0.096093 0.322357 0.095037 0.322357 0.061246 0.318891 0.061246 0.318891 0.080253 0.315425 0.082365 0.315425 0.083421 0.313692 0.084477 0.303293 0.084477 0.301560 0.083421 0.301560 0.079197 0.299827 0.078141 0.299827 0.055966 0.301560 0.054910 0.301560 0.048574 0.299827 0.047518 0.299827 0.041183 0.294627 0.041183 0.294627 0.052798 0.292894 0.053854 0.289428 0.053854 0.289428 0.057022 0.291161 0.058078 0.292894 0.058078 0.294627 0.059134 0.294627 0.062302 0.292894 0.063358 0.291161 0.063358 0.291161 0.065470 0.292894 0.065470 0.294627 0.066526 0.294627 0.072862 0.296360 0.073918 0.296360 0.077086 0.294627 0.078141 0.294627 0.081309 0.292894 0.082365 0.287695 0.082365 0.285962 0.081309 0.285962 0.078141 0.279029 0.078141 0.277296 0.077086 0.273830 0.077086 0.273830 0.084477 0.272097 0.085533 0.268631 0.085533 0.268631 0.086589 0.266898 0.087645 0.263432 0.087645 0.261698 0.086589 0.261698 0.080253 0.258232 0.080253 0.258232 0.088701 0.256499 0.089757 0.242634 0.089757 0.240901 0.088701 0.240901 0.083421 0.242634 0.082365 0.244367 0.082365 0.244367 0.073918 0.246101 0.072862 0.249567 0.072862 0.251300 0.073918 0.254766 0.073918 0.254766 0.071806 0.253033 0.071806 0.251300 0.070750 0.251300 0.051742 0.247834 0.051742 0.247834 0.060190 0.246101 0.061246 0.242634 0.061246 0.240901 0.060190 0.240901 0.059134 0.237435 0.059134 0.237435 0.070750 0.235702 0.071806 0.232236 0.071806 0.230503 0.070750 0.230503 0.016895 0.227036 0.016895 0.227036 0.073918 0.237435 0.073918 0.239168 0.074974 0.239168 0.083421 0.237435 0.084477 0.237435 0.087645 0.239168 0.088701 0.239168 0.090813 0.237435 0.091869 0.232236 0.091869 0.230503 0.090813 0.230503 0.078141 0.227036 0.078141 0.227036 0.080253 0.225303 0.081309 0.220104 0.081309 0.218371 0.080253 0.218371 0.078141 0.209705 0.078141 0.207972 0.077086 0.207972 0.073918 0.209705 0.072862 0.213172 0.072862 0.213172 0.070750 0.211438 0.070750 0.209705 0.069694 0.209705 0.064414 0.211438 0.063358 0.214905 0.063358 0.216638 0.064414 0.216638 0.068638 0.220104 0.068638 0.220104 0.060190 0.216638 0.060190 0.214905 0.061246 0.206239 0.061246 0.206239 0.063358 0.204506 0.064414 0.197574 0.064414 0.197574 0.066526 0.195841 0.067582 0.192374 0.067582 0.190641 0.066526 0.190641 0.044351 0.188908 0.044351 0.187175 0.043295 0.187175 0.042239 0.183709 0.042239 0.183709 0.066526 0.181976 0.067582 0.176776 0.067582 0.176776 0.069694 0.175043 0.070750 0.169844 0.070750 0.168111 0.069694 0.168111 0.063358 0.166378 0.063358 0.164645 0.062302 0.164645 0.061246 0.161179 0.061246 0.159445 0.060190 0.159445 0.054910 0.154246 0.054910 0.152513 0.053854 0.147314 0.053854 0.147314 0.055966 0.150780 0.055966 0.152513 0.057022 0.154246 0.057022 0.155979 0.058078 0.155979 0.062302 0.154246 0.063358 0.140381 0.063358 0.138648 0.062302 0.138648 0.046463 0.131716 0.046463 0.129983 0.045407 0.129983 0.029567 0.128250 0.028511 0.128250 0.019007 0.124783 0.019007 0.124783 0.045407 0.123050 0.046463 0.116118 0.046463 0.116118 0.051742 0.123050 0.051742 0.124783 0.052798 0.124783 0.055966 0.123050 0.057022 0.116118 0.057022 0.116118 0.073918 0.119584 0.073918 0.121317 0.074974 0.121317 0.095037 0.119584 0.096093 0.116118 0.096093 0.116118 0.100317 0.114385 0.101373 0.109185 0.101373 0.107452 0.100317 0.107452 0.092925 0.109185 0.091869 0.112652 0.091869 0.112652 0.089757 0.109185 0.089757 0.107452 0.088701 0.107452 0.082365 0.103986 0.082365 0.102253 0.081309 0.102253 0.069694 0.103986 0.068638 0.107452 0.068638 0.107452 0.062302 0.103986 0.062302 0.102253 0.061246 0.100520 0.061246 0.098787 0.060190 0.093588 0.060190 0.091854 0.059134 0.091854 0.055966 0.090121 0.055966 0.088388 0.054910 0.088388 0.026399 0.084922 0.026399 0.084922 0.080253 0.083189 0.081309 0.081456 0.081309 0.081456 0.086589 0.079723 0.087645 0.077990 0.087645 0.077990 0.088701 0.076256 0.089757 0.072790 0.089757 0.071057 0.088701 0.071057 0.085533 0.062392 0.085533 0.060659 0.084477 0.060659 0.082365 0.057192 0.082365 0.055459 0.081309 0.055459 0.078141 0.048527 0.078141 0.046794 0.077086 0.046794 0.073918 0.048527 0.072862 0.069324 0.072862 0.069324 0.061246 0.067591 0.060190 0.067591 0.059134 0.064125 0.059134 0.064125 0.063358 0.062392 0.064414 0.058925 0.064414 0.057192 0.063358 0.057192 0.048574 0.053726 0.048574 0.051993 0.049630 0.043328 0.049630 0.043328 0.051742 0.051993 0.051742 0.053726 0.052798 0.053726 0.059134 0.051993 0.060190 0.048527 0.060190 0.046794 0.059134 0.046794 0.055966 0.043328 0.055966 0.043328 0.066526 0.041594 0.067582 0.032929 0.067582 0.031196 0.066526 0.031196 0.064414 0.029463 0.064414 0.027730 0.063358 0.027730 0.038015 0.024263 0.038015 0.024263 0.077086 0.022530 0.078141 0.015598 0.078141 0.015598 0.079197 0.013865 0.080253 0.008666 0.080253 0.006932 0.079197 0.003466 0.079197 0.001733 0.078141 0.001733 0.074974 0.000000 0.074974 0.000000 0.173178 0.001733 0.173178 0.003466 0.174234 0.003466 0.176346 0.001733 0.177402 0.000000 0.177402 0.000000 0.179514 0.001733 0.179514 0.003466 0.180570 0.006932 0.180570 0.006932 0.176346 0.008666 0.175290 0.013865 0.175290 0.013865 0.173178 0.012132 0.172122 0.012132 0.168955 0.013865 0.167899 0.019064 0.167899 0.020797 0.168955 0.020797 0.179514 0.022530 0.180570 0.022530 0.182682 0.020797 0.183738 0.017331 0.183738 0.015598 0.182682 0.012132 0.182682 0.012132 0.186906 0.010399 0.187962 0.010399 0.189018 0.008666 0.190074 0.005199 0.190074 0.003466 0.191130 0.003466 0.196410 0.005199 0.197466 0.006932 0.197466 0.008666 0.198522 0.012132 0.198522 0.012132 0.197466 0.013865 0.196410 0.015598 0.196410 0.015598 0.194298 0.017331 0.193242 0.020797 0.193242 0.022530 0.194298 0.022530 0.209081 0.031196 0.209081 0.032929 0.210137 0.032929 0.216473 0.036395 0.216473 0.038128 0.215417 0.041594 0.215417 0.043328 0.216473 0.043328 0.217529 0.046794 0.217529 0.046794 0.216473 0.048527 0.215417 0.048527 0.211193 0.050260 0.210137 0.053726 0.210137 0.055459 0.211193 0.062392 0.211193 0.064125 0.212249 0.064125 0.216473 0.067591 0.216473 0.067591 0.211193 0.069324 0.210137 0.069324 0.208025 0.067591 0.206969 0.067591 0.202746 0.065858 0.202746 0.064125 0.201690 0.064125 0.198522 0.062392 0.198522 0.060659 0.197466 0.060659 0.195354 0.062392 0.194298 0.071057 0.194298 0.071057 0.158395 0.072790 0.157339 0.076256 0.157339 0.077990 0.158395 0.077990 0.179514 0.079723 0.179514 0.081456 0.180570 0.081456 0.182682 0.083189 0.182682 0.084922 0.183738 0.084922 0.186906 0.083189 0.187962 0.081456 0.187962 0.081456 0.191130 0.088388 0.191130 0.090121 0.192186 0.090121 0.195354 0.088388 0.196410 0.086655 0.196410 0.086655 0.199578 0.091854 0.199578 0.091854 0.198522 0.093588 0.197466 0.107452 0.197466 0.107452 0.195354 0.103986 0.195354 0.102253 0.194298 0.102253 0.187962 0.098787 0.187962 0.097054 0.186906 0.097054 0.181626 0.098787 0.180570 0.107452 0.180570 0.109185 0.179514 0.119584 0.179514 0.121317 0.180570 0.121317 0.185850 0.119584 0.186906 0.116118 0.186906 0.116118 0.187962 0.114385 0.189018 0.110919 0.189018 0.110919 0.192186 0.119584 0.192186 0.121317 0.193242 0.121317 0.201690 0.119584 0.202746 0.109185 0.202746 0.107452 0.201690 0.102253 0.201690 0.102253 0.204857 0.100520 0.205913 0.100520 0.215417 0.112652 0.215417 0.114385 0.216473 0.114385 0.224921 0.117851 0.224921 0.117851 0.212249 0.119584 0.211193 0.123050 0.211193 0.124783 0.212249 0.124783 0.223865 0.128250 0.223865 0.128250 0.221753 0.129983 0.220697 0.133449 0.220697 0.135182 0.221753 0.135182 0.222809 0.138648 0.222809 0.138648 0.220697 0.131716 0.220697 0.129983 0.219641 0.129983 0.218585 0.128250 0.217529 0.128250 0.211193 0.129983 0.210137 0.131716 0.210137 0.133449 0.209081 0.136915 0.209081 0.138648 0.208025 0.138648 0.206969 0.140381 0.205913 0.143847 0.205913 0.145581 0.206969 0.150780 0.206969 0.152513 0.208025 0.152513 0.210137 0.154246 0.210137 0.155979 0.211193 0.155979 0.222809 0.159445 0.222809 0.159445 0.218585 0.161179 0.217529 0.168111 0.217529 0.168111 0.209081 0.169844 0.208025 0.175043 0.208025 0.175043 0.205913 0.173310 0.205913 0.171577 0.204857 0.171577 0.202746 0.173310 0.201690 0.175043 0.201690 0.178510 0.199578 0.181976 0.199578 0.183709 0.200634 0.183709 0.210137 0.185442 0.211193 0.185442 0.222809 0.190641 0.222809 0.190641 0.218585 0.192374 0.217529 0.202773 0.217529 0.204506 0.218585 0.204506 0.220697 0.206239 0.221753 0.206239 0.222809 0.207972 0.223865 0.207972 0.230201 0.211438 0.230201 0.213172 0.231257 0.213172 0.239704 0.225303 0.239704 0.227036 0.240760 0.227036 0.305174 0.230503 0.305174 0.230503 0.246040 0.232236 0.244984 0.235702 0.244984 0.237435 0.246040 0.237435 0.247096 0.240901 0.247096 0.242634 0.248152 0.242634 0.252376 0.244367 0.253432 0.244367 0.254488 0.251300 0.254488 0.254766 0.256600 0.254766 0.258712 0.256499 0.258712 0.258232 0.259768 0.258232 0.262936 0.256499 0.263992 0.256499 0.272439 0.270364 0.272439 0.270364 0.267159 0.268631 0.266103 0.268631 0.261880 0.270364 0.260824 0.277296 0.260824 0.277296 0.257656 0.279029 0.256600 0.282496 0.256600 0.284229 0.257656 0.284229 0.263992 0.285962 0.265048 0.285962 0.268215 0.289428 0.268215 0.289428 0.267159 0.291161 0.266103 0.296360 0.266103 0.298094 0.265048 0.303293 0.265048 0.305026 0.266103 0.305026 0.275607 0.308492 0.275607 0.310225 0.276663 0.310225 0.277719 0.317158 0.277719 0.318891 0.278775 0.318891 0.279831 0.320624 0.280887 0.320624 0.281943 0.322357 0.281943 0.324090 0.282999 0.324090 0.286167 0.322357 0.287223 0.318891 0.287223 0.318891 0.289335 0.320624 0.290391 0.320624 0.294615 0.324090 0.294615 0.329289 0.297782 0.329289 0.300950 0.327556 0.302006 0.327556 0.304118 0.329289 0.305174 0.332756 0.305174 0.332756 0.302006 0.334489 0.300950 0.348354 0.300950 0.350087 0.302006 0.350087 0.307286 0.348354 0.308342 0.337955 0.308342 0.336222 0.309398 0.329289 0.309398 0.329289 0.325238 0.327556 0.326294 0.327556 0.334741 0.329289 0.335797 0.329289 0.344245 0.332756 0.344245 0.332756 0.318902 0.334489 0.317846 0.337955 0.317846 0.339688 0.318902 0.339688 0.321014 0.343154 0.323126 0.343154 0.327350 0.344887 0.328405 0.344887 0.329461 0.351820 0.329461 0.351820 0.327350 0.348354 0.327350 0.346620 0.326294 0.346620 0.323126 0.348354 0.322070 0.350087 0.322070 0.350087 0.319958 0.346620 0.319958 0.344887 0.318902 0.344887 0.317846 0.343154 0.317846 0.341421 0.316790 0.341421 0.315734 0.334489 0.315734 0.332756 0.314678 0.332756 0.311510 0.334489 0.310454 0.346620 0.310454 0.350087 0.312566 0.350087 0.315734 0.355286 0.315734 0.355286 0.312566 0.357019 0.311510 0.363951 0.311510 0.365685 0.312566 0.365685 0.315734 0.367418 0.315734 0.369151 0.316790 0.369151 0.318902 0.372617 0.318902 0.372617 0.316790 0.374350 0.315734 0.374350 0.310454 0.376083 0.309398 0.376083 0.287223 0.377816 0.286167 0.381282 0.286167 0.383016 0.287223 0.383016 0.310454 0.384749 0.310454 0.386482 0.311510 0.386482 0.317846 0.388215 0.317846 0.389948 0.318902 0.389948 0.321014 0.391681 0.322070 0.391681 0.326294 0.389948 0.327350 0.383016 0.327350 0.383016 0.329461 0.384749 0.329461 0.386482 0.330517 0.386482 0.334741 0.391681 0.334741 0.391681 0.330517 0.393414 0.329461 0.398614 0.329461 0.400347 0.330517 0.400347 0.333685 0.403813 0.333685 0.405546 0.334741 0.405546 0.351637 0.412478 0.351637 0.414211 0.350581 0.424610 0.350581 0.426343 0.351637 0.426343 0.353749 0.428076 0.353749 0.429809 0.354805 0.429809 0.369588 0.433276 0.369588 0.433276 0.354805 0.435009 0.353749 0.445407 0.353749 0.447140 0.354805 0.447140 0.359029 0.450607 0.359029 0.452340 0.360084 0.452340 0.363252 0.455806 0.363252 0.457539 0.364308 0.457539 0.365364 0.459272 0.366420 0.459272 0.373812 0.457539 0.374868 0.457539 0.375924 0.455806 0.376980 0.452340 0.376980 0.450607 0.378036 0.450607 0.379092 0.448873 0.380148 0.448873 0.382260 0.450607 0.382260 0.452340 0.383316 0.452340 0.384372 0.455806 0.384372 0.457539 0.385428 0.462738 0.385428 0.464471 0.386484 0.464471 0.387540 0.466205 0.388596 0.466205 0.391763 0.464471 0.392819 0.461005 0.392819 0.461005 0.397043 0.459272 0.398099 0.459272 0.400211 0.457539 0.401267 0.452340 0.401267 0.452340 0.402323 0.450607 0.403379 0.450607 0.408659 0.452340 0.409715 0.452340 0.414995 0.455806 0.414995 0.457539 0.416051 0.457539 0.422386 0.455806 0.423442 0.452340 0.423442 0.452340 0.430834 0.455806 0.430834 0.457539 0.431890 0.457539 0.437170 0.455806 0.438226 0.452340 0.438226 0.452340 0.446674 0.454073 0.447730 0.454073 0.448786 0.455806 0.449842 0.455806 0.451954 0.454073 0.453010 0.452340 0.453010 0.452340 0.456177 0.466205 0.456177 0.467938 0.457233 0.467938 0.458289 0.476603 0.458289 0.476603 0.454065 0.478336 0.453010 0.487002 0.453010 0.488735 0.454065 0.488735 0.458289 0.490468 0.459345 0.490468 0.460401 0.504333 0.460401 0.504333 0.455121 0.506066 0.454065 0.511265 0.454065 0.512998 0.455121 0.512998 0.458289 0.516464 0.458289 0.518198 0.459345 0.523397 0.459345 0.523397 0.458289 0.526863 0.456177 0.530329 0.456177 0.532062 0.457233 0.532062 0.475185 0.530329 0.476241 0.519931 0.476241 0.518198 0.475185 0.518198 0.474129 0.516464 0.473073 0.516464 0.472017 0.514731 0.470961 0.514731 0.469905 0.492201 0.469905 0.492201 0.472017 0.493934 0.473073 0.493934 0.475185 0.492201 0.476241 0.490468 0.476241 0.490468 0.478353 0.488735 0.479409 0.488735 0.480465 0.487002 0.481521 0.485269 0.481521 0.485269 0.491024 0.483536 0.492080 0.478336 0.492080 0.476603 0.491024 0.476603 0.481521 0.473137 0.481521 0.473137 0.483633 0.471404 0.484688 0.464471 0.484688 0.462738 0.483633 0.462738 0.480465 0.461005 0.479409 0.457539 0.479409 0.457539 0.483633 0.459272 0.483633 0.461005 0.484688 0.461005 0.491024 0.459272 0.492080 0.455806 0.492080 0.454073 0.491024 0.454073 0.488912 0.450607 0.488912 0.450607 0.493136 0.448873 0.494192 0.443674 0.494192 0.441941 0.493136 0.435009 0.493136 0.433276 0.492080 0.433276 0.477297 0.429809 0.477297 0.429809 0.499472 0.428076 0.500528 0.426343 0.500528 0.426343 0.504752 0.424610 0.505808 0.415945 0.505808 0.415945 0.523759 0.424610 0.523759 0.426343 0.524815 0.426343 0.529039 0.424610 0.530095 0.415945 0.530095 0.415945 0.536431 0.422877 0.536431 0.422877 0.534319 0.424610 0.533263 0.428076 0.533263 0.429809 0.534319 0.429809 0.540655 0.428076 0.541711 0.426343 0.541711 0.426343 0.542767 0.424610 0.543823 0.415945 0.543823 0.415945 0.545935 0.424610 0.545935 0.426343 0.546990 0.426343 0.554382 0.424610 0.555438 0.421144 0.555438 0.419411 0.556494 0.415945 0.556494 0.414211 0.557550 0.403813 0.557550 0.402080 0.556494 0.402080 0.552270 0.395147 0.552270 0.395147 0.571278 0.403813 0.571278 0.405546 0.572334 0.405546 0.575502 0.403813 0.576558 0.389948 0.576558 0.389948 0.580781 0.388215 0.581837 0.383016 0.581837 0.383016 0.583949 0.381282 0.585005 0.376083 0.585005 0.374350 0.583949 0.374350 0.578669 0.369151 0.578669 0.369151 0.581837 0.367418 0.582893 0.363951 0.582893 0.362218 0.581837 0.362218 0.579725 0.358752 0.579725 0.358752 0.582893 0.357019 0.583949 0.350087 0.583949 0.350087 0.585005 0.348354 0.586061 0.334489 0.586061 0.332756 0.585005 0.332756 0.580781 0.327556 0.580781 0.327556 0.587117 0.325823 0.588173 0.325823 0.589229 0.324090 0.590285 0.315425 0.590285 0.313692 0.589229 0.311958 0.589229 0.310225 0.588173 0.306759 0.588173 0.305026 0.587117 0.305026 0.586061 0.303293 0.585005 0.303293 0.583949 0.301560 0.582893 0.301560 0.576558 0.298094 0.576558 0.296360 0.575502 0.296360 0.571278 0.294627 0.570222 0.294627 0.567054 0.292894 0.565998 0.292894 0.562830 0.291161 0.561774 0.291161 0.543823 0.287695 0.543823 0.285962 0.542767 0.285962 0.531151 0.280763 0.531151 0.280763 0.532207 0.279029 0.533263 0.277296 0.533263 0.275563 0.534319 0.273830 0.534319 0.273830 0.537487 0.279029 0.537487 0.280763 0.538543 0.280763 0.541711 0.282496 0.542767 0.282496 0.545935 0.279029 0.548046 0.275563 0.548046 0.273830 0.546990 0.273830 0.544879 0.270364 0.542767 0.270364 0.538543 0.266898 0.538543 0.266898 0.539599 0.265165 0.540655 0.265165 0.543823 0.266898 0.544879 0.266898 0.550158 0.268631 0.551214 0.268631 0.562830 0.273830 0.565998 0.273830 0.568110 0.275563 0.569166 0.275563 0.572334 0.277296 0.573390 0.277296 0.574446 0.279029 0.575502 0.279029 0.576558 0.280763 0.577614 0.280763 0.583949 0.279029 0.585005 0.277296 0.585005 0.277296 0.587117 0.282496 0.587117 0.284229 0.588173 0.284229 0.591341 0.282496 0.592397 0.277296 0.592397 0.277296 0.601901 0.282496 0.601901 0.284229 0.602957 0.284229 0.607181 0.282496 0.608237 0.279029 0.608237 0.277296 0.607181 0.277296 0.606125 0.275563 0.606125 0.273830 0.605069 0.273830 0.602957 0.272097 0.602957 0.270364 0.601901 0.270364 0.595565 0.261698 0.595565 0.259965 0.594509 0.259965 0.593453 0.256499 0.593453 0.254766 0.592397 0.254766 0.589229 0.253033 0.588173 0.251300 0.588173 0.249567 0.587117 0.249567 0.583949 0.246101 0.583949 0.244367 0.582893 0.244367 0.581837 0.242634 0.580781 0.242634 0.579725 0.239168 0.579725 0.239168 0.581837 0.237435 0.582893 0.232236 0.582893 0.232236 0.585005 0.233969 0.586061 0.233969 0.589229 0.232236 0.590285 0.227036 0.590285 0.227036 0.596621 0.225303 0.597677 0.221837 0.597677 0.220104 0.596621 0.220104 0.593453 0.209705 0.593453 0.207972 0.592397 0.207972 0.591341 0.204506 0.591341 0.199307 0.588173 0.199307 0.583949 0.190641 0.583949 0.188908 0.582893 0.188908 0.580781 0.178510 0.580781 0.176776 0.579725 0.176776 0.578669 0.175043 0.578669 0.173310 0.577614 0.173310 0.576558 0.171577 0.576558 0.169844 0.575502 0.159445 0.575502 0.155979 0.573390 0.155979 0.572334 0.150780 0.572334 0.149047 0.571278 0.143847 0.571278 0.142114 0.570222 0.140381 0.570222 0.138648 0.569166 0.135182 0.569166 0.133449 0.568110 0.131716 0.568110 0.129983 0.567054 0.126516 0.567054 0.126516 0.570222 0.129983 0.570222 0.133449 0.572334 0.135182 0.572334 0.136915 0.573390 0.138648 0.573390 0.142114 0.575502 0.142114 0.580781 0.143847 0.580781 0.145581 0.581837 0.149047 0.581837 0.150780 0.582893 0.150780 0.586061 0.152513 0.587117 0.152513 0.590285 0.150780 0.591341 0.140381 0.591341 0.138648 0.590285 0.133449 0.590285 0.133449 0.592397 0.135182 0.593453 0.138648 0.593453 0.140381 0.594509 0.142114 0.594509 0.143847 0.595565 0.145581 0.595565 0.147314 0.596621 0.147314 0.598733 0.150780 0.598733 0.152513 0.599789 0.152513 0.604013 0.155979 0.604013 0.157712 0.605069 0.161179 0.605069 0.164645 0.607181 0.169844 0.607181 0.171577 0.608237 0.178510 0.608237 0.180243 0.609293 0.180243 0.612460 0.181976 0.612460 0.183709 0.613516 0.183709 0.617740 0.185442 0.617740 0.187175 0.618796 0.190641 0.618796 0.192374 0.617740 0.195841 0.617740 0.197574 0.618796 0.197574 0.619852 0.199307 0.619852 0.201040 0.620908 0.201040 0.623020 0.202773 0.624076 0.202773 0.627244 0.201040 0.628300 0.197574 0.628300 0.195841 0.629356 0.190641 0.629356 0.188908 0.628300 0.188908 0.626188 0.181976 0.626188 0.180243 0.625132 0.180243 0.624076 0.175043 0.624076 0.175043 0.626188 0.173310 0.627244 0.168111 0.627244 0.168111 0.631468 0.169844 0.631468 0.173310 0.633580 0.173310 0.635692 0.178510 0.638860 0.178510 0.640971 0.176776 0.642027 0.171577 0.642027 0.168111 0.639916 0.168111 0.637804 0.162912 0.634636 0.162912 0.633580 0.157712 0.630412 0.157712 0.629356 0.155979 0.629356 0.152513 0.627244 0.152513 0.625132 0.150780 0.625132 0.147314 0.623020 0.147314 0.621964 0.145581 0.621964 0.136915 0.616684 0.135182 0.616684 0.128250 0.612460 0.128250 0.611404 0.124783 0.611404 0.116118 0.606125 0.114385 0.606125 0.112652 0.605069 0.110919 0.605069 0.109185 0.604013 0.105719 0.604013 0.103986 0.605069 0.103986 0.608237 0.105719 0.609293 0.105719 0.610348 0.107452 0.611404 0.109185 0.611404 0.123050 0.619852 0.124783 0.619852 0.126516 0.620908 0.126516 0.623020 0.128250 0.624076 0.129983 0.624076 0.136915 0.628300 0.136915 0.629356 0.138648 0.629356 0.143847 0.632524 0.143847 0.633580 0.147314 0.635692 0.147314 0.636748 0.152513 0.639916 0.152513 0.640971 0.155979 0.643083 0.155979 0.647307 0.159445 0.647307 0.162912 0.649419 0.162912 0.650475 0.164645 0.651531 0.164645 0.652587 0.166378 0.653643 0.166378 0.657867 0.169844 0.657867 0.171577 0.658923 0.171577 0.662091 0.178510 0.662091 0.180243 0.663147 0.180243 0.670539 0.178510 0.671595 0.171577 0.671595 0.169844 0.670539 0.169844 0.669483 0.168111 0.668427 0.159445 0.668427 0.157712 0.667371 0.157712 0.666315 0.149047 0.666315 0.147314 0.665259 0.147314 0.664203 0.143847 0.664203 0.142114 0.663147 0.140381 0.663147 0.138648 0.662091 0.138648 0.661035 0.135182 0.661035 0.133449 0.659979 0.129983 0.659979 0.128250 0.658923 0.128250 0.648363 0.124783 0.648363 0.124783 0.655755 0.123050 0.656811 0.119584 0.656811 0.117851 0.655755 0.117851 0.653643 0.114385 0.653643 0.112652 0.652587 0.112652 0.651531 0.110919 0.650475 0.109185 0.650475 0.107452 0.649419 0.098787 0.649419 0.097054 0.648363 0.097054 0.647307 0.091854 0.647307 0.090121 0.646251 0.088388 0.646251 0.086655 0.645195 0.086655 0.643083 0.083189 0.643083 0.081456 0.642027 0.081456 0.640971 0.079723 0.640971 0.072790 0.636748 0.069324 0.636748 0.069324 0.638860 0.072790 0.640971 0.072790 0.642027 0.074523 0.643083 0.074523 0.674762 0.072790 0.675818 0.065858 0.675818 0.065858 0.678986 0.064125 0.680042 0.046794 0.680042 0.045061 0.678986 0.038128 0.678986 0.038128 0.681098 0.039861 0.681098 0.041594 0.682154 0.043328 0.682154 0.045061 0.683210 0.050260 0.683210 0.051993 0.684266 0.057192 0.684266 0.058925 0.685322 0.058925 0.687434 0.057192 0.688490 0.043328 0.688490 0.041594 0.687434 0.039861 0.687434 0.038128 0.686378 0.034662 0.686378 0.034662 0.692714 0.036395 0.692714 0.039861 0.694826 0.041594 0.694826 0.045061 0.696938 0.046794 0.696938 0.048527 0.697994 0.051993 0.697994 0.053726 0.699050 0.053726 0.703273 0.057192 0.703273 0.057192 0.702218 0.058925 0.701162 0.062392 0.701162 0.064125 0.702218 0.067591 0.702218 0.072790 0.705385 0.072790 0.714889 0.071057 0.715945 0.071057 0.717001 0.069324 0.718057 0.062392 0.718057 0.062392 0.721225 0.065858 0.723337 0.067591 0.723337 0.071057 0.725449 0.071057 0.726505 0.072790 0.727561 0.076256 0.727561 0.077990 0.728617 0.077990 0.732841 0.076256 0.733897 0.072790 0.733897 0.072790 0.739176 0.077990 0.739176 0.077990 0.738120 0.079723 0.737064 0.088388 0.737064 0.090121 0.738120 0.093588 0.738120 0.095321 0.739176 0.098787 0.739176 0.100520 0.740232 0.102253 0.740232 0.103986 0.741288 0.110919 0.741288 0.112652 0.742344 0.119584 0.742344 0.121317 0.743400 0.121317 0.745512 0.123050 0.745512 0.124783 0.746568 0.124783 0.770855 0.123050 0.771911 0.067591 0.771911 0.065858 0.770855 0.022530 0.770855 0.020797 0.771911 0.019064 0.771911 0.019064 0.774023 0.032929 0.774023 0.034662 0.775079 0.041594 0.775079 0.043328 0.776135 0.043328 0.781415 0.046794 0.781415 0.046794 0.776135 0.048527 0.775079 0.051993 0.775079 0.053726 0.776135 0.057192 0.776135 0.058925 0.777191 0.058925 0.780359 0.065858 0.780359 0.065858 0.777191 0.067591 0.776135 0.072790 0.776135 0.074523 0.777191 0.074523 0.787751 0.077990 0.787751 0.077990 0.784583 0.079723 0.783527 0.093588 0.783527 0.095321 0.784583 0.095321 0.789863 0.093588 0.790919 0.090121 0.790919 0.090121 0.794087 0.098787 0.794087 0.100520 0.795143 0.103986 0.795143 0.105719 0.796199 0.109185 0.796199 0.110919 0.797254 0.110919 0.800422 0.119584 0.800422 0.121317 0.801478 0.123050 0.801478 0.124783 0.802534 0.124783 0.808870 0.128250 0.808870 0.128250 0.805702 0.129983 0.804646 0.150780 0.804646 0.152513 0.805702 0.152513 0.806758 0.161179 0.806758 0.162912 0.807814 0.162912 0.808870 0.164645 0.808870 0.168111 0.810982 0.168111 0.812038 0.171577 0.812038 0.173310 0.810982 0.175043 0.810982 0.176776 0.809926 0.181976 0.809926 0.183709 0.810982 0.183709 0.813094 0.185442 0.814150 0.199307 0.814150 0.201040 0.815206 0.204506 0.815206 0.206239 0.814150 0.211438 0.814150 0.213172 0.815206 0.213172 0.816262 0.218371 0.816262 0.220104 0.815206 0.225303 0.815206 0.227036 0.816262 0.227036 0.820486 0.230503 0.820486 0.230503 0.817318 0.232236 0.816262 0.235702 0.816262 0.237435 0.817318 0.237435 0.819430 0.261698 0.819430 0.263432 0.820486 0.263432 0.823654 0.265165 0.824710 0.270364 0.824710 0.270364 0.822598 0.272097 0.821542 0.282496 0.821542 0.284229 0.822598 0.287695 0.822598 0.289428 0.823654 0.289428 0.824710 0.291161 0.824710 0.294627 0.826822 0.298094 0.826822 0.299827 0.827878 0.299827 0.828933 0.303293 0.828933 0.305026 0.829989 0.306759 0.829989 0.308492 0.831045 0.308492 0.832101 0.311958 0.832101 0.313692 0.833157 0.317158 0.833157 0.318891 0.834213 0.318891 0.835269 0.325823 0.835269 0.327556 0.836325 0.327556 0.839493 0.329289 0.840549 0.329289 0.844773 0.332756 0.844773 0.332756 0.840549 0.334489 0.839493 0.337955 0.839493 0.339688 0.840549 0.339688 0.841605 0.343154 0.841605 0.344887 0.842661 0.348354 0.842661 0.350087 0.843717 0.350087 0.846885 0.348354 0.847941 0.344887 0.847941 0.343154 0.848997 0.341421 0.848997 0.339688 0.850053 0.336222 0.850053 0.334489 0.851109 0.329289 0.851109 0.327556 0.852165 0.325823 0.852165 0.324090 0.853221 0.320624 0.853221 0.318891 0.854277 0.315425 0.854277 0.313692 0.855333 0.310225 0.855333 0.308492 0.856389 0.305026 0.856389 0.303293 0.857445 0.298094 0.857445 0.296360 0.858501 0.289428 0.858501 0.287695 0.859556 0.282496 0.859556 0.280763 0.858501 0.280763 0.828933 0.277296 0.828933 0.277296 0.859556 0.275563 0.860612 0.268631 0.860612 0.266898 0.861668 0.253033 0.861668 0.251300 0.862724 0.237435 0.862724 0.235702 0.863780 0.232236 0.863780 0.230503 0.862724 0.230503 0.861668 0.227036 0.861668 0.227036 0.862724 0.225303 0.863780 0.178510 0.863780 0.176776 0.862724 0.140381 0.862724 0.138648 0.861668 0.081456 0.861668 0.079723 0.862724 0.074523 0.862724 0.074523 0.865892 0.076256 0.865892 0.081456 0.869060 0.086655 0.869060 0.088388 0.870116 0.098787 0.870116 0.100520 0.869060 0.129983 0.869060 0.131716 0.870116 0.143847 0.870116 0.145581 0.871172 0.149047 0.871172 0.150780 0.870116 0.162912 0.870116 0.164645 0.871172 0.175043 0.871172 0.176776 0.872228 0.180243 0.872228 0.181976 0.871172 0.190641 0.871172 0.192374 0.872228 0.225303 0.872228 0.227036 0.873284 0.227036 0.874340 0.230503 0.874340 0.232236 0.873284 0.235702 0.873284 0.237435 0.874340 0.240901 0.874340 0.242634 0.873284 0.251300 0.873284 0.253033 0.872228 0.256499 0.872228 0.258232 0.873284 0.261698 0.873284 0.263432 0.872228 0.275563 0.872228 0.277296 0.873284 0.277296 0.874340 0.282496 0.874340 0.282496 0.872228 0.284229 0.871172 0.292894 0.871172 0.294627 0.870116 0.299827 0.870116 0.301560 0.869060 0.301560 0.868004 0.303293 0.866948 0.313692 0.866948 0.315425 0.868004 0.315425 0.869060 0.322357 0.869060 0.322357 0.868004 0.324090 0.866948 0.327556 0.866948 0.329289 0.868004 0.329289 0.869060 0.332756 0.869060 0.332756 0.865892 0.334489 0.864836 0.341421 0.864836 0.343154 0.863780 0.358752 0.863780 0.360485 0.864836 0.367418 0.864836 0.369151 0.865892 0.369151 0.866948 0.377816 0.866948 0.379549 0.868004 0.379549 0.873284 0.383016 0.873284 0.383016 0.870116 0.384749 0.869060 0.424610 0.869060 0.426343 0.870116 0.428076 0.870116 0.429809 0.871172 0.429809 0.876452 0.435009 0.876452 0.435009 0.870116 0.436742 0.869060 0.445407 0.869060 0.447140 0.870116 0.450607 0.870116 0.452340 0.871172 0.469671 0.871172 0.471404 0.872228 0.471404 0.875396 0.474870 0.875396 0.474870 0.874340 0.476603 0.873284 0.481802 0.873284 0.483536 0.872228 0.487002 0.872228 0.492201 0.875396 0.499133 0.875396 0.500867 0.876452 0.507799 0.876452 0.511265 0.878564 0.516464 0.878564 0.518198 0.877508 0.519931 0.877508 0.521664 0.876452 0.530329 0.876452 0.532062 0.877508 0.532062 0.882788 0.535529 0.882788 0.535529 0.875396 0.537262 0.874340 0.545927 0.874340 0.547660 0.873284 0.556326 0.873284 0.558059 0.874340 0.561525 0.874340 0.563258 0.875396 0.563258 0.877508 0.566724 0.877508 0.566724 0.874340 0.568458 0.873284 0.568458 0.872228 0.571924 0.870116 0.582322 0.870116 0.584055 0.871172 0.584055 0.874340 0.587522 0.874340 0.587522 0.868004 0.589255 0.866948 0.597920 0.866948 0.601386 0.869060 0.603120 0.869060 0.604853 0.870116 0.608319 0.870116 0.610052 0.871172 0.611785 0.871172 0.613518 0.872228 0.618718 0.872228 0.620451 0.873284 0.622184 0.873284 0.623917 0.874340 0.623917 0.876452 0.627383 0.876452 0.630849 0.878564 0.630849 0.879620 0.632582 0.880676 0.632582 0.881732 0.634315 0.882788 0.634315 0.888068 0.637782 0.888068 0.639515 0.889124 0.642981 0.889124 0.642981 0.887012 0.641248 0.885956 0.641248 0.884900 0.639515 0.883844 0.639515 0.881732 0.641248 0.880676 0.644714 0.880676 0.646447 0.881732 0.646447 0.882788 0.648180 0.883844 0.648180 0.884900 0.651646 0.887012 0.651646 0.888068 0.653380 0.889124 0.653380 0.890180 0.655113 0.891235 0.655113 0.893347 0.653380 0.894403 0.646447 0.894403 0.646447 0.897571 0.648180 0.898627 0.651646 0.898627 0.651646 0.895459 0.653380 0.894403 0.656846 0.894403 0.658579 0.895459 0.658579 0.896515 0.660312 0.897571 0.660312 0.901795 0.656846 0.903907 0.655113 0.903907 0.655113 0.906019 0.658579 0.906019 0.660312 0.907075 0.660312 0.911299 0.662045 0.912355 0.662045 0.913411 0.663778 0.914467 0.663778 0.915523 0.665511 0.916579 0.665511 0.917635 0.667244 0.918691 0.667244 0.919747 0.668977 0.919747 0.672444 0.921859 0.672444 0.922914 0.675910 0.925026 0.675910 0.926082 0.677643 0.927138 0.677643 0.928194 0.679376 0.928194 0.681109 0.929250 0.684575 0.929250 0.686308 0.930306 0.686308 0.934530 0.688042 0.935586 0.688042 0.936642 0.689775 0.936642 0.693241 0.938754 0.693241 0.939810 0.696707 0.941922 0.696707 0.942978 0.707106 0.949314 0.708839 0.949314 0.726170 0.959873 0.726170 0.960929 0.733102 0.965153 0.733102 0.966209 0.736568 0.968321 0.736568 0.970433 0.740035 0.970433 0.740035 0.967265 0.738302 0.966209 0.738302 0.964097 0.736568 0.964097 0.734835 0.963041 0.734835 0.961985 0.731369 0.959873 0.731369 0.958817 0.703640 0.941922 0.703640 0.940866 0.701906 0.939810 0.701906 0.937698 0.700173 0.936642 0.700173 0.935586 0.698440 0.934530 0.698440 0.927138 0.691508 0.927138 0.689775 0.926082 0.689775 0.925026 0.688042 0.925026 0.686308 0.923970 0.686308 0.922914 0.684575 0.921859 0.684575 0.915523 0.682842 0.915523 0.681109 0.914467 0.681109 0.913411 0.679376 0.912355 0.679376 0.904963 0.677643 0.904963 0.675910 0.903907 0.675910 0.902851 0.672444 0.900739 0.672444 0.897571 0.670711 0.897571 0.668977 0.896515 0.668977 0.887012 0.667244 0.887012 0.663778 0.884900 0.663778 0.882788 0.662045 0.881732 0.662045 0.878564 0.665511 0.876452 0.668977 0.876452 0.668977 0.874340 0.670711 0.873284 0.674177 0.873284 0.675910 0.874340 0.675910 0.875396 0.682842 0.875396 0.684575 0.876452 0.684575 0.878564 0.689775 0.878564 0.689775 0.875396 0.691508 0.874340 0.714038 0.874340 0.715771 0.875396 0.715771 0.876452 0.719237 0.876452 0.720971 0.875396 0.722704 0.875396 0.724437 0.874340 0.729636 0.874340 0.731369 0.875396 0.734835 0.875396 0.736568 0.876452 0.736568 0.880676 0.740035 0.880676 0.740035 0.876452 0.741768 0.875396 0.755633 0.875396 0.757366 0.876452 0.779896 0.876452 0.781629 0.875396 0.792028 0.875396 0.793761 0.876452 0.805893 0.876452 0.807626 0.875396 0.830156 0.875396 0.831889 0.874340 0.837088 0.874340 0.838821 0.875396 0.838821 0.876452 0.842288 0.876452 0.842288 0.874340 0.844021 0.873284 0.850953 0.873284 0.850953 0.868004 0.852686 0.866948 0.854419 0.866948 0.856153 0.865892 0.861352 0.865892 0.863085 0.864836 0.870017 0.864836 0.871750 0.863780 0.873484 0.863780 0.875217 0.862724 0.875217 0.860612 0.870017 0.860612 0.868284 0.861668 0.845754 0.861668 0.844021 0.862724 0.818024 0.862724 0.816291 0.863780 0.792028 0.863780 0.790295 0.862724 0.790295 0.861668 0.786828 0.861668 0.785095 0.862724 0.771231 0.862724 0.769497 0.861668 0.766031 0.861668 0.764298 0.862724 0.750433 0.862724 0.748700 0.861668 0.748700 0.855333 0.750433 0.854277 0.755633 0.854277 0.757366 0.855333 0.757366 0.856389 0.764298 0.856389 0.764298 0.852165 0.766031 0.851109 0.779896 0.851109 0.781629 0.850053 0.786828 0.850053 0.786828 0.844773 0.776430 0.844773 0.774697 0.843717 0.774697 0.841605 0.776430 0.840549 0.790295 0.840549 0.792028 0.839493 0.793761 0.839493 0.795494 0.838437 0.800693 0.838437 0.802426 0.837381 0.804159 0.837381 0.805893 0.836325 0.809359 0.836325 0.811092 0.835269 0.816291 0.835269 0.818024 0.836325 0.818024 0.840549 0.814558 0.842661 0.814558 0.847941 0.821490 0.847941 0.821490 0.846885 0.823224 0.845829 0.830156 0.845829 0.830156 0.843717 0.833622 0.841605 0.837088 0.841605 0.838821 0.842661 0.838821 0.845829 0.842288 0.845829 0.842288 0.837381 0.837088 0.837381 0.835355 0.838437 0.823224 0.838437 0.821490 0.837381 0.821490 0.831045 0.818024 0.831045 0.816291 0.832101 0.809359 0.832101 0.807626 0.833157 0.804159 0.833157 0.802426 0.834213 0.797227 0.834213 0.795494 0.835269 0.788562 0.835269 0.786828 0.836325 0.774697 0.836325 0.772964 0.837381 0.762565 0.837381 0.760832 0.838437 0.741768 0.838437 0.740035 0.837381 0.736568 0.837381 0.734835 0.838437 0.726170 0.838437 0.724437 0.839493 0.720971 0.839493 0.719237 0.838437 0.719237 0.833157 0.715771 0.833157 0.715771 0.837381 0.714038 0.838437 0.703640 0.838437 0.701906 0.837381 0.701906 0.834213 0.700173 0.834213 0.698440 0.833157 0.698440 0.827878 0.700173 0.826822 0.701906 0.826822 0.701906 0.825766 0.703640 0.824710 0.707106 0.824710 0.707106 0.821542 0.708839 0.820486 0.722704 0.820486 0.722704 0.818374 0.724437 0.817318 0.727903 0.817318 0.727903 0.815206 0.729636 0.814150 0.733102 0.814150 0.734835 0.815206 0.734835 0.819430 0.736568 0.820486 0.736568 0.821542 0.740035 0.821542 0.740035 0.809926 0.741768 0.808870 0.748700 0.808870 0.752166 0.806758 0.753899 0.806758 0.753899 0.804646 0.755633 0.803590 0.759099 0.803590 0.760832 0.802534 0.764298 0.802534 0.766031 0.803590 0.766031 0.807814 0.769497 0.807814 0.769497 0.802534 0.771231 0.801478 0.774697 0.801478 0.776430 0.802534 0.776430 0.803590 0.779896 0.803590 0.779896 0.799366 0.781629 0.798310 0.785095 0.798310 0.786828 0.799366 0.786828 0.810982 0.790295 0.810982 0.790295 0.797254 0.788562 0.797254 0.786828 0.796199 0.786828 0.794087 0.788562 0.793031 0.792028 0.793031 0.793761 0.794087 0.793761 0.795143 0.800693 0.795143 0.802426 0.794087 0.809359 0.794087 0.809359 0.791975 0.812825 0.789863 0.814558 0.789863 0.814558 0.788807 0.816291 0.787751 0.819757 0.787751 0.819757 0.786695 0.821490 0.785639 0.824957 0.785639 0.826690 0.784583 0.831889 0.784583 0.831889 0.782471 0.833622 0.781415 0.833622 0.780359 0.835355 0.779303 0.838821 0.779303 0.838821 0.777191 0.840555 0.776135 0.842288 0.776135 0.842288 0.775079 0.844021 0.774023 0.844021 0.772967 0.845754 0.771911 0.850953 0.771911 0.850953 0.769799 0.852686 0.768743 0.854419 0.768743 0.854419 0.767687 0.856153 0.766631 0.859619 0.766631 0.861352 0.765576 0.863085 0.765576 0.864818 0.764520 0.864818 0.763464 0.866551 0.762408 0.871750 0.762408 0.871750 0.759240 0.873484 0.758184 0.876950 0.758184 0.878683 0.757128 0.880416 0.757128 0.880416 0.756072 0.882149 0.755016 0.889081 0.755016 0.889081 0.753960 0.890815 0.752904 0.896014 0.752904 0.896014 0.751848 0.897747 0.750792 0.902946 0.750792 0.904679 0.751848 0.904679 0.752904 0.911612 0.752904 0.911612 0.748680 0.913345 0.747624 0.918544 0.747624 0.920277 0.748680 0.920277 0.749736 0.923744 0.749736 0.925477 0.750792 0.925477 0.752904 0.927210 0.752904 0.928943 0.753960 0.928943 0.755016 0.932409 0.755016 0.932409 0.750792 0.934142 0.749736 0.937608 0.749736 0.939341 0.750792 0.939341 0.762408 0.942808 0.762408 0.942808 0.756072 0.944541 0.755016 0.956672 0.755016 0.956672 0.750792 0.958406 0.749736 0.977470 0.749736 0.977470 0.747624 0.975737 0.746568 0.968804 0.746568 0.967071 0.745512 0.934142 0.745512 0.932409 0.744456 0.927210 0.744456 0.925477 0.743400 0.918544 0.743400 0.916811 0.742344 0.913345 0.742344 0.911612 0.741288 0.902946 0.741288 0.901213 0.740232 0.897747 0.740232 0.896014 0.739176 0.896014 0.734952 0.897747 0.733897 0.901213 0.733897 0.901213 0.732841 0.902946 0.731785 0.904679 0.731785 0.908146 0.729673 0.911612 0.729673 0.911612 0.727561 0.913345 0.726505 0.916811 0.726505 0.916811 0.725449 0.918544 0.724393 0.922010 0.724393 0.922010 0.723337 0.923744 0.722281 0.932409 0.722281 0.932409 0.717001 0.934142 0.715945 0.937608 0.715945 0.939341 0.717001 0.939341 0.723337 0.942808 0.723337 0.942808 0.712777 0.944541 0.711721 0.946274 0.711721 0.946274 0.710665 0.951473 0.707497 0.953206 0.707497 0.953206 0.705385 0.954939 0.704329 0.958406 0.704329 0.960139 0.703273 0.961872 0.703273 0.961872 0.702218 0.963605 0.701162 0.963605 0.699050 0.965338 0.697994 0.965338 0.696938 0.967071 0.695882 0.968804 0.695882 0.970537 0.694826 0.972270 0.694826 0.972270 0.693770 0.975737 0.691658 0.977470 0.691658 0.977470 0.689546 0.979203 0.688490 0.980936 0.688490 0.980936 0.682154 0.979203 0.681098 0.979203 0.676874 0.968804 0.676874 0.965338 0.674762 0.965338 0.671595 0.963605 0.670539 0.963605 0.669483 0.961872 0.668427 0.954939 0.668427 0.953206 0.667371 0.949740 0.667371 0.948007 0.666315 0.944541 0.666315 0.942808 0.665259 0.942808 0.657867 0.944541 0.656811 0.946274 0.656811 0.946274 0.655755 0.949740 0.653643 0.951473 0.653643 0.951473 0.651531 0.954939 0.649419 0.956672 0.649419 0.956672 0.648363 0.961872 0.645195 0.961872 0.643083 0.963605 0.642027 0.963605 0.635692 0.960139 0.635692 0.953206 0.639916 0.951473 0.639916 0.948007 0.642027 0.944541 0.642027 0.942808 0.640971 0.935875 0.640971 0.934142 0.639916 0.930676 0.639916 0.928943 0.640971 0.927210 0.640971 0.925477 0.642027 0.922010 0.642027 0.920277 0.640971 0.920277 0.638860 0.922010 0.637804 0.922010 0.636748 0.925477 0.634636 0.925477 0.633580 0.928943 0.631468 0.930676 0.631468 0.930676 0.629356 0.932409 0.628300 0.932409 0.627244 0.934142 0.626188 0.934142 0.625132 0.935875 0.624076 0.935875 0.616684 0.930676 0.616684 0.930676 0.617740 0.928943 0.618796 0.928943 0.619852 0.927210 0.620908 0.923744 0.620908 0.922010 0.619852 0.918544 0.619852 0.918544 0.626188 0.913345 0.629356 0.909879 0.629356 0.909879 0.630412 0.908146 0.631468 0.906412 0.631468 0.904679 0.632524 0.904679 0.633580 0.901213 0.635692 0.899480 0.635692 0.899480 0.636748 0.897747 0.637804 0.896014 0.637804 0.894281 0.638860 0.890815 0.638860 0.889081 0.637804 0.889081 0.631468 0.890815 0.630412 0.892548 0.630412 0.894281 0.629356 0.896014 0.629356 0.897747 0.628300 0.901213 0.628300 0.901213 0.627244 0.906412 0.624076 0.906412 0.623020 0.908146 0.621964 0.911612 0.621964 0.911612 0.609293 0.901213 0.609293 0.899480 0.610348 0.899480 0.611404 0.897747 0.612460 0.894281 0.612460 0.892548 0.611404 0.892548 0.577614 0.889081 0.577614 0.889081 0.581837 0.887348 0.582893 0.887348 0.614572 0.889081 0.615628 0.889081 0.617740 0.887348 0.618796 0.883882 0.618796 0.882149 0.619852 0.880416 0.619852 0.880416 0.620908 0.878683 0.621964 0.878683 0.623020 0.876950 0.624076 0.873484 0.624076 0.871750 0.623020 0.866551 0.623020 0.863085 0.620908 0.863085 0.618796 0.861352 0.617740 0.861352 0.614572 0.863085 0.613516 0.863085 0.604013 0.864818 0.602957 0.871750 0.602957 0.871750 0.600845 0.863085 0.600845 0.861352 0.599789 0.861352 0.593453 0.857886 0.593453 0.857886 0.596621 0.856153 0.597677 0.852686 0.597677 0.850953 0.596621 0.850953 0.593453 0.847487 0.593453 0.847487 0.598733 0.845754 0.599789 0.842288 0.599789 0.840555 0.598733 0.840555 0.580781 0.837088 0.580781 0.837088 0.599789 0.835355 0.600845 0.831889 0.600845 0.830156 0.599789 0.830156 0.592397 0.828423 0.591341 0.828423 0.587117 0.830156 0.586061 0.830156 0.561774 0.831889 0.560718 0.835355 0.560718 0.837088 0.561774 0.837088 0.562830 0.840555 0.562830 0.840555 0.543823 0.837088 0.543823 0.837088 0.550158 0.835355 0.551214 0.831889 0.551214 0.830156 0.550158 0.823224 0.550158 0.821490 0.549102 0.821490 0.546990 0.823224 0.545935 0.823224 0.544879 0.824957 0.543823 0.824957 0.539599 0.826690 0.538543 0.837088 0.538543 0.838821 0.539599 0.842288 0.539599 0.844021 0.538543 0.844021 0.537487 0.845754 0.536431 0.850953 0.536431 0.850953 0.526927 0.847487 0.526927 0.845754 0.525871 0.845754 0.523759 0.844021 0.522703 0.844021 0.519535 0.842288 0.518479 0.842288 0.516367 0.840555 0.515312 0.840555 0.507920 0.837088 0.507920 0.835355 0.506864 0.835355 0.505808 0.833622 0.504752 0.833622 0.501584 0.831889 0.500528 0.831889 0.498416 0.830156 0.497360 0.830156 0.486800 0.826690 0.486800 0.824957 0.485744 0.824957 0.483633 0.814558 0.483633 0.811092 0.485744 0.807626 0.485744 0.807626 0.488912 0.805893 0.489968 0.802426 0.489968 0.800693 0.488912 0.800693 0.485744 0.797227 0.485744 0.795494 0.486800 0.795494 0.487856 0.793761 0.488912 0.793761 0.489968 0.792028 0.491024 0.785095 0.491024 0.783362 0.489968 0.781629 0.489968 0.779896 0.488912 0.772964 0.488912 0.772964 0.489968 0.771231 0.491024 0.752166 0.491024 0.750433 0.492080 0.741768 0.492080 0.740035 0.491024 0.740035 0.484688 0.741768 0.483633 0.759099 0.483633 0.759099 0.469905 0.755633 0.469905 0.755633 0.480465 0.753899 0.481521 0.741768 0.481521 0.740035 0.480465 0.740035 0.451954 0.741768 0.450898 0.741768 0.448786 0.740035 0.447730 0.740035 0.422386 0.738302 0.421331 0.738302 0.414995 0.740035 0.413939 0.740035 0.405491 0.738302 0.404435 0.738302 0.385428 0.740035 0.384372 0.745234 0.384372 0.746967 0.385428 0.746967 0.397043 0.752166 0.397043 0.753899 0.395987 0.753899 0.386484 0.755633 0.385428 0.760832 0.385428 0.762565 0.386484 0.771231 0.386484 0.772964 0.387540 0.772964 0.402323 0.774697 0.403379 0.778163 0.403379 0.779896 0.402323 0.779896 0.399155 0.781629 0.398099 0.785095 0.398099 0.786828 0.399155 0.786828 0.403379 0.790295 0.403379 0.790295 0.397043 0.785095 0.397043 0.783362 0.395987 0.783362 0.393875 0.781629 0.393875 0.779896 0.392819 0.779896 0.387540 0.781629 0.386484 0.783362 0.386484 0.783362 0.385428 0.785095 0.384372 0.786828 0.384372 0.786828 0.380148 0.788562 0.379092 0.790295 0.379092 0.790295 0.376980 0.788562 0.376980 0.786828 0.375924 0.786828 0.364308 0.788562 0.363252 0.790295 0.363252 0.790295 0.360084 0.788562 0.360084 0.786828 0.359029 0.786828 0.353749 0.788562 0.352693 0.792028 0.352693 0.793761 0.353749 0.793761 0.355861 0.795494 0.356917 0.795494 0.359029 0.798960 0.359029 0.798960 0.357973 0.800693 0.356917 0.804159 0.356917 0.805893 0.357973 0.809359 0.357973 0.809359 0.356917 0.811092 0.355861 0.816291 0.355861 0.818024 0.356917 0.818024 0.357973 0.821490 0.357973 0.821490 0.355861 0.823224 0.354805 0.826690 0.354805 0.828423 0.355861 0.828423 0.356917 0.835355 0.356917 0.837088 0.357973 0.837088 0.378036 0.840555 0.378036 0.840555 0.351637 0.842288 0.350581 0.852686 0.350581 0.854419 0.351637 0.854419 0.352693 0.866551 0.352693 0.870017 0.354805 0.870017 0.357973 0.875217 0.357973 0.875217 0.354805 0.876950 0.353749 0.887348 0.353749 0.889081 0.352693 0.894281 0.352693 0.896014 0.353749 0.902946 0.353749 0.904679 0.354805 0.904679 0.356917 0.906412 0.356917 0.908146 0.357973 0.908146 0.382260 0.911612 0.382260 0.911612 0.359029 0.913345 0.357973 0.923744 0.357973 0.925477 0.359029 0.925477 0.361140 0.927210 0.361140 0.928943 0.362196 0.928943 0.382260 0.932409 0.382260 0.932409 0.361140 0.934142 0.360084 0.937608 0.360084 0.939341 0.361140 0.939341 0.413939 0.942808 0.413939 0.942808 0.376980 0.944541 0.375924 0.948007 0.375924 0.949740 0.376980 0.949740 0.381204 0.953206 0.381204 0.953206 0.361140 0.954939 0.360084 0.958406 0.360084 0.960139 0.361140 0.960139 0.378036 0.967071 0.378036 0.968804 0.379092 0.968804 0.382260 0.974003 0.382260 0.974003 0.379092 0.975737 0.378036 0.982669 0.378036 0.982669 0.373812 0.980936 0.372756 0.980936 0.368532 0.982669 0.367476 0.984402 0.367476 0.984402 0.364308 0.986135 0.363252 0.986135 0.359029 0.987868 0.357973 0.994801 0.357973 0.996534 0.359029 0.996534 0.360084 0.998267 0.360084 0.998267 0.049630 0.986135 0.049630 0.984402 0.048574 0.984402 0.042239 0.986135 0.041183 0.986135 0.038015 0.984402 0.036959 0.984402 0.031679 0.986135 0.030623 0.986135 0.025343 0.984402 0.025343 0.982669 0.024287 0.982669 0.023231 0.975737 0.023231 0.974003 0.022175 0.974003 0.019007 0.970537 0.019007 0.970537 0.031679 0.968804 0.032735 0.960139 0.032735 0.960139 0.034847 0.961872 0.035903 0.961872 0.038015 0.968804 0.038015 0.970537 0.039071 0.970537 0.041183 0.968804 0.042239 0.961872 0.042239 0.961872 0.043295 0.960139 0.044351 0.954939 0.044351 0.953206 0.043295 0.953206 0.017951 0.949740 0.017951 0.949740 0.026399 0.948007 0.027455 0.944541 0.027455 0.942808 0.026399 0.942808 0.015839 0.939341 0.015839 0.939341 0.031679 0.937608 0.032735 0.935875 0.032735 0.935875 0.034847 0.934142 0.035903 0.930676 0.035903 0.930676 0.039071 0.928943 0.040127 0.923744 0.040127 0.922010 0.039071 0.922010 0.034847 0.918544 0.034847 0.916811 0.033791 0.916811 0.032735 0.915078 0.031679 0.915078 0.029567 0.913345 0.028511 0.913345 0.027455 0.911612 0.026399 0.911612 0.023231 0.913345 0.022175 0.913345 0.013728 0.911612 0.012672 0.906412 0.012672 0.906412 0.014784 0.904679 0.015839 0.904679 0.016895 0.902946 0.017951 0.894281 0.017951 0.892548 0.016895 0.889081 0.016895 0.889081 0.022175 0.887348 0.023231 0.883882 0.023231 0.882149 0.022175 0.882149 0.015839 0.878683 0.015839 0.878683 0.038015 0.876950 0.039071 0.873484 0.039071 0.871750 0.038015 0.871750 0.027455 0.863085 0.027455 0.861352 0.026399 0.861352 0.015839 0.856153 0.015839 0.854419 0.014784 0.854419 0.013728 0.845754 0.013728 0.844021 0.012672 0.844021 0.005280 0.842288 0.004224 0.842288 0.003168 0.840555 0.002112 0.840555 0.000000 0.793761 0.000000 0.793761 0.003168 0.792028 0.004224 0.788562 0.004224 0.786828 0.003168 0.786828 0.002112 0.783362 0.002112 0.781629 0.003168 0.776430 0.003168 0.776430 0.007392 0.774697 0.008448 0.772964 0.008448 0.772964 0.010560 0.771231 0.011616 0.766031 0.011616 0.764298 0.010560 0.760832 0.010560 0.759099 0.009504 0.759099 0.005280 0.755633 0.005280 0.753899 0.004224 0.750433 0.004224 0.748700 0.003168 0.748700 0.000000 0.715771 0.000000 0.715771 0.004224 0.719237 0.004224 0.720971 0.005280 0.720971 0.006336 0.724437 0.006336 0.726170 0.007392 0.726170 0.009504 0.724437 0.010560 0.715771 0.010560 0.715771 0.012672 0.714038 0.013728 0.710572 0.013728 0.708839 0.012672 0.708839 0.006336 0.705373 0.006336 0.705373 0.010560 0.701906 0.012672 0.694974 0.012672 0.694974 0.014784 0.693241 0.015839 0.691508 0.015839 0.691508 0.017951 0.694974 0.017951 0.696707 0.019007 0.698440 0.019007 0.701906 0.021119 0.701906 0.030623 0.700173 0.031679 0.694974 0.031679 0.694974 0.036959 0.698440 0.036959 0.698440 0.033791 0.700173 0.032735 0.703640 0.032735 0.705373 0.033791 0.705373 0.040127 0.703640 0.041183 0.694974 0.041183 0.693241 0.042239 0.693241 0.046463 0.694974 0.047518 0.694974 0.052798 0.693241 0.053854 0.693241 0.061246 0.691508 0.062302 0.691508 0.066526 0.689775 0.067582 0.686308 0.067582 0.684575 0.066526 0.682842 0.066526 0.681109 0.065470 0.681109 0.064414 0.679376 0.063358 0.679376 0.060190 0.681109 0.059134 0.681109 0.055966 0.679376 0.054910 0.679376 0.048574 0.675910 0.048574 0.674177 0.047518 0.674177 0.043295 0.675910 0.042239 0.677643 0.042239 0.677643 0.040127 0.672444 0.040127 0.670711 0.041183 0.667244 0.041183 0.665511 0.042239 0.665511 0.044351 0.663778 0.045407 0.660312 0.045407 0.658579 0.044351 0.658579 0.040127 0.660312 0.039071 0.660312 0.035903 0.658579 0.034847 0.658579 0.024287 0.655113 0.024287 0.655113 0.034847 0.653380 0.035903 0.639515 0.035903 0.637782 0.034847 0.637782 0.000000 0.634315 0.000000 0.634315 0.038015 0.636049 0.039071 0.636049 0.040127 0.642981 0.040127 0.644714 0.041183 0.644714 0.043295 0.642981 0.044351 0.636049 0.044351 0.636049 0.057022 0.634315 0.058078 0.634315 0.063358 0.632582 0.064414 0.630849 0.064414 0.630849 0.065470 0.629116 0.066526 0.623917 0.066526 0.623917 0.068638 0.625650 0.069694 0.625650 0.071806 0.623917 0.072862 0.623917 0.074974 0.625650 0.076030 0.625650 0.079197 0.623917 0.080253 0.610052 0.080253 0.610052 0.085533 0.611785 0.085533 0.613518 0.086589 0.613518 0.091869 0.611785 0.092925 0.610052 0.092925 0.610052 0.095037 0.611785 0.096093 0.611785 0.098205 0.610052 0.099261 0.610052 0.100317 0.608319 0.101373 0.599653 0.101373 0.599653 0.103485 0.597920 0.104541 0.594454 0.104541 0.594454 0.110876 0.592721 0.111932 0.587522 0.111932 0.587522 0.136220 0.585789 0.137276 0.582322 0.137276 0.580589 0.136220 0.580589 0.122492 0.578856 0.121436 0.578856 0.109820 0.580589 0.108765 0.580589 0.103485 0.578856 0.103485 0.577123 0.102429 0.577123 0.095037 0.578856 0.093981 0.578856 0.091869 0.571924 0.091869 0.570191 0.090813 0.570191 0.076030 0.568458 0.074974 0.568458 0.061246 0.566724 0.060190 0.566724 0.058078 0.568458 0.057022 0.568458 0.034847 0.570191 0.033791 0.570191 0.030623 0.571924 0.029567 0.571924 0.019007 0.575390 0.016895 0.575390 0.012672 0.577123 0.011616 0.580589 0.011616 0.580589 0.000000