0 0.409091 0.948378 0.409091 0.957227 0.405844 0.958702 0.399351 0.958702 0.396104 0.957227 0.396104 0.954277 0.389610 0.954277 0.389610 0.967552 0.396104 0.967552 0.396104 0.964602 0.399351 0.963127 0.405844 0.963127 0.409091 0.964602 0.409091 0.974926 0.405844 0.976401 0.389610 0.976401 0.389610 0.979351 0.405844 0.979351 0.409091 0.980826 0.409091 0.985251 0.415584 0.985251 0.415584 0.948378
0 0.142857 0.948378 0.142857 0.949853 0.139610 0.951327 0.113636 0.951327 0.113636 0.954277 0.110390 0.955752 0.107143 0.955752 0.107143 0.958702 0.113636 0.958702 0.113636 0.955752 0.116883 0.954277 0.139610 0.954277 0.142857 0.955752 0.142857 0.967552 0.139610 0.969027 0.133117 0.969027 0.129870 0.967552 0.129870 0.964602 0.123377 0.964602 0.123377 0.967552 0.120130 0.969027 0.116883 0.969027 0.116883 0.971976 0.113636 0.973451 0.107143 0.973451 0.107143 0.976401 0.120130 0.976401 0.123377 0.977876 0.123377 0.980826 0.120130 0.982301 0.107143 0.982301 0.107143 0.985251 0.113636 0.985251 0.116883 0.983776 0.129870 0.983776 0.129870 0.973451 0.133117 0.971976 0.139610 0.971976 0.142857 0.973451 0.142857 0.994100 0.149351 0.994100 0.149351 0.982301 0.152597 0.980826 0.162338 0.980826 0.162338 0.977876 0.165584 0.976401 0.168831 0.976401 0.168831 0.973451 0.165584 0.973451 0.162338 0.971976 0.162338 0.969027 0.165584 0.967552 0.168831 0.967552 0.168831 0.964602 0.162338 0.964602 0.162338 0.967552 0.159091 0.969027 0.152597 0.969027 0.149351 0.967552 0.149351 0.948378
0 0.600649 0.946903 0.600649 0.983776 0.607143 0.983776 0.607143 0.946903
0 0.136364 0.915929 0.136364 0.918879 0.139610 0.918879 0.142857 0.920354 0.142857 0.932153 0.139610 0.933628 0.116883 0.933628 0.116883 0.936578 0.139610 0.936578 0.142857 0.938053 0.142857 0.941003 0.149351 0.941003 0.149351 0.938053 0.146104 0.938053 0.142857 0.936578 0.142857 0.933628 0.146104 0.932153 0.149351 0.932153 0.149351 0.930678 0.152597 0.929204 0.162338 0.929204 0.162338 0.924779 0.152597 0.924779 0.149351 0.923304 0.149351 0.920354 0.152597 0.918879 0.155844 0.918879 0.155844 0.915929
0 0.983766 0.859882 0.983766 0.896755 0.990260 0.896755 0.990260 0.859882
0 0.964286 0.859882 0.964286 0.896755 0.970779 0.896755 0.970779 0.859882
0 0.675325 0.643068 0.675325 0.679941 0.681818 0.679941 0.681818 0.643068
0 0.123377 0.643068 0.123377 0.675516 0.120130 0.676991 0.120130 0.681416 0.129870 0.681416 0.133117 0.682891 0.133117 0.685841 0.129870 0.687316 0.120130 0.687316 0.120130 0.690265 0.123377 0.691740 0.129870 0.691740 0.129870 0.687316 0.133117 0.685841 0.139610 0.685841 0.139610 0.681416 0.133117 0.681416 0.129870 0.679941 0.129870 0.674041 0.133117 0.672566 0.168831 0.672566 0.168831 0.669617 0.133117 0.669617 0.129870 0.668142 0.129870 0.665192 0.133117 0.663717 0.168831 0.663717 0.168831 0.660767 0.152597 0.660767 0.149351 0.659292 0.149351 0.656342 0.152597 0.654867 0.168831 0.654867 0.168831 0.651917 0.152597 0.651917 0.149351 0.650442 0.133117 0.650442 0.129870 0.648968 0.129870 0.643068
0 0.211039 0.626844 0.211039 0.628319 0.207792 0.629794 0.113636 0.629794 0.113636 0.632743 0.146104 0.632743 0.149351 0.634218 0.149351 0.641593 0.159091 0.641593 0.159091 0.634218 0.162338 0.632743 0.214286 0.632743 0.217532 0.634218 0.217532 0.637168 0.224026 0.637168 0.224026 0.634218 0.220779 0.634218 0.217532 0.632743 0.217532 0.626844
0 0.905844 0.607670 0.905844 0.662242 0.902597 0.663717 0.896104 0.663717 0.892857 0.662242 0.892857 0.659292 0.886364 0.659292 0.886364 0.662242 0.883117 0.663717 0.876623 0.663717 0.873377 0.662242 0.873377 0.643068 0.866883 0.643068 0.866883 0.662242 0.870130 0.662242 0.873377 0.663717 0.873377 0.666667 0.870130 0.668142 0.866883 0.668142 0.866883 0.671091 0.883117 0.671091 0.886364 0.672566 0.889610 0.672566 0.892857 0.674041 0.892857 0.675516 0.902597 0.675516 0.905844 0.676991 0.905844 0.678466 0.912338 0.678466 0.912338 0.676991 0.915584 0.675516 0.938312 0.675516 0.938312 0.672566 0.935065 0.672566 0.931818 0.671091 0.931818 0.668142 0.935065 0.666667 0.938312 0.666667 0.938312 0.663717 0.935065 0.663717 0.931818 0.662242 0.931818 0.659292 0.925325 0.659292 0.925325 0.662242 0.922078 0.663717 0.915584 0.663717 0.912338 0.662242 0.912338 0.607670
0 0.581169 0.572271 0.581169 0.591445 0.587662 0.591445 0.590909 0.589971 0.613636 0.589971 0.616883 0.591445 0.626623 0.591445 0.626623 0.587021 0.610390 0.587021 0.607143 0.585546 0.607143 0.582596 0.600649 0.582596 0.600649 0.584071 0.597403 0.585546 0.590909 0.585546 0.587662 0.584071 0.587662 0.572271
0 0.292208 0.564897 0.292208 0.584071 0.301948 0.584071 0.301948 0.578171 0.305195 0.576696 0.318182 0.576696 0.318182 0.572271 0.305195 0.572271 0.301948 0.570796 0.301948 0.564897
0 0.581169 0.556047 0.581169 0.566372 0.594156 0.566372 0.600649 0.569322 0.600649 0.573746 0.626623 0.573746 0.626623 0.569322 0.610390 0.569322 0.607143 0.567847 0.607143 0.556047
0 0.694805 0.485251 0.694805 0.504425 0.691558 0.505900 0.685065 0.505900 0.681818 0.504425 0.681818 0.502950 0.675325 0.502950 0.675325 0.508850 0.672078 0.510324 0.668831 0.510324 0.668831 0.513274 0.672078 0.513274 0.675325 0.514749 0.675325 0.523599 0.681818 0.523599 0.681818 0.513274 0.685065 0.511799 0.691558 0.511799 0.694805 0.513274 0.694805 0.525074 0.701299 0.525074 0.701299 0.513274 0.704545 0.511799 0.711039 0.511799 0.714286 0.513274 0.714286 0.514749 0.720779 0.514749 0.720779 0.511799 0.714286 0.511799 0.711039 0.510324 0.711039 0.507375 0.714286 0.505900 0.720779 0.505900 0.720779 0.502950 0.714286 0.502950 0.714286 0.505900 0.711039 0.507375 0.704545 0.507375 0.704545 0.510324 0.701299 0.511799 0.694805 0.511799 0.691558 0.510324 0.691558 0.505900 0.694805 0.504425 0.701299 0.504425 0.701299 0.485251
0 0.581169 0.485251 0.581169 0.505900 0.587662 0.505900 0.587662 0.504425 0.590909 0.502950 0.603896 0.502950 0.607143 0.504425 0.607143 0.511799 0.603896 0.513274 0.590909 0.513274 0.587662 0.511799 0.581169 0.511799 0.581169 0.523599 0.594156 0.523599 0.597403 0.525074 0.597403 0.528024 0.594156 0.529499 0.581169 0.529499 0.581169 0.548673 0.587662 0.548673 0.587662 0.539823 0.590909 0.538348 0.597403 0.538348 0.600649 0.539823 0.600649 0.542773 0.613636 0.542773 0.616883 0.544248 0.626623 0.544248 0.626623 0.532448 0.610390 0.532448 0.607143 0.530973 0.607143 0.528024 0.610390 0.526549 0.626623 0.526549 0.626623 0.525074 0.629870 0.523599 0.642857 0.523599 0.642857 0.520649 0.629870 0.520649 0.623377 0.517699 0.623377 0.514749 0.626623 0.513274 0.633117 0.513274 0.636364 0.514749 0.642857 0.514749 0.642857 0.511799 0.636364 0.511799 0.633117 0.510324 0.633117 0.507375 0.636364 0.505900 0.642857 0.505900 0.642857 0.502950 0.610390 0.502950 0.607143 0.501475 0.607143 0.498525 0.590909 0.498525 0.587662 0.497050 0.587662 0.485251
0 0.233766 0.427729 0.233766 0.432153 0.230519 0.433628 0.217532 0.433628 0.217532 0.445428 0.230519 0.445428 0.233766 0.446903 0.233766 0.449853 0.230519 0.451327 0.217532 0.451327 0.217532 0.454277 0.250000 0.454277 0.253247 0.455752 0.253247 0.461652 0.250000 0.463127 0.246753 0.463127 0.246753 0.467552 0.243506 0.469027 0.237013 0.469027 0.237013 0.480826 0.262987 0.480826 0.262987 0.477876 0.266234 0.476401 0.269481 0.476401 0.269481 0.473451 0.266234 0.473451 0.262987 0.471976 0.262987 0.469027 0.256494 0.469027 0.253247 0.467552 0.253247 0.464602 0.256494 0.463127 0.262987 0.463127 0.262987 0.458702 0.259740 0.457227 0.259740 0.452802 0.262987 0.451327 0.269481 0.451327 0.269481 0.446903 0.266234 0.446903 0.262987 0.445428 0.262987 0.442478 0.259740 0.441003 0.259740 0.429204 0.243506 0.429204 0.240260 0.427729
0 0.912338 0.377581 0.912338 0.383481 0.909091 0.384956 0.892857 0.384956 0.892857 0.389381 0.938312 0.389381 0.938312 0.377581
0 0.931818 0.125369 0.931818 0.126844 0.928571 0.128319 0.928571 0.134218 0.931818 0.135693 0.931818 0.159292 0.935065 0.160767 0.935065 0.165192 0.938312 0.166667 0.938312 0.169617 0.941558 0.171091 0.941558 0.175516 0.944805 0.176991 0.944805 0.179941 0.948052 0.181416 0.948052 0.188791 0.954545 0.188791 0.957792 0.187316 0.957792 0.166667 0.954545 0.165192 0.954545 0.163717 0.944805 0.163717 0.941558 0.162242 0.941558 0.159292 0.944805 0.157817 0.954545 0.157817 0.954545 0.151917 0.951299 0.151917 0.948052 0.150442 0.948052 0.144543 0.944805 0.144543 0.941558 0.143068 0.941558 0.141593 0.938312 0.140118 0.938312 0.137168 0.941558 0.135693 0.941558 0.131268 0.938312 0.129794 0.938312 0.125369
0 0.879870 0.072271 0.879870 0.073746 0.866883 0.079646 0.863636 0.079646 0.860390 0.081121 0.857143 0.081121 0.850649 0.084071 0.837662 0.084071 0.834416 0.085546 0.808442 0.085546 0.805195 0.084071 0.798701 0.084071 0.795455 0.085546 0.788961 0.085546 0.785714 0.084071 0.785714 0.082596 0.779221 0.082596 0.779221 0.087021 0.775974 0.088496 0.772727 0.088496 0.772727 0.091445 0.769481 0.092920 0.769481 0.100295 0.766234 0.101770 0.766234 0.117994 0.762987 0.119469 0.762987 0.131268 0.759740 0.132743 0.759740 0.140118 0.756494 0.141593 0.756494 0.144543 0.750000 0.147493 0.750000 0.151917 0.743506 0.154867 0.743506 0.160767 0.740260 0.162242 0.740260 0.174041 0.746753 0.174041 0.746753 0.169617 0.753247 0.166667 0.759740 0.166667 0.759740 0.160767 0.762987 0.159292 0.766234 0.159292 0.766234 0.157817 0.769481 0.156342 0.769481 0.150442 0.772727 0.148968 0.775974 0.148968 0.775974 0.146018 0.779221 0.144543 0.782468 0.144543 0.782468 0.138643 0.785714 0.137168 0.788961 0.137168 0.788961 0.134218 0.792208 0.132743 0.795455 0.132743 0.795455 0.129794 0.792208 0.129794 0.788961 0.128319 0.788961 0.115044 0.792208 0.113569 0.795455 0.113569 0.795455 0.112094 0.798701 0.110619 0.805195 0.110619 0.808442 0.112094 0.808442 0.113569 0.814935 0.113569 0.814935 0.101770 0.805195 0.101770 0.801948 0.100295 0.801948 0.095870 0.805195 0.094395 0.811688 0.094395 0.818182 0.097345 0.818182 0.098820 0.824675 0.098820 0.827922 0.097345 0.834416 0.097345 0.837662 0.095870 0.840909 0.095870 0.840909 0.092920 0.847403 0.089971 0.853896 0.089971 0.857143 0.091445 0.857143 0.094395 0.860390 0.095870 0.870130 0.095870 0.870130 0.094395 0.873377 0.092920 0.883117 0.092920 0.883117 0.091445 0.886364 0.089971 0.902597 0.089971 0.902597 0.085546 0.899351 0.084071 0.899351 0.078171 0.896104 0.076696 0.889610 0.076696 0.886364 0.075221 0.886364 0.072271
0 0.327922 0.008850 0.327922 0.010324 0.324675 0.011799 0.318182 0.011799 0.314935 0.013274 0.301948 0.013274 0.301948 0.014749 0.292208 0.019174 0.292208 0.022124 0.288961 0.023599 0.285714 0.023599 0.269481 0.030973 0.262987 0.030973 0.262987 0.033923 0.259740 0.035398 0.256494 0.035398 0.253247 0.036873 0.240260 0.036873 0.237013 0.038348 0.233766 0.038348 0.230519 0.039823 0.230519 0.041298 0.227273 0.042773 0.220779 0.042773 0.220779 0.045723 0.217532 0.047198 0.214286 0.047198 0.211039 0.048673 0.207792 0.048673 0.207792 0.050147 0.198052 0.054572 0.198052 0.057522 0.191558 0.060472 0.191558 0.061947 0.185065 0.064897 0.185065 0.067847 0.175325 0.072271 0.175325 0.076696 0.168831 0.079646 0.168831 0.106195 0.172078 0.107670 0.172078 0.110619 0.178571 0.110619 0.185065 0.113569 0.185065 0.115044 0.188312 0.116519 0.191558 0.116519 0.194805 0.117994 0.194805 0.123894 0.191558 0.125369 0.188312 0.125369 0.188312 0.128319 0.194805 0.128319 0.194805 0.125369 0.198052 0.123894 0.201299 0.123894 0.204545 0.122419 0.217532 0.122419 0.220779 0.123894 0.220779 0.125369 0.224026 0.126844 0.224026 0.137168 0.237013 0.137168 0.243506 0.140118 0.243506 0.143068 0.246753 0.144543 0.246753 0.148968 0.243506 0.150442 0.243506 0.153392 0.240260 0.154867 0.233766 0.154867 0.230519 0.153392 0.230519 0.143068 0.224026 0.143068 0.224026 0.144543 0.220779 0.146018 0.214286 0.146018 0.211039 0.144543 0.211039 0.143068 0.204545 0.143068 0.204545 0.144543 0.201299 0.146018 0.194805 0.146018 0.191558 0.144543 0.191558 0.140118 0.194805 0.138643 0.194805 0.134218 0.188312 0.134218 0.188312 0.138643 0.185065 0.140118 0.178571 0.140118 0.172078 0.137168 0.172078 0.125369 0.159091 0.125369 0.155844 0.123894 0.142857 0.123894 0.133117 0.119469 0.133117 0.116519 0.136364 0.115044 0.146104 0.115044 0.146104 0.112094 0.139610 0.112094 0.136364 0.110619 0.136364 0.098820 0.133117 0.097345 0.133117 0.089971 0.136364 0.088496 0.136364 0.085546 0.120130 0.085546 0.116883 0.084071 0.116883 0.078171 0.113636 0.078171 0.110390 0.076696 0.110390 0.073746 0.113636 0.072271 0.113636 0.056047 0.110390 0.054572 0.110390 0.047198 0.107143 0.045723 0.103896 0.045723 0.100649 0.044248 0.100649 0.039823 0.103896 0.038348 0.107143 0.038348 0.107143 0.035398 0.100649 0.035398 0.100649 0.036873 0.097403 0.038348 0.081169 0.038348 0.077922 0.036873 0.077922 0.035398 0.074675 0.033923 0.061688 0.033923 0.058442 0.032448 0.058442 0.022124 0.051948 0.022124 0.051948 0.025074 0.048701 0.026549 0.038961 0.026549 0.038961 0.029499 0.042208 0.029499 0.048701 0.032448 0.048701 0.033923 0.051948 0.035398 0.051948 0.039823 0.058442 0.039823 0.061688 0.038348 0.068182 0.038348 0.074675 0.041298 0.074675 0.042773 0.081169 0.042773 0.090909 0.047198 0.090909 0.051622 0.094156 0.053097 0.094156 0.066372 0.097403 0.067847 0.097403 0.072271 0.100649 0.073746 0.100649 0.076696 0.097403 0.078171 0.094156 0.078171 0.090909 0.079646 0.090909 0.082596 0.094156 0.084071 0.094156 0.088496 0.103896 0.088496 0.110390 0.091445 0.110390 0.107670 0.113636 0.109145 0.113636 0.113569 0.116883 0.115044 0.116883 0.123894 0.123377 0.123894 0.126623 0.125369 0.126623 0.137168 0.136364 0.137168 0.136364 0.134218 0.139610 0.132743 0.146104 0.132743 0.149351 0.134218 0.149351 0.137168 0.146104 0.138643 0.146104 0.141593 0.149351 0.143068 0.149351 0.146018 0.146104 0.147493 0.139610 0.147493 0.139610 0.150442 0.162338 0.150442 0.165584 0.151917 0.165584 0.154867 0.172078 0.154867 0.172078 0.146018 0.175325 0.144543 0.181818 0.144543 0.185065 0.146018 0.185065 0.154867 0.198052 0.154867 0.201299 0.156342 0.201299 0.157817 0.204545 0.157817 0.207792 0.159292 0.207792 0.166667 0.204545 0.168142 0.198052 0.168142 0.194805 0.166667 0.175325 0.166667 0.172078 0.165192 0.165584 0.165192 0.162338 0.166667 0.159091 0.166667 0.155844 0.168142 0.152597 0.168142 0.149351 0.169617 0.149351 0.171091 0.139610 0.175516 0.139610 0.178466 0.136364 0.179941 0.136364 0.190265 0.133117 0.191740 0.129870 0.191740 0.126623 0.193215 0.123377 0.193215 0.123377 0.199115 0.120130 0.200590 0.103896 0.200590 0.100649 0.199115 0.100649 0.197640 0.097403 0.196165 0.090909 0.196165 0.090909 0.202065 0.094156 0.203540 0.094156 0.207965 0.090909 0.209440 0.090909 0.212389 0.094156 0.213864 0.094156 0.221239 0.097403 0.221239 0.100649 0.222714 0.100649 0.228614 0.107143 0.228614 0.107143 0.225664 0.110390 0.224189 0.116883 0.224189 0.116883 0.221239 0.120130 0.219764 0.126623 0.219764 0.129870 0.221239 0.129870 0.228614 0.126623 0.230088 0.126623 0.233038 0.133117 0.233038 0.133117 0.227139 0.136364 0.225664 0.142857 0.225664 0.146104 0.227139 0.146104 0.230088 0.149351 0.231563 0.149351 0.233038 0.155844 0.233038 0.155844 0.227139 0.159091 0.225664 0.172078 0.225664 0.172078 0.222714 0.175325 0.221239 0.181818 0.221239 0.185065 0.222714 0.185065 0.225664 0.188312 0.227139 0.188312 0.234513 0.185065 0.235988 0.185065 0.238938 0.191558 0.241888 0.191558 0.250737 0.188312 0.252212 0.188312 0.253687 0.181818 0.256637 0.175325 0.256637 0.175325 0.265487 0.172078 0.266962 0.162338 0.266962 0.162338 0.268437 0.159091 0.269912 0.152597 0.269912 0.149351 0.271386 0.149351 0.272861 0.146104 0.274336 0.142857 0.274336 0.139610 0.275811 0.136364 0.275811 0.136364 0.278761 0.133117 0.280236 0.129870 0.280236 0.129870 0.284661 0.126623 0.286136 0.126623 0.287611 0.120130 0.290560 0.120130 0.292035 0.116883 0.293510 0.116883 0.297935 0.120130 0.299410 0.120130 0.312684 0.116883 0.314159 0.116883 0.327434 0.120130 0.328909 0.120130 0.333333 0.123377 0.333333 0.126623 0.334808 0.126623 0.339233 0.129870 0.340708 0.129870 0.346608 0.126623 0.348083 0.120130 0.348083 0.120130 0.358407 0.126623 0.358407 0.126623 0.355457 0.129870 0.353982 0.136364 0.353982 0.139610 0.355457 0.142857 0.355457 0.146104 0.356932 0.146104 0.358407 0.149351 0.359882 0.149351 0.362832 0.146104 0.364307 0.139610 0.364307 0.139610 0.368732 0.146104 0.368732 0.146104 0.365782 0.149351 0.364307 0.155844 0.364307 0.159091 0.365782 0.159091 0.368732 0.165584 0.368732 0.165584 0.356932 0.155844 0.356932 0.152597 0.355457 0.152597 0.352507 0.146104 0.349558 0.146104 0.346608 0.142857 0.346608 0.139610 0.345133 0.139610 0.339233 0.136364 0.337758 0.136364 0.334808 0.139610 0.333333 0.146104 0.333333 0.146104 0.330383 0.149351 0.328909 0.162338 0.328909 0.165584 0.330383 0.165584 0.331858 0.178571 0.331858 0.181818 0.333333 0.181818 0.337758 0.185065 0.339233 0.185065 0.343658 0.188312 0.345133 0.191558 0.345133 0.194805 0.346608 0.194805 0.351032 0.201299 0.351032 0.204545 0.352507 0.204545 0.355457 0.201299 0.356932 0.198052 0.356932 0.198052 0.359882 0.201299 0.359882 0.204545 0.361357 0.204545 0.364307 0.207792 0.365782 0.207792 0.370206 0.204545 0.371681 0.198052 0.371681 0.198052 0.374631 0.191558 0.377581 0.191558 0.382006 0.194805 0.382006 0.198052 0.383481 0.198052 0.389381 0.194805 0.390855 0.191558 0.390855 0.191558 0.393805 0.188312 0.395280 0.188312 0.405605 0.185065 0.407080 0.185065 0.412979 0.188312 0.414454 0.188312 0.418879 0.198052 0.418879 0.198052 0.415929 0.201299 0.414454 0.214286 0.414454 0.214286 0.412979 0.217532 0.411504 0.224026 0.411504 0.224026 0.408555 0.220779 0.407080 0.220779 0.398230 0.224026 0.396755 0.230519 0.396755 0.233766 0.398230 0.233766 0.404130 0.237013 0.404130 0.240260 0.405605 0.240260 0.418879 0.259740 0.418879 0.259740 0.408555 0.262987 0.407080 0.275974 0.407080 0.279221 0.408555 0.279221 0.410029 0.285714 0.412979 0.285714 0.417404 0.288961 0.418879 0.288961 0.427729 0.292208 0.427729 0.295455 0.429204 0.295455 0.430678 0.298701 0.432153 0.298701 0.436578 0.301948 0.438053 0.301948 0.441003 0.305195 0.442478 0.305195 0.445428 0.311688 0.445428 0.314935 0.446903 0.314935 0.448378 0.318182 0.449853 0.318182 0.451327 0.321429 0.452802 0.321429 0.457227 0.318182 0.458702 0.318182 0.464602 0.321429 0.466077 0.321429 0.467552 0.334416 0.467552 0.337662 0.469027 0.337662 0.476401 0.334416 0.477876 0.331169 0.477876 0.331169 0.497050 0.327922 0.498525 0.324675 0.498525 0.321429 0.500000 0.308442 0.500000 0.305195 0.498525 0.301948 0.498525 0.298701 0.497050 0.298701 0.495575 0.292208 0.495575 0.292208 0.498525 0.295455 0.498525 0.298701 0.500000 0.298701 0.502950 0.292208 0.505900 0.285714 0.505900 0.285714 0.508850 0.288961 0.508850 0.292208 0.510324 0.292208 0.532448 0.298701 0.532448 0.301948 0.533923 0.301948 0.536873 0.298701 0.538348 0.292208 0.538348 0.292208 0.550147 0.301948 0.550147 0.301948 0.544248 0.305195 0.542773 0.318182 0.542773 0.318182 0.539823 0.321429 0.538348 0.327922 0.538348 0.331169 0.539823 0.331169 0.541298 0.337662 0.541298 0.337662 0.538348 0.334416 0.538348 0.331169 0.536873 0.331169 0.533923 0.334416 0.532448 0.337662 0.532448 0.337662 0.530973 0.340909 0.529499 0.347403 0.529499 0.350649 0.530973 0.350649 0.532448 0.357143 0.532448 0.357143 0.522124 0.360390 0.520649 0.386364 0.520649 0.389610 0.522124 0.389610 0.523599 0.392857 0.523599 0.396104 0.525074 0.396104 0.528024 0.399351 0.528024 0.402597 0.529499 0.402597 0.532448 0.399351 0.533923 0.396104 0.533923 0.396104 0.536873 0.405844 0.536873 0.409091 0.538348 0.409091 0.541298 0.415584 0.541298 0.415584 0.522124 0.418831 0.520649 0.425325 0.520649 0.428571 0.522124 0.428571 0.528024 0.431818 0.529499 0.431818 0.535398 0.428571 0.536873 0.428571 0.541298 0.431818 0.542773 0.431818 0.548673 0.428571 0.550147 0.428571 0.557522 0.425325 0.558997 0.425325 0.570796 0.422078 0.572271 0.409091 0.572271 0.409091 0.575221 0.418831 0.575221 0.422078 0.576696 0.422078 0.600295 0.418831 0.601770 0.418831 0.620944 0.415584 0.622419 0.415584 0.641593 0.418831 0.643068 0.418831 0.657817 0.415584 0.659292 0.415584 0.660767 0.412338 0.662242 0.405844 0.662242 0.396104 0.657817 0.396104 0.644543 0.399351 0.643068 0.402597 0.643068 0.402597 0.640118 0.392857 0.640118 0.389610 0.638643 0.389610 0.629794 0.392857 0.628319 0.396104 0.628319 0.396104 0.626844 0.399351 0.625369 0.402597 0.625369 0.402597 0.622419 0.392857 0.622419 0.389610 0.620944 0.383117 0.620944 0.383117 0.628319 0.379870 0.629794 0.379870 0.632743 0.383117 0.634218 0.383117 0.640118 0.379870 0.641593 0.379870 0.650442 0.376623 0.651917 0.370130 0.651917 0.366883 0.650442 0.366883 0.629794 0.363636 0.628319 0.363636 0.625369 0.366883 0.623894 0.366883 0.620944 0.363636 0.619469 0.353896 0.619469 0.353896 0.623894 0.350649 0.625369 0.340909 0.625369 0.340909 0.629794 0.350649 0.629794 0.353896 0.631268 0.353896 0.632743 0.357143 0.632743 0.360390 0.634218 0.360390 0.637168 0.357143 0.638643 0.344156 0.638643 0.344156 0.644543 0.340909 0.646018 0.305195 0.646018 0.305195 0.651917 0.308442 0.651917 0.311688 0.653392 0.311688 0.663717 0.308442 0.665192 0.295455 0.665192 0.292208 0.663717 0.285714 0.663717 0.285714 0.668142 0.288961 0.668142 0.292208 0.669617 0.292208 0.674041 0.295455 0.674041 0.298701 0.675516 0.298701 0.679941 0.301948 0.681416 0.301948 0.684366 0.298701 0.685841 0.298701 0.694690 0.295455 0.696165 0.295455 0.699115 0.292208 0.700590 0.285714 0.700590 0.285714 0.703540 0.292208 0.703540 0.295455 0.705015 0.295455 0.709440 0.292208 0.710914 0.285714 0.710914 0.285714 0.727139 0.282468 0.728614 0.282468 0.734513 0.279221 0.735988 0.272727 0.735988 0.269481 0.734513 0.269481 0.699115 0.266234 0.699115 0.262987 0.697640 0.262987 0.687316 0.256494 0.687316 0.256494 0.709440 0.253247 0.710914 0.246753 0.710914 0.243506 0.709440 0.243506 0.694690 0.230519 0.694690 0.227273 0.693215 0.227273 0.690265 0.224026 0.688791 0.224026 0.687316 0.217532 0.687316 0.217532 0.688791 0.214286 0.690265 0.207792 0.690265 0.207792 0.693215 0.204545 0.694690 0.198052 0.694690 0.198052 0.706490 0.194805 0.707965 0.191558 0.707965 0.191558 0.710914 0.194805 0.710914 0.198052 0.712389 0.198052 0.715339 0.194805 0.716814 0.188312 0.716814 0.188312 0.719764 0.201299 0.719764 0.204545 0.721239 0.214286 0.721239 0.217532 0.722714 0.217532 0.724189 0.220779 0.724189 0.224026 0.725664 0.224026 0.728614 0.220779 0.730088 0.217532 0.730088 0.217532 0.731563 0.214286 0.733038 0.204545 0.733038 0.201299 0.734513 0.191558 0.734513 0.191558 0.740413 0.185065 0.743363 0.162338 0.743363 0.159091 0.741888 0.152597 0.741888 0.149351 0.740413 0.149351 0.731563 0.152597 0.730088 0.159091 0.730088 0.159091 0.715339 0.152597 0.715339 0.149351 0.713864 0.149351 0.712389 0.139610 0.712389 0.136364 0.713864 0.123377 0.713864 0.123377 0.716814 0.136364 0.716814 0.139610 0.718289 0.139610 0.722714 0.136364 0.724189 0.129870 0.724189 0.129870 0.728614 0.126623 0.730088 0.123377 0.730088 0.123377 0.731563 0.120130 0.733038 0.120130 0.735988 0.116883 0.737463 0.103896 0.737463 0.103896 0.740413 0.113636 0.740413 0.116883 0.741888 0.116883 0.746313 0.123377 0.749263 0.136364 0.749263 0.139610 0.750737 0.139610 0.752212 0.142857 0.752212 0.146104 0.753687 0.146104 0.756637 0.149351 0.758112 0.149351 0.762537 0.155844 0.765487 0.155844 0.766962 0.162338 0.766962 0.168831 0.769912 0.168831 0.775811 0.165584 0.777286 0.123377 0.777286 0.120130 0.775811 0.110390 0.775811 0.110390 0.778761 0.107143 0.780236 0.097403 0.780236 0.097403 0.784661 0.107143 0.784661 0.113636 0.787611 0.113636 0.793510 0.110390 0.794985 0.110390 0.796460 0.107143 0.797935 0.103896 0.797935 0.103896 0.802360 0.110390 0.802360 0.110390 0.799410 0.113636 0.797935 0.120130 0.797935 0.123377 0.799410 0.123377 0.802360 0.126623 0.802360 0.129870 0.803835 0.129870 0.806785 0.126623 0.808260 0.123377 0.808260 0.123377 0.811209 0.129870 0.811209 0.129870 0.808260 0.133117 0.806785 0.139610 0.806785 0.142857 0.808260 0.142857 0.809735 0.149351 0.809735 0.152597 0.811209 0.152597 0.815634 0.159091 0.815634 0.162338 0.817109 0.162338 0.820059 0.159091 0.821534 0.149351 0.821534 0.149351 0.824484 0.146104 0.825959 0.142857 0.825959 0.142857 0.827434 0.139610 0.828909 0.133117 0.828909 0.133117 0.831858 0.129870 0.833333 0.123377 0.833333 0.123377 0.836283 0.126623 0.837758 0.126623 0.840708 0.123377 0.842183 0.123377 0.845133 0.126623 0.845133 0.129870 0.846608 0.129870 0.851032 0.136364 0.851032 0.136364 0.848083 0.139610 0.846608 0.149351 0.846608 0.152597 0.848083 0.152597 0.851032 0.165584 0.851032 0.168831 0.852507 0.168831 0.853982 0.198052 0.853982 0.201299 0.855457 0.201299 0.858407 0.198052 0.859882 0.188312 0.859882 0.188312 0.862832 0.185065 0.864307 0.113636 0.864307 0.113636 0.867257 0.110390 0.868732 0.103896 0.868732 0.103896 0.871681 0.100649 0.873156 0.097403 0.873156 0.097403 0.876106 0.120130 0.876106 0.123377 0.877581 0.123377 0.880531 0.120130 0.882006 0.116883 0.882006 0.116883 0.884956 0.120130 0.884956 0.123377 0.886431 0.123377 0.896755 0.129870 0.896755 0.129870 0.895280 0.133117 0.893805 0.139610 0.893805 0.142857 0.895280 0.142857 0.898230 0.149351 0.898230 0.152597 0.899705 0.152597 0.902655 0.149351 0.904130 0.142857 0.904130 0.142857 0.907080 0.149351 0.907080 0.152597 0.908555 0.152597 0.910029 0.159091 0.910029 0.162338 0.911504 0.162338 0.914454 0.168831 0.914454 0.168831 0.911504 0.165584 0.911504 0.162338 0.910029 0.162338 0.904130 0.165584 0.902655 0.178571 0.902655 0.181818 0.901180 0.194805 0.901180 0.198052 0.902655 0.198052 0.905605 0.194805 0.907080 0.194805 0.914454 0.191558 0.915929 0.188312 0.915929 0.188312 0.918879 0.191558 0.918879 0.198052 0.921829 0.198052 0.932153 0.204545 0.932153 0.207792 0.933628 0.207792 0.941003 0.211039 0.942478 0.211039 0.945428 0.207792 0.946903 0.207792 0.952802 0.204545 0.954277 0.201299 0.954277 0.201299 0.958702 0.207792 0.958702 0.207792 0.955752 0.211039 0.954277 0.217532 0.954277 0.220779 0.952802 0.233766 0.952802 0.237013 0.954277 0.237013 0.963127 0.233766 0.964602 0.201299 0.964602 0.201299 0.967552 0.243506 0.967552 0.243506 0.955752 0.240260 0.955752 0.237013 0.954277 0.237013 0.946903 0.220779 0.946903 0.217532 0.945428 0.217532 0.942478 0.220779 0.941003 0.256494 0.941003 0.259740 0.939528 0.269481 0.939528 0.269481 0.936578 0.272727 0.935103 0.282468 0.935103 0.285714 0.936578 0.285714 0.941003 0.298701 0.941003 0.301948 0.942478 0.301948 0.945428 0.298701 0.946903 0.295455 0.946903 0.285714 0.951327 0.285714 0.955752 0.275974 0.960177 0.269481 0.960177 0.269481 0.966077 0.282468 0.966077 0.285714 0.967552 0.285714 0.973451 0.292208 0.973451 0.295455 0.974926 0.295455 0.985251 0.301948 0.985251 0.301948 0.973451 0.305195 0.971976 0.311688 0.971976 0.314935 0.973451 0.314935 0.976401 0.321429 0.976401 0.321429 0.973451 0.318182 0.973451 0.314935 0.971976 0.314935 0.964602 0.318182 0.963127 0.327922 0.963127 0.334416 0.966077 0.334416 0.998525 0.340909 0.998525 0.340909 0.966077 0.344156 0.964602 0.350649 0.964602 0.353896 0.966077 0.353896 0.967552 0.360390 0.967552 0.360390 0.954277 0.363636 0.952802 0.370130 0.952802 0.370130 0.949853 0.357143 0.949853 0.347403 0.945428 0.347403 0.942478 0.350649 0.941003 0.366883 0.941003 0.370130 0.939528 0.376623 0.939528 0.379870 0.941003 0.389610 0.941003 0.392857 0.939528 0.415584 0.939528 0.415584 0.927729 0.418831 0.926254 0.425325 0.926254 0.428571 0.927729 0.428571 0.939528 0.435065 0.939528 0.435065 0.938053 0.438312 0.936578 0.448052 0.936578 0.454545 0.939528 0.454545 0.941003 0.461039 0.941003 0.461039 0.938053 0.464286 0.936578 0.464286 0.911504 0.467532 0.910029 0.477273 0.910029 0.483766 0.912979 0.483766 0.915929 0.480519 0.917404 0.480519 0.923304 0.477273 0.924779 0.477273 0.930678 0.480519 0.930678 0.483766 0.932153 0.490260 0.932153 0.493506 0.933628 0.493506 0.941003 0.506494 0.941003 0.509740 0.942478 0.509740 0.943953 0.512987 0.945428 0.512987 0.967552 0.516234 0.969027 0.516234 0.976401 0.519481 0.977876 0.519481 0.982301 0.525974 0.982301 0.525974 0.974926 0.522727 0.973451 0.522727 0.969027 0.525974 0.967552 0.529221 0.967552 0.529221 0.948378 0.525974 0.948378 0.522727 0.946903 0.522727 0.938053 0.525974 0.936578 0.542208 0.936578 0.542208 0.935103 0.545455 0.933628 0.548701 0.933628 0.548701 0.929204 0.551948 0.927729 0.558442 0.927729 0.561688 0.929204 0.561688 0.932153 0.564935 0.932153 0.568182 0.933628 0.568182 0.936578 0.571429 0.938053 0.571429 0.946903 0.574675 0.948378 0.574675 0.952802 0.577922 0.952802 0.581169 0.954277 0.581169 0.966077 0.587662 0.966077 0.587662 0.954277 0.584416 0.954277 0.581169 0.952802 0.581169 0.939528 0.584416 0.938053 0.587662 0.938053 0.587662 0.933628 0.581169 0.933628 0.574675 0.930678 0.574675 0.926254 0.577922 0.924779 0.587662 0.924779 0.587662 0.920354 0.574675 0.920354 0.571429 0.918879 0.564935 0.918879 0.561688 0.917404 0.561688 0.911504 0.564935 0.910029 0.577922 0.910029 0.581169 0.911504 0.581169 0.914454 0.587662 0.914454 0.587662 0.911504 0.590909 0.910029 0.597403 0.910029 0.600649 0.911504 0.600649 0.939528 0.607143 0.939528 0.607143 0.921829 0.610390 0.920354 0.616883 0.920354 0.620130 0.921829 0.620130 0.933628 0.626623 0.933628 0.626623 0.930678 0.629870 0.929204 0.636364 0.929204 0.639610 0.930678 0.639610 0.939528 0.646104 0.939528 0.646104 0.918879 0.649351 0.917404 0.652597 0.917404 0.652597 0.907080 0.655844 0.905605 0.662338 0.905605 0.665584 0.907080 0.665584 0.910029 0.668831 0.911504 0.668831 0.918879 0.672078 0.918879 0.675325 0.920354 0.675325 0.936578 0.704545 0.936578 0.707792 0.935103 0.720779 0.935103 0.720779 0.929204 0.724026 0.927729 0.730519 0.927729 0.733766 0.929204 0.733766 0.932153 0.740260 0.932153 0.740260 0.929204 0.743506 0.927729 0.746753 0.927729 0.746753 0.923304 0.750000 0.921829 0.750000 0.917404 0.753247 0.915929 0.759740 0.915929 0.762987 0.917404 0.769481 0.917404 0.772727 0.918879 0.772727 0.932153 0.779221 0.932153 0.779221 0.910029 0.782468 0.908555 0.788961 0.908555 0.792208 0.910029 0.792208 0.923304 0.798701 0.923304 0.798701 0.908555 0.801948 0.907080 0.808442 0.907080 0.811688 0.908555 0.811688 0.923304 0.818182 0.923304 0.818182 0.912979 0.821429 0.911504 0.827922 0.911504 0.831169 0.912979 0.837662 0.912979 0.837662 0.901180 0.840909 0.899705 0.844156 0.899705 0.844156 0.898230 0.847403 0.896755 0.847403 0.882006 0.840909 0.882006 0.837662 0.880531 0.837662 0.877581 0.840909 0.876106 0.847403 0.876106 0.847403 0.868732 0.850649 0.867257 0.863636 0.867257 0.866883 0.868732 0.866883 0.879056 0.902597 0.879056 0.905844 0.880531 0.905844 0.895280 0.912338 0.895280 0.912338 0.859882 0.889610 0.859882 0.886364 0.858407 0.886364 0.853982 0.889610 0.852507 0.912338 0.852507 0.912338 0.842183 0.915584 0.840708 0.922078 0.840708 0.925325 0.842183 0.925325 0.845133 0.931818 0.845133 0.931818 0.840708 0.935065 0.839233 0.938312 0.839233 0.938312 0.834808 0.941558 0.833333 0.941558 0.830383 0.944805 0.828909 0.961039 0.828909 0.964286 0.830383 0.964286 0.851032 0.970779 0.851032 0.970779 0.848083 0.974026 0.846608 0.980519 0.846608 0.983766 0.848083 0.983766 0.852507 0.990260 0.852507 0.990260 0.774336 0.964286 0.774336 0.964286 0.809735 0.977273 0.809735 0.980519 0.811209 0.980519 0.814159 0.977273 0.815634 0.964286 0.815634 0.964286 0.817109 0.961039 0.818584 0.944805 0.818584 0.938312 0.815634 0.938312 0.809735 0.928571 0.809735 0.925325 0.808260 0.925325 0.803835 0.928571 0.802360 0.931818 0.802360 0.931818 0.780236 0.922078 0.780236 0.918831 0.778761 0.918831 0.775811 0.905844 0.775811 0.902597 0.774336 0.902597 0.772861 0.892857 0.772861 0.889610 0.771386 0.889610 0.764012 0.892857 0.762537 0.902597 0.762537 0.905844 0.764012 0.915584 0.764012 0.918831 0.762537 0.918831 0.759587 0.915584 0.759587 0.912338 0.758112 0.912338 0.755162 0.915584 0.753687 0.922078 0.753687 0.925325 0.755162 0.925325 0.758112 0.931818 0.758112 0.931818 0.755162 0.935065 0.753687 0.938312 0.753687 0.938312 0.750737 0.935065 0.750737 0.931818 0.749263 0.931818 0.744838 0.935065 0.743363 0.954545 0.743363 0.961039 0.746313 0.961039 0.758112 0.964286 0.759587 0.964286 0.765487 0.990260 0.765487 0.990260 0.735988 0.987013 0.734513 0.987013 0.730088 0.990260 0.728614 0.996753 0.728614 0.996753 0.722714 0.993506 0.722714 0.990260 0.721239 0.990260 0.687316 0.993506 0.685841 0.996753 0.685841 0.996753 0.679941 0.993506 0.679941 0.990260 0.678466 0.990260 0.668142 0.993506 0.666667 0.996753 0.666667 0.996753 0.662242 0.993506 0.662242 0.990260 0.660767 0.990260 0.643068 0.993506 0.641593 0.996753 0.641593 0.996753 0.637168 0.990260 0.637168 0.987013 0.635693 0.987013 0.631268 0.974026 0.631268 0.970779 0.629794 0.970779 0.626844 0.974026 0.625369 0.987013 0.625369 0.990260 0.623894 0.990260 0.619469 0.987013 0.617994 0.987013 0.607670 0.980519 0.607670 0.980519 0.622419 0.977273 0.623894 0.964286 0.623894 0.964286 0.635693 0.977273 0.635693 0.980519 0.637168 0.980519 0.641593 0.977273 0.643068 0.964286 0.643068 0.961039 0.644543 0.961039 0.650442 0.964286 0.651917 0.964286 0.660767 0.961039 0.662242 0.957792 0.662242 0.954545 0.663717 0.951299 0.663717 0.951299 0.666667 0.957792 0.666667 0.964286 0.669617 0.964286 0.674041 0.961039 0.675516 0.961039 0.678466 0.970779 0.678466 0.974026 0.679941 0.974026 0.684366 0.970779 0.685841 0.964286 0.685841 0.964286 0.691740 0.961039 0.693215 0.961039 0.696165 0.957792 0.697640 0.957792 0.702065 0.964286 0.705015 0.964286 0.722714 0.961039 0.724189 0.954545 0.724189 0.954545 0.727139 0.957792 0.727139 0.961039 0.728614 0.961039 0.731563 0.957792 0.733038 0.935065 0.733038 0.931818 0.731563 0.931818 0.728614 0.935065 0.727139 0.941558 0.727139 0.941558 0.715339 0.935065 0.715339 0.931818 0.713864 0.931818 0.703540 0.925325 0.703540 0.925325 0.705015 0.922078 0.706490 0.915584 0.706490 0.912338 0.705015 0.912338 0.694690 0.902597 0.694690 0.899351 0.693215 0.899351 0.690265 0.896104 0.690265 0.892857 0.688791 0.886364 0.688791 0.883117 0.690265 0.879870 0.690265 0.879870 0.693215 0.883117 0.693215 0.886364 0.694690 0.886364 0.697640 0.883117 0.699115 0.876623 0.699115 0.873377 0.697640 0.873377 0.694690 0.866883 0.694690 0.866883 0.705015 0.863636 0.706490 0.857143 0.706490 0.857143 0.719764 0.860390 0.721239 0.860390 0.730088 0.857143 0.731563 0.857143 0.744838 0.853896 0.746313 0.847403 0.746313 0.844156 0.744838 0.844156 0.706490 0.840909 0.705015 0.840909 0.697640 0.837662 0.696165 0.837662 0.693215 0.827922 0.693215 0.824675 0.694690 0.801948 0.694690 0.798701 0.693215 0.798701 0.685841 0.801948 0.684366 0.805195 0.684366 0.805195 0.679941 0.801948 0.679941 0.798701 0.678466 0.798701 0.674041 0.801948 0.672566 0.818182 0.672566 0.821429 0.671091 0.837662 0.671091 0.837662 0.659292 0.801948 0.659292 0.798701 0.657817 0.798701 0.654867 0.801948 0.653392 0.818182 0.653392 0.818182 0.650442 0.808442 0.650442 0.805195 0.651917 0.792208 0.651917 0.788961 0.653392 0.782468 0.653392 0.779221 0.651917 0.779221 0.650442 0.772727 0.650442 0.772727 0.679941 0.775974 0.679941 0.779221 0.681416 0.779221 0.685841 0.785714 0.685841 0.788961 0.687316 0.788961 0.690265 0.785714 0.691740 0.785714 0.693215 0.782468 0.694690 0.772727 0.694690 0.772727 0.697640 0.782468 0.697640 0.785714 0.699115 0.785714 0.710914 0.782468 0.712389 0.772727 0.712389 0.772727 0.715339 0.769481 0.716814 0.743506 0.716814 0.740260 0.715339 0.740260 0.712389 0.737013 0.712389 0.733766 0.710914 0.733766 0.707965 0.737013 0.706490 0.740260 0.706490 0.740260 0.703540 0.733766 0.703540 0.733766 0.706490 0.730519 0.707965 0.727273 0.707965 0.727273 0.710914 0.724026 0.712389 0.714286 0.712389 0.714286 0.715339 0.711039 0.716814 0.704545 0.716814 0.701299 0.715339 0.701299 0.712389 0.704545 0.710914 0.707792 0.710914 0.707792 0.707965 0.711039 0.706490 0.720779 0.706490 0.720779 0.687316 0.714286 0.687316 0.714286 0.705015 0.711039 0.706490 0.704545 0.706490 0.701299 0.705015 0.701299 0.694690 0.694805 0.694690 0.694805 0.696165 0.691558 0.697640 0.685065 0.697640 0.681818 0.696165 0.681818 0.687316 0.675325 0.687316 0.675325 0.697640 0.668831 0.700590 0.668831 0.707965 0.665584 0.709440 0.665584 0.712389 0.662338 0.713864 0.649351 0.713864 0.646104 0.712389 0.646104 0.690265 0.629870 0.690265 0.626623 0.688791 0.626623 0.685841 0.620130 0.685841 0.620130 0.696165 0.616883 0.697640 0.610390 0.697640 0.607143 0.696165 0.607143 0.681416 0.610390 0.679941 0.646104 0.679941 0.646104 0.671091 0.642857 0.669617 0.642857 0.666667 0.629870 0.666667 0.626623 0.665192 0.626623 0.662242 0.629870 0.660767 0.646104 0.660767 0.646104 0.654867 0.629870 0.654867 0.626623 0.653392 0.626623 0.647493 0.629870 0.646018 0.646104 0.646018 0.646104 0.643068 0.636364 0.643068 0.633117 0.644543 0.620130 0.644543 0.620130 0.648968 0.616883 0.650442 0.610390 0.650442 0.607143 0.648968 0.607143 0.643068 0.600649 0.643068 0.600649 0.674041 0.597403 0.675516 0.590909 0.675516 0.587662 0.674041 0.587662 0.625369 0.590909 0.623894 0.597403 0.623894 0.600649 0.625369 0.600649 0.637168 0.626623 0.637168 0.626623 0.604720 0.610390 0.604720 0.607143 0.603245 0.607143 0.600295 0.581169 0.600295 0.581169 0.609145 0.577922 0.610619 0.558442 0.610619 0.555195 0.609145 0.555195 0.603245 0.551948 0.603245 0.548701 0.601770 0.548701 0.600295 0.542208 0.600295 0.542208 0.601770 0.538961 0.603245 0.493506 0.603245 0.493506 0.604720 0.490260 0.606195 0.483766 0.606195 0.483766 0.617994 0.477273 0.620944 0.477273 0.622419 0.474026 0.623894 0.467532 0.623894 0.464286 0.622419 0.464286 0.600295 0.461039 0.598820 0.461039 0.592920 0.464286 0.591445 0.464286 0.556047 0.461039 0.554572 0.461039 0.544248 0.464286 0.542773 0.470779 0.542773 0.474026 0.544248 0.474026 0.547198 0.477273 0.548673 0.477273 0.556047 0.480519 0.556047 0.483766 0.557522 0.483766 0.558997 0.490260 0.558997 0.493506 0.560472 0.493506 0.563422 0.500000 0.563422 0.503247 0.564897 0.503247 0.567847 0.509740 0.567847 0.509740 0.564897 0.512987 0.563422 0.519481 0.563422 0.522727 0.564897 0.522727 0.575221 0.529221 0.575221 0.529221 0.564897 0.532468 0.563422 0.538961 0.563422 0.542208 0.564897 0.542208 0.591445 0.548701 0.591445 0.551948 0.589971 0.551948 0.587021 0.548701 0.585546 0.548701 0.556047 0.551948 0.554572 0.555195 0.554572 0.555195 0.550147 0.551948 0.550147 0.548701 0.548673 0.548701 0.519174 0.551948 0.517699 0.551948 0.516224 0.558442 0.513274 0.558442 0.505900 0.551948 0.505900 0.548701 0.504425 0.548701 0.469027 0.542208 0.469027 0.542208 0.498525 0.538961 0.500000 0.532468 0.500000 0.529221 0.498525 0.529221 0.469027 0.522727 0.469027 0.519481 0.467552 0.519481 0.464602 0.522727 0.463127 0.522727 0.457227 0.525974 0.455752 0.529221 0.455752 0.529221 0.452802 0.532468 0.451327 0.538961 0.451327 0.542208 0.452802 0.542208 0.463127 0.548701 0.463127 0.548701 0.451327 0.551948 0.449853 0.555195 0.449853 0.555195 0.443953 0.558442 0.442478 0.558442 0.438053 0.561688 0.436578 0.568182 0.436578 0.571429 0.438053 0.571429 0.441003 0.574675 0.441003 0.577922 0.442478 0.577922 0.445428 0.594156 0.445428 0.597403 0.446903 0.597403 0.454277 0.603896 0.454277 0.603896 0.442478 0.581169 0.442478 0.577922 0.441003 0.577922 0.438053 0.581169 0.436578 0.603896 0.436578 0.603896 0.433628 0.607143 0.432153 0.613636 0.432153 0.616883 0.433628 0.616883 0.454277 0.623377 0.454277 0.623377 0.435103 0.626623 0.433628 0.633117 0.433628 0.636364 0.435103 0.636364 0.445428 0.642857 0.445428 0.642857 0.438053 0.646104 0.436578 0.652597 0.436578 0.652597 0.433628 0.649351 0.432153 0.649351 0.429204 0.646104 0.429204 0.642857 0.427729 0.639610 0.427729 0.633117 0.424779 0.633117 0.420354 0.636364 0.418879 0.652597 0.418879 0.652597 0.415929 0.655844 0.414454 0.662338 0.414454 0.665584 0.415929 0.665584 0.417404 0.668831 0.418879 0.675325 0.418879 0.678571 0.420354 0.678571 0.423304 0.681818 0.424779 0.681818 0.432153 0.688312 0.432153 0.691558 0.433628 0.691558 0.436578 0.698052 0.436578 0.701299 0.438053 0.701299 0.441003 0.698052 0.442478 0.694805 0.442478 0.694805 0.445428 0.701299 0.445428 0.701299 0.441003 0.704545 0.439528 0.711039 0.439528 0.714286 0.441003 0.714286 0.452802 0.720779 0.452802 0.720779 0.449853 0.724026 0.448378 0.730519 0.448378 0.733766 0.449853 0.733766 0.460177 0.737013 0.461652 0.737013 0.464602 0.740260 0.466077 0.740260 0.473451 0.743506 0.474926 0.743506 0.480826 0.740260 0.482301 0.740260 0.485251 0.746753 0.485251 0.746753 0.483776 0.750000 0.482301 0.756494 0.482301 0.759740 0.483776 0.759740 0.491150 0.753247 0.494100 0.743506 0.494100 0.743506 0.497050 0.746753 0.497050 0.750000 0.498525 0.750000 0.501475 0.753247 0.501475 0.756494 0.502950 0.756494 0.507375 0.759740 0.508850 0.759740 0.513274 0.766234 0.513274 0.769481 0.511799 0.769481 0.500000 0.772727 0.498525 0.772727 0.491150 0.775974 0.489676 0.785714 0.489676 0.788961 0.491150 0.788961 0.498525 0.795455 0.498525 0.795455 0.485251 0.788961 0.485251 0.785714 0.483776 0.785714 0.477876 0.788961 0.476401 0.788961 0.474926 0.792208 0.473451 0.808442 0.473451 0.811688 0.471976 0.814935 0.471976 0.814935 0.467552 0.818182 0.466077 0.824675 0.466077 0.824675 0.464602 0.827922 0.463127 0.827922 0.455752 0.831169 0.454277 0.834416 0.454277 0.834416 0.452802 0.840909 0.449853 0.840909 0.446903 0.844156 0.445428 0.847403 0.445428 0.847403 0.442478 0.844156 0.441003 0.844156 0.424779 0.831169 0.424779 0.827922 0.426254 0.824675 0.426254 0.824675 0.427729 0.818182 0.430678 0.818182 0.442478 0.814935 0.443953 0.814935 0.448378 0.811688 0.449853 0.808442 0.449853 0.808442 0.451327 0.805195 0.452802 0.798701 0.452802 0.795455 0.451327 0.788961 0.451327 0.788961 0.454277 0.792208 0.454277 0.795455 0.455752 0.795455 0.460177 0.792208 0.461652 0.779221 0.461652 0.775974 0.460177 0.772727 0.460177 0.769481 0.458702 0.769481 0.446903 0.772727 0.445428 0.775974 0.445428 0.775974 0.432153 0.779221 0.430678 0.782468 0.430678 0.782468 0.415929 0.785714 0.414454 0.785714 0.408555 0.788961 0.407080 0.788961 0.398230 0.792208 0.396755 0.798701 0.396755 0.801948 0.398230 0.805195 0.398230 0.808442 0.399705 0.808442 0.402655 0.818182 0.402655 0.821429 0.404130 0.821429 0.408555 0.824675 0.410029 0.824675 0.411504 0.827922 0.411504 0.834416 0.414454 0.834416 0.418879 0.840909 0.418879 0.844156 0.417404 0.844156 0.402655 0.840909 0.401180 0.840909 0.396755 0.831169 0.396755 0.827922 0.395280 0.827922 0.386431 0.818182 0.382006 0.814935 0.382006 0.808442 0.379056 0.808442 0.367257 0.811688 0.365782 0.818182 0.365782 0.821429 0.367257 0.821429 0.368732 0.847403 0.368732 0.850649 0.370206 0.850649 0.371681 0.860390 0.376106 0.870130 0.376106 0.870130 0.368732 0.873377 0.367257 0.873377 0.364307 0.866883 0.364307 0.866883 0.367257 0.863636 0.368732 0.847403 0.368732 0.844156 0.367257 0.844156 0.364307 0.834416 0.364307 0.831169 0.362832 0.827922 0.362832 0.824675 0.361357 0.824675 0.359882 0.821429 0.359882 0.818182 0.358407 0.814935 0.358407 0.811688 0.356932 0.811688 0.355457 0.808442 0.353982 0.808442 0.351032 0.811688 0.349558 0.814935 0.349558 0.814935 0.339233 0.811688 0.339233 0.808442 0.337758 0.808442 0.325959 0.811688 0.324484 0.814935 0.324484 0.814935 0.312684 0.818182 0.311209 0.818182 0.308260 0.821429 0.306785 0.834416 0.306785 0.834416 0.303835 0.831169 0.303835 0.827922 0.302360 0.827922 0.299410 0.831169 0.297935 0.834416 0.297935 0.834416 0.294985 0.821429 0.294985 0.818182 0.293510 0.818182 0.290560 0.814935 0.289086 0.814935 0.275811 0.811688 0.275811 0.808442 0.274336 0.808442 0.269912 0.805195 0.268437 0.805195 0.264012 0.801948 0.262537 0.801948 0.246313 0.805195 0.244838 0.808442 0.244838 0.808442 0.238938 0.811688 0.237463 0.811688 0.231563 0.814935 0.230088 0.818182 0.230088 0.818182 0.225664 0.821429 0.224189 0.827922 0.224189 0.827922 0.221239 0.831169 0.219764 0.834416 0.219764 0.834416 0.212389 0.837662 0.210914 0.837662 0.209440 0.840909 0.207965 0.840909 0.191740 0.844156 0.190265 0.844156 0.187316 0.840909 0.185841 0.840909 0.182891 0.847403 0.179941 0.853896 0.179941 0.857143 0.181416 0.857143 0.190265 0.863636 0.190265 0.863636 0.179941 0.870130 0.176991 0.870130 0.172566 0.866883 0.172566 0.863636 0.171091 0.863636 0.163717 0.860390 0.162242 0.860390 0.159292 0.863636 0.157817 0.863636 0.150442 0.866883 0.148968 0.870130 0.148968 0.870130 0.138643 0.863636 0.138643 0.857143 0.141593 0.857143 0.143068 0.847403 0.147493 0.847403 0.150442 0.850649 0.150442 0.853896 0.151917 0.853896 0.162242 0.847403 0.165192 0.831169 0.165192 0.827922 0.163717 0.824675 0.163717 0.821429 0.162242 0.814935 0.162242 0.805195 0.166667 0.805195 0.168142 0.801948 0.169617 0.801948 0.171091 0.798701 0.172566 0.798701 0.175516 0.795455 0.176991 0.795455 0.181416 0.792208 0.182891 0.792208 0.184366 0.788961 0.185841 0.788961 0.187316 0.779221 0.191740 0.762987 0.191740 0.759740 0.190265 0.759740 0.185841 0.756494 0.184366 0.756494 0.182891 0.753247 0.182891 0.750000 0.181416 0.750000 0.179941 0.743506 0.179941 0.743506 0.182891 0.746753 0.184366 0.746753 0.193215 0.750000 0.194690 0.750000 0.200590 0.746753 0.202065 0.743506 0.202065 0.743506 0.205015 0.740260 0.206490 0.733766 0.206490 0.730519 0.205015 0.730519 0.202065 0.727273 0.200590 0.720779 0.200590 0.720779 0.203540 0.724026 0.205015 0.724026 0.207965 0.720779 0.209440 0.714286 0.209440 0.711039 0.207965 0.698052 0.207965 0.698052 0.212389 0.701299 0.213864 0.701299 0.221239 0.698052 0.222714 0.698052 0.225664 0.701299 0.227139 0.701299 0.231563 0.694805 0.234513 0.691558 0.234513 0.685065 0.237463 0.681818 0.237463 0.681818 0.240413 0.675325 0.243363 0.665584 0.243363 0.662338 0.244838 0.655844 0.244838 0.649351 0.241888 0.649351 0.238938 0.652597 0.237463 0.652597 0.233038 0.649351 0.231563 0.649351 0.206490 0.636364 0.206490 0.633117 0.205015 0.633117 0.202065 0.626623 0.202065 0.623377 0.200590 0.620130 0.200590 0.613636 0.197640 0.613636 0.196165 0.607143 0.196165 0.603896 0.197640 0.597403 0.197640 0.594156 0.196165 0.587662 0.196165 0.584416 0.194690 0.584416 0.190265 0.577922 0.190265 0.577922 0.193215 0.581169 0.193215 0.584416 0.194690 0.584416 0.197640 0.577922 0.200590 0.574675 0.200590 0.571429 0.202065 0.561688 0.202065 0.555195 0.199115 0.555195 0.194690 0.551948 0.193215 0.548701 0.193215 0.545455 0.191740 0.542208 0.191740 0.538961 0.190265 0.538961 0.188791 0.535714 0.187316 0.535714 0.185841 0.529221 0.185841 0.525974 0.184366 0.525974 0.182891 0.519481 0.182891 0.516234 0.181416 0.516234 0.176991 0.519481 0.175516 0.529221 0.175516 0.529221 0.172566 0.516234 0.172566 0.512987 0.171091 0.512987 0.168142 0.509740 0.168142 0.506494 0.166667 0.506494 0.160767 0.509740 0.159292 0.509740 0.156342 0.512987 0.154867 0.512987 0.151917 0.516234 0.150442 0.525974 0.150442 0.525974 0.147493 0.522727 0.147493 0.519481 0.146018 0.519481 0.141593 0.516234 0.140118 0.516234 0.134218 0.519481 0.132743 0.525974 0.132743 0.525974 0.128319 0.519481 0.128319 0.516234 0.129794 0.503247 0.129794 0.503247 0.134218 0.500000 0.135693 0.500000 0.140118 0.496753 0.141593 0.490260 0.141593 0.490260 0.154867 0.487013 0.156342 0.487013 0.165192 0.483766 0.166667 0.483766 0.168142 0.480519 0.169617 0.467532 0.169617 0.464286 0.168142 0.464286 0.166667 0.461039 0.166667 0.454545 0.163717 0.451299 0.163717 0.448052 0.162242 0.448052 0.159292 0.451299 0.157817 0.451299 0.154867 0.448052 0.154867 0.444805 0.153392 0.444805 0.151917 0.441558 0.150442 0.441558 0.147493 0.444805 0.146018 0.451299 0.146018 0.451299 0.141593 0.444805 0.141593 0.441558 0.140118 0.435065 0.140118 0.431818 0.141593 0.422078 0.141593 0.418831 0.140118 0.418831 0.134218 0.409091 0.134218 0.405844 0.132743 0.405844 0.129794 0.409091 0.128319 0.422078 0.128319 0.425325 0.129794 0.425325 0.132743 0.431818 0.132743 0.431818 0.129794 0.428571 0.129794 0.425325 0.128319 0.425325 0.125369 0.409091 0.125369 0.402597 0.122419 0.402597 0.117994 0.405844 0.116519 0.405844 0.113569 0.396104 0.113569 0.396104 0.119469 0.392857 0.120944 0.386364 0.120944 0.383117 0.119469 0.383117 0.109145 0.386364 0.107670 0.392857 0.107670 0.392857 0.104720 0.373377 0.104720 0.366883 0.101770 0.366883 0.088496 0.363636 0.088496 0.360390 0.087021 0.360390 0.082596 0.353896 0.079646 0.350649 0.079646 0.347403 0.078171 0.347403 0.072271 0.350649 0.070796 0.350649 0.067847 0.347403 0.066372 0.347403 0.045723 0.350649 0.044248 0.353896 0.044248 0.353896 0.041298 0.350649 0.041298 0.347403 0.039823 0.347403 0.036873 0.350649 0.035398 0.350649 0.033923 0.353896 0.032448 0.363636 0.032448 0.363636 0.030973 0.366883 0.029499 0.366883 0.028024 0.370130 0.026549 0.392857 0.026549 0.396104 0.025074 0.405844 0.025074 0.409091 0.023599 0.422078 0.023599 0.422078 0.020649 0.425325 0.019174 0.431818 0.019174 0.431818 0.014749 0.425325 0.014749 0.422078 0.016224 0.379870 0.016224 0.376623 0.017699 0.373377 0.017699 0.370130 0.019174 0.350649 0.019174 0.347403 0.017699 0.347403 0.011799 0.337662 0.011799 0.334416 0.010324 0.334416 0.008850