0 0.760563 0.882957 0.760563 0.885010 0.764588 0.885010 0.766600 0.886037 0.774648 0.886037 0.778672 0.888090 0.778672 0.899384 0.782696 0.899384 0.784708 0.898357 0.794769 0.898357 0.796781 0.897331 0.800805 0.897331 0.802817 0.898357 0.802817 0.899384 0.806841 0.899384 0.808853 0.898357 0.812877 0.898357 0.812877 0.896304 0.814889 0.895277 0.822938 0.895277 0.826962 0.897331 0.832998 0.897331 0.832998 0.892197 0.830986 0.891170 0.830986 0.890144 0.828974 0.889117 0.812877 0.889117 0.810865 0.888090 0.810865 0.887064 0.808853 0.887064 0.806841 0.886037 0.794769 0.886037 0.792757 0.885010 0.778672 0.885010 0.776660 0.883984 0.776660 0.882957
0 0.732394 0.780287 0.732394 0.808008 0.736419 0.808008 0.736419 0.780287
0 0.780684 0.697125 0.780684 0.729979 0.784708 0.729979 0.784708 0.697125
0 0.923541 0.637577 0.923541 0.646817 0.921529 0.647844 0.917505 0.647844 0.915493 0.646817 0.915493 0.638604 0.911469 0.638604 0.911469 0.659138 0.915493 0.659138 0.915493 0.652977 0.917505 0.651951 0.927565 0.651951 0.927565 0.637577
0 0.012072 0.603696 0.012072 0.629363 0.016097 0.629363 0.016097 0.603696
0 0.923541 0.578029 0.923541 0.631417 0.927565 0.631417 0.927565 0.578029
0 0.957746 0.577002 0.955734 0.578029 0.947686 0.578029 0.947686 0.604723 0.945674 0.605749 0.945674 0.607803 0.947686 0.608830 0.947686 0.632444 0.945674 0.633470 0.945674 0.636550 0.951710 0.636550 0.953722 0.635524 0.963783 0.635524 0.963783 0.632444 0.953722 0.632444 0.951710 0.631417 0.951710 0.627310 0.953722 0.626283 0.975855 0.626283 0.975855 0.616016 0.977867 0.614990 0.987928 0.614990 0.987928 0.595483 0.989940 0.594456 0.997988 0.594456 0.997988 0.591376 0.989940 0.591376 0.987928 0.590349 0.987928 0.578029 0.971831 0.578029 0.971831 0.589322 0.979879 0.589322 0.981891 0.590349 0.981891 0.600616 0.979879 0.601643 0.965795 0.601643 0.963783 0.600616 0.963783 0.577002
0 0.000000 0.574949 0.000000 0.583162 0.010060 0.583162 0.012072 0.584189 0.012072 0.599589 0.016097 0.599589 0.016097 0.577002 0.008048 0.577002 0.006036 0.575975 0.006036 0.574949
0 0.060362 0.481520 0.060362 0.508214 0.064386 0.508214 0.064386 0.490760 0.066398 0.489733 0.070423 0.489733 0.072435 0.490760 0.072435 0.507187 0.076459 0.507187 0.076459 0.483573 0.068410 0.483573 0.066398 0.482546 0.066398 0.481520
0 0.000000 0.471253 0.000000 0.508214 0.006036 0.508214 0.006036 0.473306 0.004024 0.473306 0.002012 0.472279 0.002012 0.471253
0 0.014085 0.470226 0.014085 0.508214 0.018109 0.508214 0.018109 0.470226
0 0.096579 0.453799 0.096579 0.510267 0.100604 0.510267 0.100604 0.453799
0 0.156942 0.394251 0.156942 0.448665 0.160966 0.448665 0.160966 0.394251
0 0.062374 0.394251 0.062374 0.440452 0.066398 0.440452 0.066398 0.394251
0 0.074447 0.392197 0.074447 0.414784 0.080483 0.414784 0.082495 0.415811 0.082495 0.418891 0.084507 0.418891 0.086519 0.419918 0.086519 0.421971 0.094567 0.421971 0.096579 0.422998 0.096579 0.445585 0.100604 0.445585 0.100604 0.439425 0.102616 0.438398 0.102616 0.436345 0.100604 0.435318 0.100604 0.429158 0.102616 0.428131 0.102616 0.392197 0.086519 0.392197 0.086519 0.407598 0.084507 0.408624 0.080483 0.408624 0.078471 0.407598 0.078471 0.392197
0 0.038229 0.392197 0.038229 0.441478 0.042254 0.441478 0.042254 0.404517 0.044266 0.403491 0.044266 0.401437 0.042254 0.400411 0.042254 0.392197
0 0.004024 0.334702 0.004024 0.380903 0.008048 0.380903 0.008048 0.334702
0 0.016097 0.331622 0.016097 0.377823 0.024145 0.377823 0.026157 0.378850 0.026157 0.416838 0.030181 0.416838 0.030181 0.374743 0.032193 0.373717 0.036217 0.373717 0.038229 0.374743 0.038229 0.388090 0.042254 0.388090 0.042254 0.359343 0.044266 0.358316 0.044266 0.333676 0.040241 0.333676 0.040241 0.335729 0.038229 0.336756 0.034205 0.336756 0.032193 0.335729 0.032193 0.334702 0.028169 0.334702 0.028169 0.355236 0.026157 0.356263 0.022133 0.356263 0.020121 0.355236 0.020121 0.331622
0 0.040241 0.280287 0.040241 0.327515 0.044266 0.327515 0.044266 0.280287
0 0.008048 0.000000 0.008048 0.005133 0.006036 0.006160 0.000000 0.006160 0.000000 0.008214 0.006036 0.008214 0.008048 0.009240 0.008048 0.023614 0.006036 0.024641 0.000000 0.024641 0.000000 0.026694 0.006036 0.026694 0.008048 0.027721 0.008048 0.031828 0.006036 0.032854 0.000000 0.032854 0.000000 0.040041 0.006036 0.040041 0.008048 0.041068 0.008048 0.084189 0.016097 0.084189 0.018109 0.085216 0.018109 0.089322 0.016097 0.090349 0.006036 0.090349 0.004024 0.091376 0.000000 0.091376 0.000000 0.099589 0.004024 0.099589 0.006036 0.100616 0.006036 0.111910 0.004024 0.112936 0.000000 0.112936 0.000000 0.135524 0.004024 0.135524 0.006036 0.136550 0.006036 0.141684 0.004024 0.142710 0.000000 0.142710 0.000000 0.145791 0.002012 0.145791 0.004024 0.146817 0.004024 0.151951 0.006036 0.152977 0.006036 0.174538 0.004024 0.175565 0.000000 0.175565 0.000000 0.178645 0.004024 0.178645 0.006036 0.179671 0.006036 0.205339 0.010060 0.205339 0.010060 0.183778 0.012072 0.182752 0.016097 0.182752 0.018109 0.183778 0.018109 0.204312 0.022133 0.204312 0.022133 0.190965 0.024145 0.189938 0.028169 0.189938 0.030181 0.190965 0.030181 0.205339 0.028169 0.206366 0.026157 0.206366 0.026157 0.208419 0.032193 0.208419 0.034205 0.209446 0.034205 0.213552 0.032193 0.214579 0.030181 0.214579 0.028169 0.215606 0.018109 0.215606 0.018109 0.227926 0.016097 0.228953 0.012072 0.228953 0.010060 0.227926 0.010060 0.213552 0.006036 0.213552 0.006036 0.236140 0.004024 0.237166 0.004024 0.294661 0.008048 0.294661 0.008048 0.278234 0.010060 0.277207 0.014085 0.277207 0.016097 0.278234 0.016097 0.296715 0.020121 0.296715 0.020121 0.276181 0.022133 0.275154 0.026157 0.275154 0.028169 0.276181 0.028169 0.326489 0.032193 0.326489 0.032193 0.244353 0.034205 0.243326 0.034205 0.238193 0.036217 0.237166 0.044266 0.237166 0.044266 0.232033 0.046278 0.231006 0.046278 0.221766 0.048290 0.220739 0.052314 0.220739 0.052314 0.219713 0.054326 0.218686 0.062374 0.218686 0.064386 0.219713 0.064386 0.221766 0.062374 0.222793 0.058350 0.222793 0.058350 0.224846 0.062374 0.224846 0.064386 0.225873 0.064386 0.236140 0.062374 0.237166 0.058350 0.237166 0.058350 0.242300 0.062374 0.242300 0.064386 0.243326 0.064386 0.266940 0.068410 0.266940 0.068410 0.260780 0.070423 0.259754 0.074447 0.259754 0.076459 0.260780 0.076459 0.266940 0.078471 0.266940 0.080483 0.267967 0.080483 0.271047 0.078471 0.272074 0.074447 0.272074 0.072435 0.271047 0.068410 0.271047 0.068410 0.272074 0.066398 0.273101 0.064386 0.273101 0.064386 0.296715 0.062374 0.297741 0.062374 0.301848 0.060362 0.302875 0.052314 0.302875 0.052314 0.306982 0.056338 0.306982 0.056338 0.304928 0.058350 0.303901 0.062374 0.303901 0.064386 0.304928 0.064386 0.306982 0.062374 0.308008 0.062374 0.326489 0.084507 0.326489 0.086519 0.327515 0.088531 0.327515 0.090543 0.328542 0.090543 0.331622 0.088531 0.332649 0.086519 0.332649 0.086519 0.347023 0.088531 0.347023 0.090543 0.348049 0.090543 0.350103 0.088531 0.351129 0.080483 0.351129 0.078471 0.350103 0.078471 0.332649 0.074447 0.332649 0.074447 0.353183 0.076459 0.353183 0.080483 0.355236 0.080483 0.358316 0.076459 0.360370 0.072435 0.360370 0.072435 0.361396 0.070423 0.362423 0.062374 0.362423 0.062374 0.382957 0.066398 0.382957 0.066398 0.363450 0.068410 0.362423 0.072435 0.362423 0.074447 0.363450 0.074447 0.388090 0.078471 0.388090 0.078471 0.371663 0.080483 0.370637 0.084507 0.370637 0.086519 0.371663 0.086519 0.387064 0.090543 0.387064 0.090543 0.374743 0.092555 0.373717 0.096579 0.373717 0.098592 0.374743 0.098592 0.388090 0.102616 0.388090 0.102616 0.375770 0.104628 0.374743 0.108652 0.374743 0.108652 0.358316 0.110664 0.357290 0.114688 0.357290 0.116700 0.358316 0.116700 0.379877 0.114688 0.380903 0.114688 0.387064 0.116700 0.388090 0.116700 0.391170 0.124748 0.391170 0.126761 0.392197 0.126761 0.394251 0.124748 0.395277 0.118712 0.395277 0.118712 0.397331 0.120724 0.398357 0.120724 0.420945 0.124748 0.420945 0.124748 0.410678 0.126761 0.409651 0.130785 0.409651 0.132797 0.410678 0.132797 0.417864 0.136821 0.417864 0.136821 0.404517 0.138833 0.403491 0.142857 0.403491 0.144869 0.404517 0.144869 0.448665 0.148893 0.448665 0.148893 0.391170 0.150905 0.390144 0.152918 0.390144 0.152918 0.389117 0.154930 0.388090 0.160966 0.388090 0.160966 0.386037 0.164990 0.383984 0.179074 0.383984 0.181087 0.385010 0.181087 0.387064 0.183099 0.387064 0.185111 0.388090 0.185111 0.393224 0.183099 0.394251 0.181087 0.394251 0.181087 0.432238 0.179074 0.433265 0.179074 0.434292 0.177062 0.435318 0.169014 0.435318 0.169014 0.437372 0.177062 0.437372 0.179074 0.438398 0.179074 0.441478 0.177062 0.442505 0.169014 0.442505 0.169014 0.445585 0.177062 0.445585 0.179074 0.446612 0.179074 0.447639 0.201207 0.447639 0.203219 0.448665 0.207243 0.448665 0.207243 0.438398 0.209256 0.437372 0.213280 0.437372 0.215292 0.438398 0.215292 0.447639 0.219316 0.447639 0.219316 0.420945 0.221328 0.419918 0.221328 0.394251 0.223340 0.393224 0.225352 0.393224 0.225352 0.387064 0.227364 0.386037 0.231388 0.386037 0.235412 0.388090 0.235412 0.394251 0.237425 0.395277 0.237425 0.397331 0.243461 0.397331 0.243461 0.394251 0.245473 0.393224 0.249497 0.393224 0.251509 0.394251 0.251509 0.437372 0.257545 0.437372 0.259557 0.438398 0.259557 0.440452 0.257545 0.441478 0.253521 0.441478 0.253521 0.449692 0.249497 0.451745 0.243461 0.451745 0.243461 0.454825 0.245473 0.455852 0.245473 0.458932 0.243461 0.459959 0.243461 0.460986 0.241449 0.462012 0.237425 0.462012 0.237425 0.468172 0.235412 0.469199 0.235412 0.470226 0.233400 0.471253 0.233400 0.482546 0.235412 0.483573 0.235412 0.489733 0.237425 0.490760 0.237425 0.497947 0.235412 0.498973 0.235412 0.502053 0.233400 0.503080 0.233400 0.510267 0.249497 0.510267 0.251509 0.509240 0.259557 0.509240 0.261569 0.508214 0.265594 0.508214 0.267606 0.509240 0.267606 0.514374 0.265594 0.515400 0.261569 0.515400 0.259557 0.514374 0.259557 0.513347 0.255533 0.513347 0.255533 0.515400 0.253521 0.516427 0.249497 0.516427 0.247485 0.515400 0.247485 0.514374 0.243461 0.514374 0.241449 0.515400 0.233400 0.515400 0.233400 0.534908 0.231388 0.535934 0.231388 0.539014 0.229376 0.540041 0.221328 0.540041 0.219316 0.539014 0.219316 0.517454 0.221328 0.516427 0.223340 0.516427 0.223340 0.510267 0.221328 0.510267 0.219316 0.509240 0.219316 0.505133 0.221328 0.504107 0.221328 0.502053 0.219316 0.501027 0.219316 0.453799 0.215292 0.453799 0.215292 0.509240 0.217304 0.509240 0.219316 0.510267 0.219316 0.518480 0.217304 0.519507 0.209256 0.519507 0.207243 0.518480 0.207243 0.515400 0.203219 0.515400 0.203219 0.528747 0.201207 0.529774 0.197183 0.529774 0.195171 0.528747 0.195171 0.459959 0.197183 0.458932 0.201207 0.458932 0.203219 0.459959 0.203219 0.508214 0.207243 0.508214 0.207243 0.453799 0.203219 0.453799 0.201207 0.454825 0.187123 0.454825 0.185111 0.453799 0.185111 0.452772 0.179074 0.452772 0.179074 0.501027 0.177062 0.502053 0.167002 0.502053 0.167002 0.509240 0.173038 0.509240 0.175050 0.508214 0.183099 0.508214 0.183099 0.486653 0.185111 0.485626 0.189135 0.485626 0.191147 0.486653 0.191147 0.540041 0.189135 0.541068 0.185111 0.541068 0.183099 0.540041 0.183099 0.515400 0.179074 0.515400 0.179074 0.558522 0.175050 0.560575 0.175050 0.562628 0.177062 0.563655 0.177062 0.567762 0.175050 0.568789 0.173038 0.568789 0.173038 0.573922 0.171026 0.574949 0.167002 0.574949 0.164990 0.573922 0.164990 0.567762 0.160966 0.567762 0.158954 0.566735 0.158954 0.546201 0.154930 0.546201 0.154930 0.566735 0.152918 0.567762 0.148893 0.567762 0.146881 0.566735 0.146881 0.531828 0.148893 0.530801 0.152918 0.530801 0.154930 0.531828 0.154930 0.541068 0.158954 0.541068 0.158954 0.529774 0.160966 0.528747 0.164990 0.528747 0.167002 0.529774 0.167002 0.532854 0.171026 0.532854 0.171026 0.527721 0.162978 0.527721 0.160966 0.526694 0.160966 0.524641 0.158954 0.523614 0.158954 0.515400 0.160966 0.514374 0.162978 0.514374 0.162978 0.512320 0.160966 0.512320 0.158954 0.511294 0.158954 0.497947 0.160966 0.496920 0.160966 0.456879 0.156942 0.456879 0.156942 0.472279 0.154930 0.473306 0.150905 0.473306 0.148893 0.472279 0.148893 0.453799 0.144869 0.453799 0.144869 0.480493 0.142857 0.481520 0.138833 0.481520 0.136821 0.480493 0.136821 0.453799 0.132797 0.453799 0.132797 0.501027 0.130785 0.502053 0.126761 0.502053 0.124748 0.501027 0.124748 0.453799 0.120724 0.453799 0.120724 0.468172 0.118712 0.469199 0.118712 0.471253 0.120724 0.472279 0.120724 0.492813 0.118712 0.493840 0.118712 0.495893 0.120724 0.496920 0.120724 0.512320 0.118712 0.513347 0.118712 0.542094 0.120724 0.543121 0.120724 0.548255 0.128773 0.548255 0.130785 0.549281 0.130785 0.567762 0.128773 0.568789 0.124748 0.568789 0.122736 0.567762 0.122736 0.566735 0.118712 0.566735 0.118712 0.567762 0.116700 0.568789 0.114688 0.568789 0.114688 0.570842 0.120724 0.570842 0.122736 0.571869 0.122736 0.573922 0.120724 0.574949 0.114688 0.574949 0.114688 0.577002 0.116700 0.578029 0.116700 0.581109 0.114688 0.582136 0.112676 0.582136 0.112676 0.601643 0.110664 0.602669 0.106640 0.602669 0.104628 0.601643 0.104628 0.570842 0.102616 0.570842 0.100604 0.569815 0.100604 0.566735 0.098592 0.565708 0.098592 0.563655 0.100604 0.562628 0.100604 0.514374 0.096579 0.514374 0.096579 0.527721 0.094567 0.528747 0.090543 0.528747 0.088531 0.527721 0.088531 0.515400 0.084507 0.515400 0.084507 0.548255 0.082495 0.549281 0.078471 0.549281 0.076459 0.548255 0.076459 0.514374 0.072435 0.514374 0.072435 0.550308 0.070423 0.551335 0.066398 0.551335 0.064386 0.550308 0.064386 0.515400 0.060362 0.515400 0.060362 0.569815 0.068410 0.569815 0.070423 0.570842 0.070423 0.573922 0.068410 0.574949 0.060362 0.574949 0.060362 0.582136 0.058350 0.583162 0.054326 0.583162 0.052314 0.582136 0.052314 0.577002 0.048290 0.577002 0.048290 0.579055 0.046278 0.580082 0.042254 0.580082 0.040241 0.579055 0.040241 0.531828 0.042254 0.530801 0.046278 0.530801 0.048290 0.531828 0.052314 0.531828 0.052314 0.529774 0.044266 0.529774 0.040241 0.527721 0.040241 0.522587 0.042254 0.521561 0.042254 0.517454 0.032193 0.517454 0.030181 0.516427 0.030181 0.510267 0.032193 0.509240 0.042254 0.509240 0.042254 0.506160 0.032193 0.506160 0.030181 0.505133 0.030181 0.501027 0.032193 0.500000 0.042254 0.500000 0.042254 0.496920 0.026157 0.496920 0.026157 0.509240 0.024145 0.510267 0.024145 0.514374 0.022133 0.515400 0.014085 0.515400 0.014085 0.521561 0.012072 0.522587 0.008048 0.522587 0.006036 0.521561 0.006036 0.515400 0.000000 0.515400 0.000000 0.541068 0.006036 0.541068 0.006036 0.535934 0.008048 0.534908 0.012072 0.534908 0.014085 0.535934 0.014085 0.537988 0.022133 0.537988 0.024145 0.539014 0.024145 0.541068 0.028169 0.541068 0.028169 0.534908 0.030181 0.533881 0.034205 0.533881 0.036217 0.534908 0.036217 0.592402 0.034205 0.593429 0.030181 0.593429 0.028169 0.592402 0.028169 0.574949 0.024145 0.574949 0.024145 0.599589 0.022133 0.600616 0.020121 0.600616 0.020121 0.602669 0.022133 0.602669 0.024145 0.603696 0.024145 0.614990 0.030181 0.614990 0.032193 0.616016 0.032193 0.619097 0.034205 0.619097 0.036217 0.620123 0.036217 0.622177 0.034205 0.623203 0.034205 0.630390 0.032193 0.631417 0.032193 0.632444 0.030181 0.633470 0.024145 0.633470 0.020121 0.635524 0.012072 0.635524 0.012072 0.659138 0.010060 0.660164 0.006036 0.660164 0.004024 0.659138 0.000000 0.659138 0.000000 0.661191 0.008048 0.661191 0.012072 0.663244 0.012072 0.667351 0.020121 0.667351 0.022133 0.668378 0.022133 0.671458 0.020121 0.672485 0.010060 0.672485 0.010060 0.678645 0.020121 0.678645 0.022133 0.679671 0.022133 0.682752 0.020121 0.683778 0.012072 0.683778 0.012072 0.687885 0.014085 0.687885 0.018109 0.689938 0.018109 0.693018 0.024145 0.693018 0.026157 0.694045 0.026157 0.699179 0.024145 0.700205 0.022133 0.700205 0.022133 0.719713 0.020121 0.720739 0.006036 0.720739 0.004024 0.719713 0.004024 0.716632 0.000000 0.716632 0.000000 0.721766 0.008048 0.721766 0.010060 0.722793 0.010060 0.725873 0.020121 0.725873 0.022133 0.726899 0.022133 0.732033 0.026157 0.732033 0.026157 0.699179 0.028169 0.698152 0.032193 0.698152 0.034205 0.699179 0.034205 0.735113 0.038229 0.735113 0.038229 0.701232 0.040241 0.700205 0.048290 0.700205 0.050302 0.701232 0.050302 0.703285 0.056338 0.703285 0.058350 0.704312 0.058350 0.746407 0.054326 0.748460 0.054326 0.752567 0.052314 0.753593 0.052314 0.754620 0.050302 0.755647 0.050302 0.757700 0.054326 0.757700 0.056338 0.758727 0.056338 0.773101 0.060362 0.773101 0.060362 0.771047 0.062374 0.770021 0.066398 0.770021 0.068410 0.771047 0.068410 0.780287 0.072435 0.780287 0.072435 0.776181 0.074447 0.775154 0.078471 0.775154 0.080483 0.776181 0.080483 0.782341 0.084507 0.782341 0.084507 0.777207 0.086519 0.776181 0.090543 0.776181 0.092555 0.777207 0.092555 0.794661 0.096579 0.794661 0.098592 0.795688 0.098592 0.801848 0.100604 0.802875 0.100604 0.803901 0.106640 0.803901 0.108652 0.804928 0.108652 0.805955 0.112676 0.808008 0.112676 0.812115 0.114688 0.812115 0.116700 0.813142 0.116700 0.815195 0.114688 0.816222 0.110664 0.816222 0.110664 0.823409 0.114688 0.825462 0.114688 0.827515 0.118712 0.827515 0.118712 0.823409 0.120724 0.822382 0.124748 0.822382 0.126761 0.823409 0.126761 0.825462 0.128773 0.826489 0.128773 0.827515 0.132797 0.827515 0.134809 0.828542 0.134809 0.831622 0.138833 0.833676 0.138833 0.837782 0.142857 0.837782 0.142857 0.834702 0.144869 0.833676 0.148893 0.833676 0.150905 0.834702 0.150905 0.842916 0.154930 0.842916 0.154930 0.834702 0.156942 0.833676 0.160966 0.833676 0.162978 0.834702 0.162978 0.838809 0.164990 0.839836 0.164990 0.841889 0.167002 0.842916 0.169014 0.842916 0.171026 0.843943 0.171026 0.848049 0.173038 0.849076 0.173038 0.856263 0.171026 0.857290 0.171026 0.863450 0.164990 0.866530 0.160966 0.866530 0.158954 0.867556 0.154930 0.867556 0.154930 0.871663 0.156942 0.872690 0.160966 0.872690 0.162978 0.871663 0.167002 0.871663 0.169014 0.872690 0.169014 0.873717 0.197183 0.873717 0.197183 0.872690 0.199195 0.871663 0.215292 0.871663 0.215292 0.869610 0.217304 0.868583 0.225352 0.868583 0.227364 0.869610 0.237425 0.869610 0.239437 0.870637 0.243461 0.870637 0.245473 0.871663 0.245473 0.872690 0.249497 0.872690 0.249497 0.870637 0.251509 0.869610 0.259557 0.869610 0.261569 0.870637 0.261569 0.872690 0.263581 0.873717 0.263581 0.876797 0.261569 0.877823 0.257545 0.877823 0.257545 0.886037 0.261569 0.886037 0.261569 0.877823 0.263581 0.876797 0.267606 0.876797 0.269618 0.877823 0.269618 0.879877 0.273642 0.879877 0.273642 0.877823 0.271630 0.877823 0.269618 0.876797 0.269618 0.871663 0.271630 0.870637 0.277666 0.870637 0.281690 0.868583 0.281690 0.865503 0.283702 0.864476 0.291751 0.864476 0.293763 0.865503 0.293763 0.872690 0.297787 0.872690 0.299799 0.871663 0.309859 0.871663 0.309859 0.870637 0.311871 0.869610 0.319920 0.869610 0.319920 0.860370 0.321932 0.859343 0.325956 0.859343 0.327968 0.860370 0.327968 0.866530 0.331992 0.866530 0.331992 0.862423 0.334004 0.861396 0.334004 0.859343 0.336016 0.858316 0.338028 0.858316 0.338028 0.849076 0.340040 0.848049 0.344064 0.848049 0.346076 0.849076 0.346076 0.853183 0.348089 0.854209 0.348089 0.859343 0.346076 0.860370 0.346076 0.862423 0.350101 0.862423 0.352113 0.863450 0.352113 0.869610 0.356137 0.869610 0.356137 0.861396 0.358149 0.860370 0.362173 0.860370 0.364185 0.861396 0.364185 0.867556 0.368209 0.867556 0.368209 0.864476 0.370221 0.863450 0.374245 0.863450 0.376258 0.864476 0.376258 0.867556 0.374245 0.868583 0.372233 0.868583 0.372233 0.870637 0.378270 0.870637 0.380282 0.869610 0.390342 0.869610 0.392354 0.870637 0.392354 0.873717 0.400402 0.873717 0.402414 0.874743 0.402414 0.875770 0.406439 0.877823 0.406439 0.880903 0.410463 0.882957 0.414487 0.882957 0.416499 0.883984 0.416499 0.886037 0.412475 0.888090 0.412475 0.897331 0.410463 0.898357 0.410463 0.901437 0.412475 0.902464 0.412475 0.903491 0.414487 0.903491 0.416499 0.904517 0.416499 0.908624 0.418511 0.908624 0.420523 0.909651 0.420523 0.911704 0.422535 0.912731 0.422535 0.914784 0.426559 0.914784 0.428571 0.915811 0.428571 0.917864 0.426559 0.918891 0.426559 0.920945 0.424547 0.921971 0.422535 0.921971 0.418511 0.924025 0.418511 0.925051 0.416499 0.926078 0.414487 0.926078 0.414487 0.929158 0.418511 0.931211 0.418511 0.933265 0.420523 0.934292 0.420523 0.935318 0.422535 0.936345 0.422535 0.939425 0.424547 0.939425 0.428571 0.941478 0.428571 0.942505 0.430584 0.943532 0.430584 0.944559 0.432596 0.945585 0.432596 0.946612 0.434608 0.946612 0.436620 0.947639 0.436620 0.948665 0.438632 0.949692 0.438632 0.951745 0.440644 0.952772 0.440644 0.956879 0.444668 0.958932 0.444668 0.959959 0.446680 0.960986 0.446680 0.962012 0.450704 0.962012 0.452716 0.963039 0.452716 0.967146 0.456740 0.967146 0.456740 0.964066 0.454728 0.963039 0.454728 0.958932 0.456740 0.957906 0.456740 0.953799 0.458753 0.952772 0.462777 0.952772 0.466801 0.954825 0.466801 0.957906 0.464789 0.958932 0.464789 0.973306 0.466801 0.974333 0.466801 0.977413 0.468813 0.977413 0.470825 0.978439 0.470825 0.981520 0.472837 0.981520 0.474849 0.982546 0.474849 0.986653 0.472837 0.987680 0.464789 0.987680 0.464789 0.989733 0.470825 0.989733 0.474849 0.991786 0.474849 0.994867 0.480885 0.994867 0.482897 0.993840 0.484909 0.993840 0.484909 0.990760 0.486922 0.989733 0.488934 0.989733 0.490946 0.988706 0.490946 0.985626 0.488934 0.984600 0.488934 0.983573 0.486922 0.983573 0.484909 0.982546 0.484909 0.972279 0.486922 0.971253 0.490946 0.971253 0.492958 0.972279 0.492958 0.976386 0.498994 0.976386 0.498994 0.973306 0.501006 0.972279 0.501006 0.968172 0.503018 0.967146 0.507042 0.967146 0.509054 0.968172 0.509054 0.973306 0.511066 0.974333 0.515091 0.974333 0.517103 0.973306 0.517103 0.969199 0.515091 0.968172 0.515091 0.965092 0.517103 0.964066 0.521127 0.964066 0.523139 0.965092 0.523139 0.966119 0.527163 0.966119 0.527163 0.965092 0.529175 0.964066 0.535211 0.964066 0.535211 0.960986 0.537223 0.959959 0.543260 0.959959 0.545272 0.960986 0.545272 0.962012 0.549296 0.962012 0.551308 0.963039 0.551308 0.966119 0.553320 0.967146 0.553320 0.970226 0.555332 0.970226 0.557344 0.971253 0.557344 0.973306 0.555332 0.974333 0.553320 0.974333 0.553320 0.977413 0.557344 0.977413 0.557344 0.975359 0.559356 0.974333 0.563380 0.974333 0.563380 0.971253 0.565392 0.970226 0.567404 0.970226 0.567404 0.967146 0.563380 0.965092 0.563380 0.963039 0.559356 0.963039 0.557344 0.962012 0.557344 0.956879 0.559356 0.955852 0.563380 0.955852 0.565392 0.956879 0.569416 0.956879 0.569416 0.954825 0.571429 0.953799 0.571429 0.951745 0.575453 0.949692 0.581489 0.949692 0.583501 0.950719 0.583501 0.953799 0.587525 0.953799 0.589537 0.952772 0.597586 0.952772 0.599598 0.953799 0.599598 0.955852 0.603622 0.955852 0.603622 0.950719 0.605634 0.949692 0.611670 0.949692 0.613682 0.950719 0.613682 0.952772 0.615694 0.953799 0.615694 0.964066 0.613682 0.965092 0.611670 0.965092 0.611670 0.967146 0.609658 0.968172 0.601610 0.968172 0.601610 0.970226 0.603622 0.971253 0.603622 0.978439 0.601610 0.979466 0.599598 0.979466 0.599598 0.982546 0.603622 0.982546 0.603622 0.980493 0.605634 0.979466 0.609658 0.979466 0.611670 0.980493 0.611670 0.985626 0.615694 0.985626 0.615694 0.977413 0.617706 0.976386 0.627767 0.976386 0.627767 0.975359 0.629779 0.974333 0.631791 0.974333 0.633803 0.973306 0.633803 0.969199 0.635815 0.968172 0.641851 0.968172 0.641851 0.965092 0.639839 0.964066 0.639839 0.959959 0.641851 0.958932 0.643863 0.958932 0.643863 0.956879 0.637827 0.956879 0.635815 0.955852 0.635815 0.951745 0.633803 0.950719 0.633803 0.949692 0.631791 0.948665 0.631791 0.946612 0.629779 0.946612 0.627767 0.945585 0.627767 0.943532 0.629779 0.942505 0.631791 0.942505 0.631791 0.939425 0.625755 0.939425 0.623742 0.938398 0.623742 0.934292 0.625755 0.933265 0.633803 0.933265 0.635815 0.932238 0.635815 0.929158 0.637827 0.928131 0.643863 0.928131 0.643863 0.920945 0.647887 0.918891 0.651911 0.918891 0.651911 0.908624 0.649899 0.908624 0.647887 0.907598 0.647887 0.904517 0.645875 0.903491 0.645875 0.901437 0.637827 0.901437 0.635815 0.900411 0.635815 0.898357 0.633803 0.898357 0.629779 0.896304 0.629779 0.895277 0.627767 0.894251 0.627767 0.887064 0.629779 0.886037 0.629779 0.883984 0.631791 0.882957 0.631791 0.880903 0.633803 0.879877 0.635815 0.879877 0.635815 0.877823 0.633803 0.876797 0.633803 0.874743 0.635815 0.873717 0.635815 0.872690 0.637827 0.871663 0.649899 0.871663 0.651911 0.872690 0.655936 0.872690 0.657948 0.871663 0.665996 0.871663 0.668008 0.872690 0.668008 0.882957 0.670020 0.882957 0.672032 0.883984 0.672032 0.904517 0.676056 0.904517 0.676056 0.895277 0.678068 0.894251 0.678068 0.889117 0.680080 0.888090 0.680080 0.883984 0.682093 0.882957 0.688129 0.882957 0.688129 0.878850 0.686117 0.878850 0.684105 0.877823 0.684105 0.874743 0.686117 0.873717 0.694165 0.873717 0.694165 0.872690 0.696177 0.871663 0.700201 0.871663 0.702213 0.872690 0.702213 0.880903 0.704225 0.880903 0.706237 0.881930 0.706237 0.883984 0.708249 0.885010 0.708249 0.887064 0.712274 0.887064 0.712274 0.886037 0.714286 0.885010 0.722334 0.885010 0.722334 0.882957 0.724346 0.881930 0.728370 0.881930 0.730382 0.882957 0.730382 0.890144 0.740443 0.890144 0.742455 0.891170 0.742455 0.894251 0.746479 0.894251 0.746479 0.886037 0.748491 0.885010 0.752515 0.885010 0.752515 0.882957 0.750503 0.882957 0.748491 0.881930 0.740443 0.881930 0.738431 0.880903 0.736419 0.880903 0.734406 0.879877 0.730382 0.879877 0.726358 0.877823 0.720322 0.877823 0.718310 0.876797 0.718310 0.874743 0.720322 0.873717 0.724346 0.873717 0.726358 0.872690 0.746479 0.872690 0.746479 0.868583 0.742455 0.868583 0.740443 0.869610 0.726358 0.869610 0.724346 0.868583 0.724346 0.865503 0.726358 0.864476 0.736419 0.864476 0.736419 0.862423 0.738431 0.861396 0.746479 0.861396 0.746479 0.833676 0.738431 0.833676 0.736419 0.832649 0.736419 0.827515 0.732394 0.827515 0.732394 0.832649 0.730382 0.833676 0.730382 0.839836 0.728370 0.840862 0.724346 0.840862 0.722334 0.839836 0.722334 0.833676 0.724346 0.832649 0.724346 0.820329 0.720322 0.820329 0.720322 0.834702 0.718310 0.835729 0.714286 0.835729 0.712274 0.834702 0.712274 0.819302 0.710262 0.819302 0.708249 0.818275 0.708249 0.812115 0.710262 0.811088 0.712274 0.811088 0.712274 0.770021 0.714286 0.768994 0.718310 0.768994 0.720322 0.770021 0.724346 0.770021 0.724346 0.766940 0.716298 0.766940 0.714286 0.765914 0.714286 0.762834 0.716298 0.761807 0.724346 0.761807 0.724346 0.756674 0.720322 0.756674 0.718310 0.755647 0.718310 0.752567 0.720322 0.751540 0.724346 0.751540 0.724346 0.737166 0.726358 0.736140 0.730382 0.736140 0.732394 0.737166 0.732394 0.744353 0.736419 0.744353 0.736419 0.736140 0.738431 0.735113 0.742455 0.735113 0.744467 0.736140 0.744467 0.742300 0.748491 0.742300 0.748491 0.728953 0.750503 0.727926 0.750503 0.726899 0.752515 0.725873 0.752515 0.722793 0.754527 0.721766 0.756539 0.721766 0.756539 0.704312 0.758551 0.703285 0.764588 0.703285 0.764588 0.701232 0.758551 0.701232 0.756539 0.700205 0.756539 0.697125 0.754527 0.696099 0.754527 0.693018 0.756539 0.691992 0.756539 0.689938 0.758551 0.688912 0.766600 0.688912 0.768612 0.689938 0.768612 0.690965 0.772636 0.690965 0.772636 0.677618 0.758551 0.677618 0.756539 0.676591 0.756539 0.675565 0.754527 0.675565 0.752515 0.674538 0.752515 0.672485 0.750503 0.671458 0.750503 0.661191 0.742455 0.661191 0.738431 0.659138 0.738431 0.647844 0.740443 0.646817 0.744467 0.646817 0.746479 0.647844 0.746479 0.657084 0.750503 0.657084 0.750503 0.646817 0.748491 0.645791 0.748491 0.642710 0.740443 0.642710 0.738431 0.641684 0.738431 0.639630 0.740443 0.638604 0.750503 0.638604 0.752515 0.637577 0.756539 0.637577 0.758551 0.636550 0.766600 0.636550 0.768612 0.637577 0.768612 0.638604 0.770624 0.639630 0.770624 0.654004 0.778672 0.654004 0.780684 0.655031 0.780684 0.689938 0.784708 0.689938 0.784708 0.641684 0.786720 0.640657 0.790744 0.640657 0.792757 0.641684 0.792757 0.689938 0.796781 0.689938 0.796781 0.638604 0.798793 0.637577 0.802817 0.637577 0.804829 0.638604 0.804829 0.689938 0.808853 0.689938 0.808853 0.637577 0.806841 0.637577 0.804829 0.636550 0.804829 0.635524 0.798793 0.635524 0.798793 0.637577 0.796781 0.638604 0.788732 0.638604 0.786720 0.637577 0.776660 0.637577 0.774648 0.636550 0.770624 0.636550 0.768612 0.635524 0.768612 0.634497 0.762575 0.634497 0.760563 0.635524 0.754527 0.635524 0.752515 0.634497 0.752515 0.632444 0.750503 0.631417 0.750503 0.606776 0.752515 0.605749 0.760563 0.605749 0.762575 0.606776 0.762575 0.607803 0.768612 0.607803 0.770624 0.608830 0.770624 0.610883 0.768612 0.611910 0.768612 0.622177 0.770624 0.623203 0.770624 0.630390 0.774648 0.630390 0.776660 0.629363 0.790744 0.629363 0.792757 0.630390 0.796781 0.630390 0.796781 0.620123 0.798793 0.619097 0.802817 0.619097 0.804829 0.620123 0.804829 0.630390 0.808853 0.630390 0.808853 0.613963 0.810865 0.612936 0.810865 0.599589 0.808853 0.598563 0.808853 0.578029 0.810865 0.577002 0.814889 0.577002 0.814889 0.570842 0.810865 0.568789 0.810865 0.530801 0.812877 0.529774 0.816901 0.529774 0.816901 0.526694 0.812877 0.526694 0.810865 0.525667 0.810865 0.515400 0.808853 0.515400 0.806841 0.514374 0.806841 0.512320 0.808853 0.511294 0.810865 0.511294 0.810865 0.487680 0.814889 0.485626 0.816901 0.485626 0.816901 0.483573 0.814889 0.483573 0.810865 0.481520 0.810865 0.466119 0.812877 0.465092 0.816901 0.465092 0.816901 0.460986 0.818913 0.459959 0.822938 0.459959 0.824950 0.460986 0.824950 0.467146 0.828974 0.467146 0.830986 0.468172 0.830986 0.479466 0.828974 0.480493 0.824950 0.480493 0.824950 0.485626 0.828974 0.485626 0.830986 0.486653 0.830986 0.510267 0.832998 0.510267 0.835010 0.511294 0.835010 0.514374 0.832998 0.515400 0.828974 0.515400 0.828974 0.526694 0.826962 0.527721 0.824950 0.527721 0.824950 0.530801 0.826962 0.530801 0.828974 0.531828 0.828974 0.569815 0.832998 0.569815 0.832998 0.552361 0.835010 0.551335 0.839034 0.551335 0.841046 0.552361 0.841046 0.567762 0.845070 0.567762 0.845070 0.547228 0.847082 0.546201 0.851107 0.546201 0.853119 0.547228 0.853119 0.569815 0.857143 0.569815 0.857143 0.537988 0.859155 0.536961 0.863179 0.536961 0.865191 0.537988 0.865191 0.549281 0.869215 0.549281 0.869215 0.532854 0.871227 0.531828 0.871227 0.529774 0.873239 0.528747 0.879276 0.528747 0.881288 0.529774 0.881288 0.531828 0.887324 0.531828 0.889336 0.532854 0.889336 0.551335 0.887324 0.552361 0.887324 0.569815 0.885312 0.570842 0.883300 0.570842 0.883300 0.577002 0.881288 0.578029 0.871227 0.578029 0.869215 0.577002 0.865191 0.577002 0.865191 0.599589 0.869215 0.599589 0.869215 0.589322 0.871227 0.588296 0.883300 0.588296 0.887324 0.590349 0.887324 0.592402 0.885312 0.593429 0.885312 0.599589 0.883300 0.600616 0.881288 0.600616 0.881288 0.607803 0.883300 0.607803 0.885312 0.608830 0.885312 0.612936 0.883300 0.613963 0.871227 0.613963 0.869215 0.612936 0.869215 0.606776 0.871227 0.605749 0.871227 0.603696 0.865191 0.603696 0.865191 0.604723 0.863179 0.605749 0.859155 0.605749 0.857143 0.604723 0.857143 0.578029 0.853119 0.578029 0.851107 0.577002 0.851107 0.573922 0.847082 0.573922 0.847082 0.577002 0.845070 0.578029 0.841046 0.578029 0.841046 0.628337 0.839034 0.629363 0.835010 0.629363 0.832998 0.628337 0.832998 0.577002 0.828974 0.577002 0.828974 0.659138 0.826962 0.660164 0.826962 0.668378 0.832998 0.668378 0.832998 0.666324 0.835010 0.665298 0.845070 0.665298 0.847082 0.664271 0.855131 0.664271 0.855131 0.662218 0.847082 0.662218 0.845070 0.661191 0.845070 0.652977 0.847082 0.651951 0.869215 0.651951 0.869215 0.623203 0.871227 0.622177 0.885312 0.622177 0.887324 0.623203 0.887324 0.629363 0.891348 0.629363 0.891348 0.619097 0.893360 0.618070 0.897384 0.618070 0.899396 0.619097 0.899396 0.651951 0.903421 0.651951 0.903421 0.603696 0.905433 0.602669 0.909457 0.602669 0.911469 0.603696 0.911469 0.633470 0.915493 0.633470 0.915493 0.577002 0.913481 0.577002 0.911469 0.575975 0.911469 0.572895 0.913481 0.571869 0.915493 0.571869 0.915493 0.570842 0.917505 0.569815 0.921529 0.569815 0.923541 0.570842 0.927565 0.570842 0.927565 0.549281 0.929577 0.548255 0.929577 0.516427 0.931590 0.515400 0.935614 0.515400 0.935614 0.510267 0.931590 0.510267 0.929577 0.509240 0.929577 0.457906 0.931590 0.456879 0.931590 0.454825 0.933602 0.453799 0.935614 0.453799 0.935614 0.448665 0.933602 0.447639 0.933602 0.442505 0.931590 0.441478 0.931590 0.438398 0.933602 0.437372 0.947686 0.437372 0.949698 0.438398 0.949698 0.452772 0.947686 0.453799 0.947686 0.455852 0.949698 0.456879 0.949698 0.478439 0.947686 0.479466 0.947686 0.483573 0.949698 0.484600 0.949698 0.492813 0.947686 0.493840 0.947686 0.509240 0.955734 0.509240 0.957746 0.510267 0.957746 0.515400 0.955734 0.516427 0.947686 0.516427 0.947686 0.524641 0.945674 0.525667 0.945674 0.529774 0.947686 0.530801 0.947686 0.571869 0.951710 0.571869 0.951710 0.536961 0.953722 0.535934 0.957746 0.535934 0.959759 0.536961 0.959759 0.570842 0.963783 0.570842 0.963783 0.535934 0.965795 0.534908 0.969819 0.534908 0.971831 0.535934 0.971831 0.569815 0.975855 0.569815 0.975855 0.516427 0.967807 0.516427 0.965795 0.515400 0.965795 0.513347 0.967807 0.512320 0.975855 0.512320 0.975855 0.502053 0.977867 0.501027 0.981891 0.501027 0.983903 0.502053 0.983903 0.512320 0.981891 0.513347 0.979879 0.513347 0.979879 0.515400 0.981891 0.515400 0.983903 0.516427 0.983903 0.542094 0.987928 0.542094 0.987928 0.517454 0.985915 0.517454 0.983903 0.516427 0.983903 0.511294 0.985915 0.510267 0.987928 0.510267 0.987928 0.501027 0.989940 0.500000 0.989940 0.497947 0.987928 0.496920 0.987928 0.493840 0.989940 0.492813 0.989940 0.464066 0.991952 0.463039 0.997988 0.463039 0.997988 0.457906 0.991952 0.457906 0.989940 0.456879 0.989940 0.454825 0.985915 0.454825 0.983903 0.453799 0.983903 0.451745 0.985915 0.450719 0.989940 0.450719 0.989940 0.443532 0.991952 0.442505 0.997988 0.442505 0.997988 0.426078 0.991952 0.426078 0.989940 0.425051 0.989940 0.421971 0.991952 0.420945 0.997988 0.420945 0.997988 0.000000 0.358149 0.000000 0.358149 0.035934 0.356137 0.036961 0.352113 0.036961 0.350101 0.035934 0.350101 0.000000 0.126761 0.000000 0.126761 0.004107 0.124748 0.005133 0.124748 0.007187 0.126761 0.008214 0.126761 0.020534 0.124748 0.021561 0.124748 0.023614 0.122736 0.024641 0.120724 0.024641 0.120724 0.030801 0.122736 0.030801 0.124748 0.031828 0.124748 0.040041 0.126761 0.041068 0.126761 0.044148 0.130785 0.044148 0.130785 0.040041 0.132797 0.039014 0.136821 0.039014 0.138833 0.040041 0.138833 0.081109 0.136821 0.082136 0.136821 0.084189 0.134809 0.085216 0.130785 0.085216 0.130785 0.087269 0.128773 0.088296 0.120724 0.088296 0.120724 0.092402 0.124748 0.092402 0.126761 0.093429 0.126761 0.096509 0.124748 0.097536 0.124748 0.107803 0.126761 0.107803 0.128773 0.108830 0.128773 0.112936 0.126761 0.113963 0.118712 0.113963 0.118712 0.117043 0.120724 0.118070 0.120724 0.121150 0.116700 0.123203 0.112676 0.123203 0.110664 0.122177 0.110664 0.114990 0.108652 0.114990 0.106640 0.113963 0.106640 0.102669 0.104628 0.101643 0.104628 0.095483 0.106640 0.094456 0.106640 0.092402 0.108652 0.091376 0.112676 0.091376 0.112676 0.089322 0.110664 0.088296 0.110664 0.086242 0.108652 0.086242 0.106640 0.085216 0.106640 0.083162 0.102616 0.083162 0.100604 0.084189 0.096579 0.084189 0.094567 0.083162 0.094567 0.040041 0.096579 0.039014 0.100604 0.039014 0.102616 0.040041 0.102616 0.049281 0.106640 0.049281 0.106640 0.031828 0.108652 0.030801 0.112676 0.030801 0.112676 0.024641 0.108652 0.024641 0.106640 0.023614 0.106640 0.010267 0.098592 0.010267 0.096579 0.009240 0.096579 0.003080 0.098592 0.002053 0.106640 0.002053 0.106640 0.000000 0.044266 0.000000 0.044266 0.007187 0.052314 0.007187 0.054326 0.008214 0.054326 0.022587 0.052314 0.023614 0.038229 0.023614 0.036217 0.022587 0.036217 0.000000