0 0.000000 0.854412 0.000000 0.888235 0.011811 0.888235 0.011811 0.854412
0 0.814961 0.810294 0.814961 0.845588 0.822835 0.845588 0.822835 0.826471 0.826772 0.825000 0.846457 0.825000 0.846457 0.822059 0.826772 0.822059 0.822835 0.820588 0.822835 0.810294
0 0.000000 0.810294 0.000000 0.845588 0.011811 0.845588 0.011811 0.810294
0 0.000000 0.767647 0.000000 0.804412 0.011811 0.804412 0.011811 0.767647
0 0.000000 0.722059 0.000000 0.758824 0.011811 0.758824 0.011811 0.722059
0 0.326772 0.705882 0.326772 0.742647 0.334646 0.742647 0.334646 0.705882
0 0.165354 0.688235 0.165354 0.742647 0.173228 0.742647 0.173228 0.688235
0 0.141732 0.686765 0.141732 0.711765 0.137795 0.713235 0.129921 0.713235 0.125984 0.711765 0.125984 0.702941 0.118110 0.702941 0.118110 0.716176 0.137795 0.716176 0.141732 0.717647 0.149606 0.717647 0.149606 0.686765
0 0.685039 0.680882 0.685039 0.688235 0.681102 0.689706 0.681102 0.704412 0.677165 0.705882 0.677165 0.708824 0.681102 0.710294 0.681102 0.729412 0.685039 0.730882 0.685039 0.738235 0.681102 0.739706 0.681102 0.745588 0.677165 0.747059 0.673228 0.747059 0.673228 0.752941 0.669291 0.754412 0.665354 0.754412 0.665354 0.755882 0.661417 0.757353 0.661417 0.760294 0.692913 0.760294 0.692913 0.757353 0.696850 0.755882 0.704724 0.755882 0.704724 0.729412 0.700787 0.727941 0.700787 0.726471 0.696850 0.726471 0.692913 0.725000 0.692913 0.697059 0.696850 0.695588 0.696850 0.692647 0.692913 0.691176 0.692913 0.680882
0 0.000000 0.680882 0.000000 0.716176 0.011811 0.716176 0.011811 0.680882
0 0.452756 0.648529 0.452756 0.650000 0.448819 0.651471 0.444882 0.651471 0.444882 0.657353 0.452756 0.657353 0.456693 0.658824 0.456693 0.660294 0.464567 0.660294 0.468504 0.661765 0.468504 0.664706 0.464567 0.666176 0.456693 0.666176 0.456693 0.669118 0.464567 0.669118 0.464567 0.666176 0.468504 0.664706 0.476378 0.664706 0.476378 0.663235 0.480315 0.661765 0.488189 0.661765 0.492126 0.660294 0.496063 0.660294 0.496063 0.655882 0.500000 0.654412 0.500000 0.651471 0.492126 0.651471 0.488189 0.650000 0.488189 0.648529 0.480315 0.648529 0.480315 0.651471 0.476378 0.652941 0.468504 0.652941 0.464567 0.651471 0.464567 0.648529
0 0.397638 0.636765 0.397638 0.645588 0.393701 0.647059 0.389764 0.647059 0.385827 0.648529 0.338583 0.648529 0.338583 0.654412 0.334646 0.655882 0.318898 0.655882 0.318898 0.658824 0.334646 0.658824 0.338583 0.660294 0.338583 0.661765 0.342520 0.663235 0.342520 0.669118 0.385827 0.669118 0.389764 0.670588 0.397638 0.670588 0.397638 0.666176 0.374016 0.666176 0.370079 0.664706 0.370079 0.658824 0.354331 0.658824 0.350394 0.657353 0.350394 0.652941 0.354331 0.651471 0.397638 0.651471 0.397638 0.650000 0.401575 0.648529 0.405512 0.648529 0.405512 0.636765
0 0.212598 0.636765 0.212598 0.673529 0.220472 0.673529 0.220472 0.636765
0 0.468504 0.601471 0.468504 0.629412 0.476378 0.629412 0.476378 0.611765 0.480315 0.610294 0.488189 0.610294 0.492126 0.611765 0.492126 0.625000 0.507874 0.625000 0.511811 0.626471 0.511811 0.630882 0.523622 0.630882 0.523622 0.622059 0.503937 0.622059 0.500000 0.620588 0.500000 0.616176 0.503937 0.614706 0.523622 0.614706 0.523622 0.611765 0.503937 0.611765 0.500000 0.610294 0.500000 0.605882 0.480315 0.605882 0.476378 0.604412 0.476378 0.601471
0 0.444882 0.541176 0.444882 0.585294 0.452756 0.585294 0.452756 0.541176
0 0.212598 0.489706 0.212598 0.494118 0.208661 0.495588 0.204724 0.495588 0.200787 0.497059 0.200787 0.500000 0.220472 0.500000 0.224409 0.501471 0.232283 0.501471 0.236220 0.500000 0.244094 0.500000 0.248031 0.501471 0.279528 0.501471 0.283465 0.500000 0.314961 0.500000 0.318898 0.501471 0.346457 0.501471 0.350394 0.500000 0.350394 0.497059 0.338583 0.497059 0.334646 0.495588 0.334646 0.494118 0.326772 0.494118 0.326772 0.495588 0.322835 0.497059 0.303150 0.497059 0.299213 0.495588 0.283465 0.495588 0.279528 0.497059 0.236220 0.497059 0.232283 0.495588 0.232283 0.494118 0.224409 0.494118 0.220472 0.492647 0.220472 0.489706
0 0.358268 0.475000 0.358268 0.477941 0.362205 0.479412 0.362205 0.482353 0.366142 0.483824 0.366142 0.485294 0.370079 0.485294 0.374016 0.486765 0.381890 0.486765 0.385827 0.488235 0.385827 0.495588 0.381890 0.497059 0.370079 0.497059 0.370079 0.500000 0.417323 0.500000 0.417323 0.486765 0.409449 0.486765 0.405512 0.485294 0.405512 0.480882 0.397638 0.480882 0.393701 0.482353 0.385827 0.482353 0.381890 0.480882 0.381890 0.479412 0.377953 0.479412 0.374016 0.477941 0.374016 0.476471 0.370079 0.476471 0.366142 0.475000
0 0.208661 0.022059 0.204724 0.023529 0.204724 0.033824 0.208661 0.035294 0.208661 0.051471 0.200787 0.054412 0.188976 0.054412 0.185039 0.052941 0.185039 0.048529 0.173228 0.048529 0.169291 0.047059 0.169291 0.045588 0.165354 0.044118 0.165354 0.042647 0.141732 0.042647 0.137795 0.041176 0.129921 0.041176 0.129921 0.044118 0.137795 0.047059 0.137795 0.048529 0.153543 0.048529 0.157480 0.050000 0.157480 0.052941 0.153543 0.054412 0.153543 0.060294 0.157480 0.061765 0.165354 0.061765 0.165354 0.060294 0.169291 0.058824 0.192913 0.058824 0.196850 0.060294 0.200787 0.060294 0.204724 0.061765 0.204724 0.066176 0.216535 0.066176 0.220472 0.067647 0.220472 0.070588 0.224409 0.072059 0.224409 0.075000 0.228346 0.076471 0.228346 0.079412 0.224409 0.080882 0.212598 0.080882 0.212598 0.085294 0.228346 0.085294 0.232283 0.086765 0.232283 0.094118 0.228346 0.095588 0.228346 0.101471 0.224409 0.102941 0.224409 0.107353 0.220472 0.108824 0.220472 0.136765 0.212598 0.139706 0.212598 0.141176 0.208661 0.142647 0.188976 0.142647 0.185039 0.141176 0.185039 0.138235 0.181102 0.138235 0.177165 0.136765 0.177165 0.125000 0.165354 0.125000 0.161417 0.123529 0.161417 0.120588 0.157480 0.119118 0.157480 0.111765 0.149606 0.108824 0.149606 0.095588 0.153543 0.094118 0.153543 0.080882 0.145669 0.080882 0.145669 0.092647 0.141732 0.094118 0.137795 0.094118 0.133858 0.095588 0.133858 0.097059 0.129921 0.098529 0.129921 0.104412 0.133858 0.105882 0.133858 0.108824 0.137795 0.110294 0.137795 0.119118 0.133858 0.120588 0.129921 0.120588 0.129921 0.122059 0.125984 0.123529 0.118110 0.123529 0.114173 0.122059 0.114173 0.120588 0.106299 0.120588 0.102362 0.122059 0.090551 0.122059 0.086614 0.123529 0.086614 0.126471 0.094488 0.126471 0.098425 0.125000 0.106299 0.125000 0.110236 0.126471 0.110236 0.130882 0.106299 0.132353 0.106299 0.133824 0.102362 0.135294 0.090551 0.135294 0.090551 0.139706 0.102362 0.139706 0.106299 0.141176 0.106299 0.152941 0.114173 0.152941 0.114173 0.151471 0.118110 0.150000 0.118110 0.147059 0.122047 0.145588 0.129921 0.145588 0.129921 0.142647 0.125984 0.142647 0.122047 0.141176 0.122047 0.133824 0.118110 0.132353 0.118110 0.129412 0.122047 0.127941 0.129921 0.127941 0.133858 0.129412 0.133858 0.132353 0.141732 0.132353 0.145669 0.133824 0.145669 0.138235 0.149606 0.138235 0.153543 0.139706 0.153543 0.155882 0.141732 0.160294 0.133858 0.160294 0.133858 0.164706 0.122047 0.169118 0.114173 0.169118 0.114173 0.170588 0.110236 0.172059 0.110236 0.175000 0.106299 0.176471 0.106299 0.179412 0.098425 0.182353 0.098425 0.186765 0.094488 0.188235 0.094488 0.197059 0.129921 0.197059 0.129921 0.185294 0.133858 0.183824 0.141732 0.183824 0.141732 0.177941 0.145669 0.176471 0.161417 0.176471 0.165354 0.177941 0.165354 0.179412 0.177165 0.179412 0.185039 0.182353 0.185039 0.186765 0.177165 0.189706 0.177165 0.194118 0.181102 0.195588 0.181102 0.197059 0.185039 0.198529 0.185039 0.204412 0.196850 0.204412 0.204724 0.207353 0.204724 0.225000 0.212598 0.225000 0.212598 0.223529 0.216535 0.222059 0.224409 0.222059 0.228346 0.223529 0.244094 0.223529 0.248031 0.225000 0.248031 0.238235 0.251969 0.239706 0.251969 0.242647 0.236220 0.248529 0.220472 0.248529 0.216535 0.250000 0.208661 0.250000 0.208661 0.252941 0.204724 0.254412 0.204724 0.260294 0.208661 0.260294 0.212598 0.261765 0.212598 0.282353 0.220472 0.282353 0.220472 0.257353 0.224409 0.255882 0.236220 0.255882 0.236220 0.254412 0.240157 0.252941 0.251969 0.252941 0.255906 0.254412 0.255906 0.257353 0.251969 0.258824 0.244094 0.258824 0.244094 0.261765 0.263780 0.261765 0.267717 0.263235 0.267717 0.270588 0.263780 0.272059 0.259843 0.272059 0.259843 0.282353 0.267717 0.282353 0.271654 0.283824 0.271654 0.288235 0.275591 0.289706 0.275591 0.292647 0.271654 0.294118 0.271654 0.295588 0.267717 0.297059 0.267717 0.298529 0.263780 0.300000 0.248031 0.300000 0.244094 0.298529 0.244094 0.297059 0.236220 0.297059 0.236220 0.300000 0.232283 0.301471 0.224409 0.301471 0.220472 0.300000 0.220472 0.298529 0.212598 0.298529 0.208661 0.297059 0.208661 0.294118 0.212598 0.292647 0.220472 0.292647 0.220472 0.289706 0.212598 0.289706 0.212598 0.291176 0.208661 0.292647 0.192913 0.292647 0.185039 0.289706 0.185039 0.285294 0.181102 0.285294 0.173228 0.282353 0.173228 0.280882 0.169291 0.280882 0.165354 0.279412 0.165354 0.276471 0.169291 0.275000 0.173228 0.275000 0.173228 0.272059 0.145669 0.272059 0.145669 0.275000 0.149606 0.275000 0.153543 0.276471 0.153543 0.280882 0.161417 0.283824 0.165354 0.283824 0.169291 0.285294 0.169291 0.291176 0.173228 0.292647 0.173228 0.295588 0.169291 0.297059 0.165354 0.297059 0.165354 0.300000 0.177165 0.300000 0.177165 0.298529 0.181102 0.297059 0.192913 0.297059 0.196850 0.298529 0.196850 0.302941 0.200787 0.304412 0.200787 0.305882 0.212598 0.305882 0.216535 0.307353 0.216535 0.311765 0.212598 0.313235 0.212598 0.314706 0.208661 0.316176 0.208661 0.320588 0.216535 0.320588 0.220472 0.322059 0.220472 0.329412 0.216535 0.330882 0.216535 0.335294 0.220472 0.336765 0.220472 0.339706 0.216535 0.341176 0.212598 0.341176 0.212598 0.370588 0.220472 0.370588 0.220472 0.358824 0.224409 0.357353 0.232283 0.357353 0.236220 0.358824 0.236220 0.361765 0.244094 0.361765 0.244094 0.350000 0.240157 0.350000 0.236220 0.348529 0.236220 0.341176 0.240157 0.339706 0.255906 0.339706 0.259843 0.341176 0.259843 0.344118 0.267717 0.344118 0.267717 0.341176 0.271654 0.339706 0.279528 0.339706 0.279528 0.335294 0.275591 0.333824 0.275591 0.329412 0.287402 0.325000 0.303150 0.325000 0.307087 0.323529 0.326772 0.323529 0.326772 0.320588 0.330709 0.319118 0.338583 0.319118 0.342520 0.320588 0.342520 0.322059 0.346457 0.323529 0.346457 0.329412 0.338583 0.332353 0.318898 0.332353 0.318898 0.333824 0.311024 0.336765 0.303150 0.336765 0.303150 0.341176 0.299213 0.342647 0.295276 0.342647 0.295276 0.345588 0.311024 0.345588 0.314961 0.347059 0.314961 0.355882 0.311024 0.357353 0.295276 0.357353 0.295276 0.358824 0.291339 0.360294 0.287402 0.360294 0.279528 0.363235 0.275591 0.363235 0.275591 0.366176 0.271654 0.367647 0.267717 0.367647 0.263780 0.369118 0.259843 0.369118 0.259843 0.370588 0.255906 0.372059 0.251969 0.372059 0.251969 0.376471 0.248031 0.377941 0.248031 0.386765 0.240157 0.389706 0.236220 0.389706 0.232283 0.391176 0.232283 0.394118 0.240157 0.394118 0.244094 0.395588 0.244094 0.401471 0.287402 0.401471 0.291339 0.402941 0.291339 0.407353 0.287402 0.408824 0.287402 0.413235 0.283465 0.414706 0.283465 0.417647 0.279528 0.419118 0.279528 0.435294 0.283465 0.435294 0.291339 0.438235 0.291339 0.447059 0.295276 0.448529 0.295276 0.451471 0.303150 0.451471 0.303150 0.445588 0.307087 0.444118 0.318898 0.444118 0.322835 0.445588 0.322835 0.448529 0.318898 0.450000 0.318898 0.455882 0.314961 0.457353 0.311024 0.457353 0.307087 0.458824 0.307087 0.461765 0.311024 0.461765 0.314961 0.463235 0.314961 0.479412 0.326772 0.479412 0.326772 0.476471 0.330709 0.475000 0.334646 0.475000 0.334646 0.472059 0.338583 0.470588 0.338583 0.463235 0.342520 0.461765 0.350394 0.461765 0.350394 0.455882 0.354331 0.454412 0.358268 0.454412 0.358268 0.438235 0.362205 0.436765 0.370079 0.436765 0.374016 0.438235 0.374016 0.448529 0.381890 0.448529 0.381890 0.447059 0.389764 0.444118 0.405512 0.444118 0.409449 0.445588 0.409449 0.452941 0.417323 0.452941 0.417323 0.441176 0.421260 0.439706 0.429134 0.439706 0.433071 0.441176 0.433071 0.452941 0.452756 0.452941 0.456693 0.454412 0.456693 0.457353 0.460630 0.458824 0.460630 0.463235 0.464567 0.464706 0.464567 0.466176 0.468504 0.466176 0.472441 0.467647 0.472441 0.472059 0.476378 0.473529 0.476378 0.485294 0.480315 0.486765 0.480315 0.489706 0.476378 0.491176 0.476378 0.492647 0.472441 0.494118 0.464567 0.494118 0.460630 0.492647 0.456693 0.492647 0.452756 0.491176 0.452756 0.489706 0.444882 0.489706 0.440945 0.488235 0.440945 0.485294 0.433071 0.485294 0.433071 0.500000 0.468504 0.500000 0.472441 0.501471 0.472441 0.505882 0.468504 0.507353 0.468504 0.526471 0.472441 0.527941 0.472441 0.533824 0.476378 0.535294 0.476378 0.538235 0.480315 0.539706 0.480315 0.541176 0.484252 0.542647 0.484252 0.545588 0.488189 0.547059 0.488189 0.550000 0.492126 0.550000 0.496063 0.551471 0.496063 0.552941 0.500000 0.554412 0.500000 0.557353 0.503937 0.558824 0.503937 0.561765 0.507874 0.563235 0.507874 0.564706 0.511811 0.566176 0.511811 0.567647 0.519685 0.570588 0.519685 0.573529 0.523622 0.575000 0.523622 0.576471 0.527559 0.577941 0.527559 0.580882 0.531496 0.582353 0.531496 0.585294 0.535433 0.586765 0.535433 0.591176 0.539370 0.592647 0.539370 0.597059 0.543307 0.598529 0.543307 0.605882 0.547244 0.607353 0.547244 0.619118 0.551181 0.620588 0.551181 0.661765 0.555118 0.663235 0.555118 0.666176 0.551181 0.667647 0.551181 0.669118 0.547244 0.670588 0.539370 0.670588 0.535433 0.669118 0.535433 0.655882 0.531496 0.654412 0.531496 0.651471 0.523622 0.651471 0.523622 0.652941 0.519685 0.654412 0.519685 0.672059 0.523622 0.672059 0.527559 0.673529 0.527559 0.691176 0.523622 0.692647 0.511811 0.692647 0.511811 0.697059 0.507874 0.698529 0.468504 0.698529 0.464567 0.700000 0.456693 0.700000 0.452756 0.698529 0.452756 0.686765 0.444882 0.686765 0.444882 0.711765 0.440945 0.713235 0.429134 0.713235 0.429134 0.714706 0.425197 0.716176 0.421260 0.716176 0.421260 0.719118 0.425197 0.720588 0.425197 0.725000 0.421260 0.726471 0.405512 0.726471 0.405512 0.730882 0.401575 0.732353 0.397638 0.732353 0.393701 0.733824 0.385827 0.733824 0.381890 0.732353 0.381890 0.730882 0.374016 0.730882 0.374016 0.733824 0.381890 0.733824 0.385827 0.735294 0.385827 0.745588 0.381890 0.747059 0.374016 0.747059 0.374016 0.751471 0.381890 0.751471 0.385827 0.750000 0.393701 0.750000 0.397638 0.751471 0.401575 0.751471 0.409449 0.754412 0.409449 0.758824 0.417323 0.758824 0.417323 0.748529 0.421260 0.747059 0.429134 0.747059 0.433071 0.748529 0.433071 0.758824 0.452756 0.758824 0.456693 0.760294 0.492126 0.760294 0.496063 0.761765 0.496063 0.764706 0.492126 0.766176 0.452756 0.766176 0.448819 0.767647 0.448819 0.773529 0.444882 0.775000 0.444882 0.777941 0.440945 0.779412 0.433071 0.779412 0.433071 0.782353 0.429134 0.783824 0.401575 0.783824 0.397638 0.782353 0.397638 0.779412 0.393701 0.779412 0.389764 0.777941 0.385827 0.777941 0.381890 0.776471 0.381890 0.767647 0.374016 0.767647 0.374016 0.769118 0.370079 0.770588 0.330709 0.770588 0.326772 0.769118 0.326772 0.764706 0.314961 0.764706 0.311024 0.766176 0.259843 0.766176 0.255906 0.764706 0.255906 0.760294 0.259843 0.758824 0.287402 0.758824 0.287402 0.742647 0.279528 0.742647 0.279528 0.745588 0.275591 0.747059 0.255906 0.747059 0.251969 0.748529 0.236220 0.748529 0.236220 0.750000 0.232283 0.751471 0.224409 0.751471 0.220472 0.750000 0.220472 0.748529 0.208661 0.748529 0.200787 0.751471 0.200787 0.757353 0.204724 0.758824 0.220472 0.758824 0.224409 0.760294 0.228346 0.760294 0.232283 0.761765 0.232283 0.764706 0.228346 0.766176 0.200787 0.766176 0.196850 0.767647 0.185039 0.767647 0.181102 0.766176 0.165354 0.766176 0.161417 0.764706 0.157480 0.764706 0.153543 0.763235 0.153543 0.760294 0.149606 0.758824 0.149606 0.723529 0.141732 0.723529 0.141732 0.757353 0.137795 0.758824 0.129921 0.758824 0.125984 0.757353 0.125984 0.723529 0.118110 0.723529 0.118110 0.733824 0.114173 0.735294 0.106299 0.735294 0.102362 0.733824 0.102362 0.727941 0.094488 0.727941 0.094488 0.751471 0.090551 0.752941 0.082677 0.752941 0.082677 0.757353 0.086614 0.758824 0.094488 0.758824 0.098425 0.760294 0.102362 0.760294 0.106299 0.761765 0.114173 0.761765 0.122047 0.764706 0.122047 0.767647 0.129921 0.767647 0.133858 0.769118 0.137795 0.769118 0.141732 0.770588 0.141732 0.804412 0.149606 0.804412 0.149606 0.775000 0.153543 0.773529 0.169291 0.773529 0.173228 0.775000 0.196850 0.775000 0.200787 0.776471 0.200787 0.780882 0.216535 0.780882 0.220472 0.782353 0.240157 0.782353 0.244094 0.783824 0.244094 0.785294 0.248031 0.785294 0.251969 0.786765 0.263780 0.786765 0.267717 0.788235 0.267717 0.789706 0.287402 0.789706 0.291339 0.791176 0.311024 0.791176 0.314961 0.792647 0.314961 0.800000 0.311024 0.801471 0.291339 0.801471 0.287402 0.800000 0.259843 0.800000 0.259843 0.802941 0.255906 0.804412 0.240157 0.804412 0.232283 0.807353 0.224409 0.807353 0.220472 0.808824 0.200787 0.808824 0.196850 0.810294 0.173228 0.810294 0.173228 0.811765 0.169291 0.813235 0.145669 0.813235 0.141732 0.814706 0.129921 0.814706 0.125984 0.813235 0.125984 0.810294 0.118110 0.810294 0.118110 0.813235 0.122047 0.813235 0.125984 0.814706 0.125984 0.817647 0.122047 0.819118 0.114173 0.819118 0.110236 0.820588 0.102362 0.820588 0.102362 0.822059 0.098425 0.823529 0.094488 0.823529 0.090551 0.825000 0.086614 0.825000 0.082677 0.826471 0.082677 0.827941 0.074803 0.830882 0.062992 0.830882 0.059055 0.829412 0.059055 0.810294 0.051181 0.810294 0.051181 0.820588 0.047244 0.822059 0.039370 0.822059 0.035433 0.820588 0.035433 0.810294 0.027559 0.810294 0.027559 0.829412 0.035433 0.829412 0.035433 0.826471 0.039370 0.825000 0.047244 0.825000 0.051181 0.826471 0.051181 0.844118 0.059055 0.844118 0.059055 0.835294 0.062992 0.833824 0.074803 0.833824 0.078740 0.835294 0.090551 0.835294 0.094488 0.836765 0.102362 0.836765 0.102362 0.833824 0.106299 0.832353 0.114173 0.832353 0.118110 0.833824 0.118110 0.838235 0.125984 0.838235 0.125984 0.829412 0.129921 0.827941 0.137795 0.827941 0.141732 0.829412 0.141732 0.845588 0.149606 0.845588 0.149606 0.827941 0.153543 0.826471 0.161417 0.826471 0.165354 0.827941 0.165354 0.845588 0.173228 0.845588 0.173228 0.826471 0.181102 0.823529 0.185039 0.823529 0.185039 0.817647 0.188976 0.816176 0.196850 0.816176 0.200787 0.817647 0.200787 0.823529 0.208661 0.823529 0.212598 0.822059 0.232283 0.822059 0.232283 0.820588 0.236220 0.819118 0.248031 0.819118 0.251969 0.820588 0.251969 0.823529 0.248031 0.825000 0.248031 0.827941 0.236220 0.832353 0.236220 0.833824 0.224409 0.838235 0.224409 0.839706 0.220472 0.841176 0.220472 0.842647 0.208661 0.847059 0.208661 0.848529 0.204724 0.850000 0.204724 0.852941 0.196850 0.855882 0.196850 0.857353 0.188976 0.860294 0.185039 0.860294 0.185039 0.861765 0.181102 0.863235 0.181102 0.864706 0.177165 0.866176 0.177165 0.867647 0.173228 0.869118 0.173228 0.870588 0.165354 0.873529 0.165354 0.875000 0.161417 0.876471 0.161417 0.880882 0.173228 0.880882 0.173228 0.879412 0.177165 0.877941 0.185039 0.877941 0.185039 0.870588 0.192913 0.867647 0.204724 0.867647 0.204724 0.864706 0.208661 0.863235 0.208661 0.858824 0.212598 0.857353 0.224409 0.857353 0.224409 0.855882 0.228346 0.854412 0.228346 0.848529 0.236220 0.845588 0.244094 0.845588 0.251969 0.842647 0.255906 0.842647 0.255906 0.839706 0.259843 0.838235 0.263780 0.838235 0.263780 0.836765 0.267717 0.835294 0.275591 0.835294 0.279528 0.836765 0.279528 0.838235 0.287402 0.838235 0.287402 0.830882 0.299213 0.826471 0.303150 0.826471 0.307087 0.825000 0.314961 0.825000 0.318898 0.826471 0.326772 0.826471 0.330709 0.825000 0.346457 0.825000 0.350394 0.826471 0.350394 0.829412 0.358268 0.829412 0.358268 0.827941 0.362205 0.826471 0.370079 0.826471 0.374016 0.827941 0.374016 0.845588 0.381890 0.845588 0.381890 0.827941 0.385827 0.826471 0.397638 0.826471 0.401575 0.825000 0.417323 0.825000 0.417323 0.816176 0.421260 0.814706 0.429134 0.814706 0.433071 0.816176 0.433071 0.825000 0.437008 0.826471 0.440945 0.826471 0.444882 0.827941 0.444882 0.829412 0.448819 0.830882 0.448819 0.836765 0.444882 0.838235 0.437008 0.838235 0.433071 0.839706 0.433071 0.844118 0.421260 0.848529 0.405512 0.848529 0.405512 0.855882 0.401575 0.857353 0.393701 0.857353 0.393701 0.858824 0.389764 0.860294 0.389764 0.861765 0.381890 0.864706 0.381890 0.866176 0.377953 0.867647 0.377953 0.869118 0.370079 0.872059 0.366142 0.872059 0.362205 0.873529 0.358268 0.873529 0.358268 0.875000 0.350394 0.877941 0.346457 0.877941 0.346457 0.879412 0.338583 0.882353 0.338583 0.883824 0.330709 0.886765 0.326772 0.886765 0.314961 0.891176 0.314961 0.892647 0.307087 0.895588 0.299213 0.895588 0.299213 0.897059 0.291339 0.900000 0.291339 0.901471 0.287402 0.902941 0.287402 0.904412 0.283465 0.905882 0.279528 0.905882 0.267717 0.910294 0.267717 0.911765 0.259843 0.914706 0.255906 0.914706 0.244094 0.919118 0.244094 0.920588 0.236220 0.923529 0.236220 0.925000 0.232283 0.926471 0.224409 0.926471 0.224409 0.927941 0.216535 0.930882 0.208661 0.930882 0.208661 0.932353 0.196850 0.936765 0.196850 0.939706 0.208661 0.939706 0.208661 0.938235 0.224409 0.932353 0.232283 0.932353 0.236220 0.930882 0.244094 0.930882 0.251969 0.927941 0.255906 0.927941 0.255906 0.926471 0.259843 0.925000 0.263780 0.925000 0.267717 0.923529 0.267717 0.922059 0.271654 0.920588 0.275591 0.920588 0.279528 0.919118 0.279528 0.916176 0.283465 0.914706 0.287402 0.914706 0.299213 0.910294 0.303150 0.910294 0.303150 0.904412 0.311024 0.901471 0.322835 0.901471 0.326772 0.902941 0.326772 0.907353 0.334646 0.907353 0.334646 0.904412 0.330709 0.904412 0.326772 0.902941 0.326772 0.900000 0.330709 0.898529 0.334646 0.898529 0.334646 0.897059 0.350394 0.891176 0.350394 0.889706 0.354331 0.888235 0.358268 0.888235 0.366142 0.885294 0.377953 0.885294 0.381890 0.886765 0.381890 0.891176 0.377953 0.892647 0.377953 0.894118 0.374016 0.895588 0.374016 0.897059 0.370079 0.898529 0.370079 0.900000 0.362205 0.902941 0.362205 0.905882 0.358268 0.907353 0.354331 0.907353 0.346457 0.910294 0.342520 0.910294 0.342520 0.911765 0.334646 0.914706 0.334646 0.916176 0.330709 0.917647 0.326772 0.917647 0.318898 0.920588 0.318898 0.922059 0.303150 0.927941 0.299213 0.927941 0.279528 0.935294 0.279528 0.936765 0.275591 0.938235 0.271654 0.938235 0.267717 0.939706 0.263780 0.939706 0.251969 0.944118 0.251969 0.945588 0.248031 0.947059 0.248031 0.950000 0.267717 0.950000 0.275591 0.947059 0.279528 0.947059 0.279528 0.942647 0.283465 0.941176 0.295276 0.941176 0.295276 0.938235 0.311024 0.932353 0.334646 0.932353 0.334646 0.927941 0.338583 0.926471 0.354331 0.926471 0.358268 0.927941 0.358268 0.929412 0.366142 0.929412 0.370079 0.927941 0.374016 0.927941 0.377953 0.926471 0.377953 0.922059 0.381890 0.920588 0.389764 0.920588 0.393701 0.922059 0.393701 0.926471 0.389764 0.927941 0.389764 0.930882 0.393701 0.932353 0.405512 0.932353 0.409449 0.933824 0.417323 0.933824 0.417323 0.925000 0.421260 0.923529 0.421260 0.916176 0.425197 0.914706 0.429134 0.914706 0.429134 0.913235 0.433071 0.911765 0.433071 0.897059 0.437008 0.895588 0.437008 0.891176 0.440945 0.889706 0.452756 0.889706 0.452756 0.883824 0.456693 0.882353 0.480315 0.882353 0.484252 0.883824 0.484252 0.886765 0.480315 0.888235 0.480315 0.895588 0.472441 0.898529 0.472441 0.902941 0.468504 0.904412 0.468504 0.907353 0.460630 0.910294 0.460630 0.919118 0.456693 0.920588 0.456693 0.926471 0.452756 0.927941 0.452756 0.933824 0.448819 0.935294 0.448819 0.941176 0.444882 0.942647 0.444882 0.944118 0.440945 0.945588 0.440945 0.948529 0.437008 0.950000 0.437008 0.957353 0.433071 0.958824 0.433071 0.961765 0.444882 0.961765 0.448819 0.963235 0.448819 0.967647 0.460630 0.967647 0.460630 0.958824 0.464567 0.957353 0.468504 0.957353 0.468504 0.952941 0.472441 0.951471 0.472441 0.935294 0.476378 0.933824 0.480315 0.933824 0.480315 0.929412 0.484252 0.927941 0.484252 0.925000 0.488189 0.923529 0.496063 0.923529 0.500000 0.925000 0.500000 0.927941 0.503937 0.929412 0.503937 0.933824 0.507874 0.935294 0.507874 0.941176 0.511811 0.942647 0.511811 0.948529 0.519685 0.951471 0.519685 0.955882 0.523622 0.957353 0.523622 0.964706 0.527559 0.966176 0.527559 0.967647 0.535433 0.967647 0.535433 0.966176 0.539370 0.964706 0.539370 0.963235 0.543307 0.961765 0.543307 0.958824 0.539370 0.958824 0.535433 0.957353 0.535433 0.952941 0.531496 0.951471 0.531496 0.944118 0.535433 0.942647 0.535433 0.939706 0.531496 0.938235 0.531496 0.926471 0.535433 0.925000 0.535433 0.914706 0.531496 0.913235 0.531496 0.895588 0.535433 0.894118 0.543307 0.894118 0.547244 0.895588 0.547244 0.897059 0.551181 0.898529 0.551181 0.901471 0.559055 0.901471 0.566929 0.904412 0.566929 0.910294 0.570866 0.911765 0.570866 0.917647 0.574803 0.919118 0.574803 0.923529 0.578740 0.925000 0.578740 0.927941 0.590551 0.932353 0.610236 0.932353 0.614173 0.933824 0.614173 0.936765 0.618110 0.936765 0.622047 0.938235 0.622047 0.941176 0.625984 0.942647 0.625984 0.947059 0.629921 0.948529 0.629921 0.952941 0.637795 0.955882 0.637795 0.960294 0.641732 0.961765 0.641732 0.963235 0.645669 0.964706 0.645669 0.967647 0.649606 0.969118 0.649606 0.973529 0.661417 0.977941 0.661417 0.980882 0.665354 0.982353 0.665354 0.983824 0.673228 0.983824 0.673228 0.977941 0.669291 0.976471 0.669291 0.975000 0.665354 0.973529 0.665354 0.970588 0.661417 0.969118 0.661417 0.964706 0.657480 0.963235 0.657480 0.961765 0.649606 0.958824 0.649606 0.948529 0.645669 0.947059 0.645669 0.944118 0.641732 0.942647 0.641732 0.936765 0.645669 0.935294 0.653543 0.935294 0.657480 0.936765 0.657480 0.939706 0.661417 0.941176 0.661417 0.944118 0.665354 0.945588 0.665354 0.948529 0.669291 0.950000 0.669291 0.954412 0.673228 0.955882 0.673228 0.957353 0.677165 0.957353 0.681102 0.958824 0.681102 0.961765 0.685039 0.963235 0.685039 0.966176 0.688976 0.967647 0.688976 0.969118 0.692913 0.970588 0.692913 0.973529 0.696850 0.975000 0.696850 0.976471 0.708661 0.976471 0.708661 0.969118 0.704724 0.967647 0.704724 0.955882 0.700787 0.955882 0.696850 0.954412 0.696850 0.947059 0.700787 0.945588 0.720472 0.945588 0.720472 0.933824 0.724409 0.932353 0.728346 0.932353 0.728346 0.926471 0.724409 0.925000 0.724409 0.922059 0.720472 0.920588 0.720472 0.917647 0.716535 0.916176 0.716535 0.911765 0.712598 0.910294 0.712598 0.908824 0.708661 0.907353 0.708661 0.904412 0.700787 0.901471 0.700787 0.897059 0.696850 0.895588 0.696850 0.891176 0.688976 0.888235 0.688976 0.882353 0.685039 0.882353 0.681102 0.880882 0.681102 0.860294 0.685039 0.858824 0.692913 0.858824 0.700787 0.861765 0.712598 0.861765 0.720472 0.864706 0.720472 0.873529 0.728346 0.873529 0.728346 0.869118 0.732283 0.867647 0.740157 0.867647 0.744094 0.869118 0.744094 0.873529 0.751969 0.873529 0.751969 0.872059 0.755906 0.870588 0.775591 0.870588 0.779528 0.872059 0.779528 0.875000 0.787402 0.875000 0.791339 0.873529 0.799213 0.873529 0.803150 0.875000 0.803150 0.877941 0.799213 0.879412 0.791339 0.879412 0.791339 0.882353 0.811024 0.882353 0.814961 0.883824 0.814961 0.889706 0.822835 0.889706 0.826772 0.888235 0.846457 0.888235 0.850394 0.889706 0.850394 0.891176 0.854331 0.892647 0.854331 0.894118 0.862205 0.894118 0.866142 0.895588 0.866142 0.897059 0.870079 0.897059 0.874016 0.898529 0.874016 0.901471 0.881890 0.901471 0.889764 0.904412 0.889764 0.905882 0.909449 0.913235 0.917323 0.913235 0.921260 0.914706 0.937008 0.914706 0.937008 0.911765 0.933071 0.910294 0.929134 0.910294 0.925197 0.908824 0.921260 0.908824 0.901575 0.901471 0.897638 0.901471 0.889764 0.898529 0.881890 0.898529 0.877953 0.897059 0.877953 0.891176 0.874016 0.891176 0.866142 0.888235 0.866142 0.880882 0.874016 0.877941 0.877953 0.877941 0.877953 0.875000 0.881890 0.873529 0.889764 0.873529 0.897638 0.876471 0.897638 0.877941 0.917323 0.877941 0.921260 0.879412 0.933071 0.879412 0.937008 0.880882 0.944882 0.880882 0.948819 0.882353 0.980315 0.882353 0.984252 0.883824 0.988189 0.883824 0.992126 0.885294 0.996063 0.885294 0.996063 0.876471 0.988189 0.876471 0.984252 0.875000 0.984252 0.869118 0.976378 0.869118 0.976378 0.873529 0.972441 0.875000 0.956693 0.875000 0.952756 0.873529 0.948819 0.873529 0.944882 0.872059 0.940945 0.872059 0.937008 0.870588 0.917323 0.870588 0.913386 0.869118 0.913386 0.860294 0.905512 0.860294 0.905512 0.866176 0.901575 0.867647 0.897638 0.867647 0.893701 0.869118 0.881890 0.869118 0.877953 0.867647 0.877953 0.866176 0.846457 0.866176 0.842520 0.864706 0.826772 0.864706 0.822835 0.863235 0.822835 0.854412 0.814961 0.854412 0.814961 0.858824 0.811024 0.860294 0.795276 0.860294 0.791339 0.858824 0.791339 0.857353 0.771654 0.857353 0.767717 0.855882 0.767717 0.852941 0.763780 0.851471 0.748031 0.851471 0.744094 0.850000 0.744094 0.838235 0.724409 0.838235 0.720472 0.836765 0.720472 0.829412 0.700787 0.829412 0.696850 0.827941 0.696850 0.822059 0.700787 0.820588 0.704724 0.820588 0.704724 0.817647 0.700787 0.817647 0.696850 0.816176 0.696850 0.813235 0.685039 0.813235 0.681102 0.811765 0.681102 0.810294 0.677165 0.810294 0.673228 0.808824 0.673228 0.804412 0.677165 0.802941 0.685039 0.802941 0.685039 0.795588 0.688976 0.794118 0.704724 0.794118 0.704724 0.791176 0.688976 0.791176 0.685039 0.789706 0.685039 0.779412 0.688976 0.777941 0.704724 0.777941 0.704724 0.773529 0.688976 0.773529 0.685039 0.772059 0.685039 0.769118 0.677165 0.769118 0.673228 0.767647 0.673228 0.766176 0.653543 0.766176 0.649606 0.764706 0.649606 0.761765 0.645669 0.760294 0.645669 0.758824 0.629921 0.758824 0.625984 0.757353 0.625984 0.744118 0.618110 0.744118 0.614173 0.742647 0.614173 0.722059 0.606299 0.722059 0.602362 0.720588 0.602362 0.717647 0.606299 0.716176 0.614173 0.716176 0.614173 0.705882 0.606299 0.705882 0.606299 0.716176 0.602362 0.717647 0.594488 0.717647 0.590551 0.716176 0.590551 0.679412 0.586614 0.679412 0.582677 0.677941 0.582677 0.675000 0.586614 0.673529 0.590551 0.673529 0.590551 0.672059 0.594488 0.670588 0.602362 0.670588 0.606299 0.672059 0.614173 0.672059 0.614173 0.667647 0.618110 0.666176 0.622047 0.666176 0.625984 0.664706 0.637795 0.664706 0.637795 0.661765 0.633858 0.661765 0.629921 0.660294 0.629921 0.652941 0.625984 0.651471 0.625984 0.641176 0.629921 0.639706 0.629921 0.636765 0.625984 0.635294 0.625984 0.632353 0.618110 0.632353 0.618110 0.635294 0.614173 0.636765 0.606299 0.636765 0.602362 0.635294 0.602362 0.630882 0.594488 0.630882 0.590551 0.629412 0.590551 0.627941 0.578740 0.627941 0.574803 0.626471 0.574803 0.623529 0.578740 0.622059 0.590551 0.622059 0.590551 0.594118 0.582677 0.594118 0.582677 0.613235 0.578740 0.614706 0.570866 0.614706 0.566929 0.613235 0.566929 0.601471 0.562992 0.600000 0.562992 0.594118 0.555118 0.591176 0.555118 0.579412 0.559055 0.577941 0.566929 0.577941 0.566929 0.575000 0.551181 0.575000 0.547244 0.573529 0.543307 0.573529 0.539370 0.572059 0.539370 0.570588 0.535433 0.569118 0.535433 0.555882 0.531496 0.554412 0.531496 0.552941 0.527559 0.551471 0.527559 0.548529 0.523622 0.548529 0.519685 0.547059 0.519685 0.544118 0.523622 0.542647 0.523622 0.514706 0.511811 0.514706 0.507874 0.513235 0.507874 0.501471 0.511811 0.500000 0.566929 0.500000 0.570866 0.501471 0.582677 0.501471 0.586614 0.502941 0.586614 0.505882 0.582677 0.507353 0.582677 0.517647 0.590551 0.517647 0.590551 0.516176 0.594488 0.514706 0.602362 0.514706 0.606299 0.516176 0.610236 0.516176 0.618110 0.519118 0.618110 0.523529 0.622047 0.525000 0.622047 0.526471 0.633858 0.526471 0.633858 0.523529 0.629921 0.522059 0.629921 0.511765 0.633858 0.510294 0.649606 0.510294 0.649606 0.505882 0.653543 0.504412 0.665354 0.504412 0.669291 0.505882 0.669291 0.510294 0.681102 0.510294 0.685039 0.511765 0.685039 0.513235 0.696850 0.513235 0.700787 0.514706 0.700787 0.535294 0.708661 0.535294 0.708661 0.525000 0.712598 0.523529 0.720472 0.523529 0.724409 0.525000 0.724409 0.526471 0.732283 0.526471 0.732283 0.511765 0.736220 0.510294 0.736220 0.507353 0.740157 0.505882 0.740157 0.502941 0.744094 0.501471 0.763780 0.501471 0.767717 0.500000 0.779528 0.500000 0.783465 0.501471 0.822835 0.501471 0.826772 0.502941 0.826772 0.504412 0.834646 0.504412 0.834646 0.502941 0.838583 0.501471 0.858268 0.501471 0.862205 0.500000 0.877953 0.500000 0.877953 0.497059 0.846457 0.497059 0.842520 0.498529 0.826772 0.498529 0.822835 0.497059 0.771654 0.497059 0.767717 0.495588 0.755906 0.495588 0.751969 0.494118 0.751969 0.488235 0.748031 0.488235 0.744094 0.486765 0.744094 0.483824 0.740157 0.483824 0.736220 0.482353 0.736220 0.467647 0.732283 0.466176 0.732283 0.463235 0.736220 0.461765 0.740157 0.461765 0.740157 0.457353 0.736220 0.455882 0.736220 0.448529 0.732283 0.447059 0.732283 0.445588 0.724409 0.445588 0.720472 0.444118 0.720472 0.439706 0.708661 0.439706 0.708661 0.448529 0.704724 0.450000 0.704724 0.460294 0.700787 0.461765 0.700787 0.475000 0.708661 0.477941 0.708661 0.479412 0.712598 0.480882 0.712598 0.486765 0.716535 0.488235 0.716535 0.492647 0.712598 0.494118 0.708661 0.494118 0.708661 0.495588 0.704724 0.497059 0.696850 0.497059 0.692913 0.495588 0.692913 0.494118 0.685039 0.494118 0.681102 0.495588 0.665354 0.495588 0.665354 0.497059 0.661417 0.498529 0.653543 0.498529 0.649606 0.497059 0.633858 0.497059 0.629921 0.495588 0.629921 0.492647 0.633858 0.491176 0.637795 0.491176 0.637795 0.480882 0.629921 0.480882 0.629921 0.492647 0.625984 0.494118 0.618110 0.494118 0.614173 0.492647 0.614173 0.488235 0.606299 0.488235 0.606299 0.491176 0.602362 0.492647 0.594488 0.492647 0.590551 0.491176 0.590551 0.479412 0.586614 0.479412 0.582677 0.477941 0.582677 0.472059 0.586614 0.470588 0.590551 0.470588 0.590551 0.463235 0.582677 0.463235 0.582677 0.464706 0.578740 0.466176 0.562992 0.466176 0.559055 0.464706 0.559055 0.448529 0.551181 0.448529 0.551181 0.451471 0.547244 0.452941 0.539370 0.452941 0.535433 0.451471 0.535433 0.420588 0.531496 0.419118 0.531496 0.407353 0.535433 0.405882 0.535433 0.388235 0.539370 0.386765 0.539370 0.383824 0.535433 0.382353 0.535433 0.376471 0.531496 0.375000 0.531496 0.370588 0.523622 0.367647 0.523622 0.363235 0.519685 0.361765 0.519685 0.354412 0.523622 0.352941 0.523622 0.348529 0.519685 0.347059 0.519685 0.339706 0.515748 0.339706 0.511811 0.338235 0.511811 0.336765 0.507874 0.336765 0.503937 0.335294 0.503937 0.332353 0.496063 0.332353 0.492126 0.330882 0.492126 0.327941 0.496063 0.326471 0.496063 0.323529 0.500000 0.322059 0.507874 0.322059 0.507874 0.316176 0.511811 0.314706 0.511811 0.311765 0.519685 0.308824 0.523622 0.308824 0.523622 0.298529 0.519685 0.298529 0.515748 0.297059 0.515748 0.294118 0.519685 0.292647 0.519685 0.286765 0.523622 0.285294 0.539370 0.285294 0.543307 0.286765 0.543307 0.291176 0.551181 0.294118 0.551181 0.297059 0.547244 0.298529 0.547244 0.301471 0.551181 0.302941 0.551181 0.305882 0.555118 0.305882 0.559055 0.307353 0.559055 0.308824 0.570866 0.308824 0.570866 0.302941 0.574803 0.301471 0.590551 0.301471 0.590551 0.298529 0.594488 0.297059 0.602362 0.297059 0.602362 0.295588 0.606299 0.294118 0.614173 0.294118 0.618110 0.295588 0.618110 0.297059 0.622047 0.298529 0.625984 0.298529 0.629921 0.300000 0.633858 0.300000 0.637795 0.301471 0.649606 0.301471 0.653543 0.300000 0.661417 0.300000 0.665354 0.301471 0.665354 0.302941 0.685039 0.302941 0.688976 0.304412 0.688976 0.305882 0.696850 0.305882 0.700787 0.307353 0.700787 0.310294 0.708661 0.310294 0.708661 0.307353 0.712598 0.305882 0.728346 0.305882 0.732283 0.307353 0.732283 0.308824 0.748031 0.308824 0.755906 0.311765 0.755906 0.313235 0.767717 0.313235 0.767717 0.302941 0.744094 0.302941 0.740157 0.301471 0.732283 0.301471 0.728346 0.300000 0.728346 0.298529 0.700787 0.298529 0.696850 0.297059 0.696850 0.295588 0.688976 0.295588 0.685039 0.297059 0.677165 0.297059 0.673228 0.295588 0.665354 0.295588 0.661417 0.297059 0.653543 0.297059 0.645669 0.294118 0.641732 0.294118 0.637795 0.292647 0.637795 0.291176 0.629921 0.291176 0.625984 0.289706 0.610236 0.289706 0.602362 0.286765 0.602362 0.285294 0.582677 0.285294 0.570866 0.280882 0.566929 0.280882 0.559055 0.277941 0.559055 0.269118 0.555118 0.267647 0.555118 0.258824 0.551181 0.257353 0.551181 0.255882 0.543307 0.255882 0.539370 0.254412 0.539370 0.251471 0.543307 0.250000 0.559055 0.250000 0.559055 0.242647 0.562992 0.241176 0.582677 0.241176 0.586614 0.239706 0.590551 0.239706 0.594488 0.238235 0.606299 0.238235 0.610236 0.236765 0.629921 0.236765 0.629921 0.232353 0.633858 0.230882 0.641732 0.230882 0.645669 0.229412 0.649606 0.229412 0.649606 0.223529 0.653543 0.222059 0.665354 0.222059 0.669291 0.223529 0.677165 0.223529 0.677165 0.219118 0.673228 0.217647 0.673228 0.216176 0.669291 0.214706 0.633858 0.214706 0.633858 0.216176 0.629921 0.217647 0.622047 0.217647 0.618110 0.219118 0.606299 0.219118 0.602362 0.217647 0.602362 0.214706 0.598425 0.214706 0.594488 0.213235 0.594488 0.204412 0.582677 0.204412 0.582677 0.208824 0.578740 0.210294 0.562992 0.210294 0.562992 0.214706 0.570866 0.214706 0.570866 0.213235 0.574803 0.211765 0.582677 0.211765 0.586614 0.213235 0.586614 0.214706 0.590551 0.214706 0.594488 0.216176 0.594488 0.219118 0.590551 0.220588 0.582677 0.220588 0.578740 0.222059 0.574803 0.222059 0.570866 0.223529 0.551181 0.223529 0.551181 0.226471 0.547244 0.227941 0.539370 0.227941 0.535433 0.226471 0.535433 0.225000 0.519685 0.225000 0.515748 0.223529 0.507874 0.223529 0.503937 0.225000 0.496063 0.225000 0.492126 0.223529 0.472441 0.223529 0.468504 0.222059 0.468504 0.216176 0.464567 0.216176 0.460630 0.214706 0.456693 0.214706 0.452756 0.213235 0.452756 0.211765 0.448819 0.211765 0.444882 0.210294 0.444882 0.207353 0.425197 0.207353 0.421260 0.205882 0.421260 0.202941 0.417323 0.201471 0.417323 0.185294 0.421260 0.183824 0.429134 0.183824 0.433071 0.185294 0.433071 0.192647 0.444882 0.192647 0.444882 0.189706 0.448819 0.188235 0.452756 0.188235 0.452756 0.186765 0.456693 0.185294 0.460630 0.185294 0.460630 0.179412 0.456693 0.179412 0.452756 0.177941 0.452756 0.175000 0.448819 0.175000 0.444882 0.173529 0.444882 0.169118 0.448819 0.167647 0.468504 0.167647 0.472441 0.166176 0.492126 0.166176 0.492126 0.163235 0.472441 0.163235 0.468504 0.161765 0.468504 0.160294 0.464567 0.158824 0.464567 0.154412 0.468504 0.152941 0.500000 0.152941 0.503937 0.154412 0.511811 0.154412 0.515748 0.152941 0.515748 0.147059 0.519685 0.145588 0.523622 0.145588 0.523622 0.142647 0.527559 0.141176 0.527559 0.125000 0.531496 0.123529 0.531496 0.111765 0.527559 0.110294 0.527559 0.107353 0.531496 0.105882 0.531496 0.101471 0.535433 0.100000 0.535433 0.086765 0.539370 0.085294 0.547244 0.085294 0.551181 0.086765 0.551181 0.097059 0.559055 0.097059 0.562992 0.095588 0.582677 0.095588 0.586614 0.097059 0.586614 0.101471 0.594488 0.101471 0.594488 0.095588 0.598425 0.094118 0.629921 0.094118 0.629921 0.086765 0.633858 0.085294 0.649606 0.085294 0.653543 0.083824 0.653543 0.080882 0.649606 0.079412 0.649606 0.076471 0.645669 0.075000 0.637795 0.075000 0.633858 0.073529 0.629921 0.073529 0.625984 0.072059 0.606299 0.072059 0.602362 0.070588 0.590551 0.070588 0.586614 0.069118 0.586614 0.060294 0.590551 0.058824 0.598425 0.058824 0.598425 0.054412 0.602362 0.052941 0.606299 0.052941 0.606299 0.051471 0.610236 0.050000 0.610236 0.047059 0.606299 0.045588 0.606299 0.042647 0.610236 0.041176 0.614173 0.041176 0.614173 0.038235 0.610236 0.036765 0.610236 0.032353 0.606299 0.030882 0.606299 0.029412 0.598425 0.029412 0.598425 0.032353 0.594488 0.033824 0.594488 0.038235 0.590551 0.039706 0.590551 0.044118 0.586614 0.045588 0.582677 0.045588 0.582677 0.048529 0.578740 0.050000 0.574803 0.050000 0.574803 0.051471 0.566929 0.054412 0.562992 0.054412 0.551181 0.058824 0.551181 0.060294 0.543307 0.063235 0.535433 0.063235 0.535433 0.066176 0.562992 0.066176 0.566929 0.067647 0.566929 0.070588 0.559055 0.073529 0.543307 0.073529 0.539370 0.072059 0.535433 0.072059 0.531496 0.070588 0.531496 0.069118 0.519685 0.069118 0.515748 0.067647 0.515748 0.066176 0.500000 0.066176 0.500000 0.067647 0.496063 0.069118 0.492126 0.069118 0.476378 0.075000 0.468504 0.075000 0.464567 0.076471 0.460630 0.076471 0.460630 0.077941 0.456693 0.079412 0.448819 0.079412 0.444882 0.077941 0.444882 0.076471 0.433071 0.076471 0.433071 0.083824 0.429134 0.085294 0.425197 0.085294 0.425197 0.086765 0.421260 0.088235 0.421260 0.097059 0.417323 0.098529 0.413386 0.098529 0.409449 0.100000 0.405512 0.100000 0.405512 0.102941 0.393701 0.107353 0.385827 0.107353 0.385827 0.108824 0.381890 0.110294 0.374016 0.110294 0.370079 0.111765 0.362205 0.111765 0.362205 0.114706 0.358268 0.116176 0.354331 0.116176 0.354331 0.119118 0.350394 0.120588 0.342520 0.120588 0.342520 0.122059 0.338583 0.123529 0.338583 0.125000 0.330709 0.127941 0.318898 0.127941 0.318898 0.136765 0.314961 0.138235 0.307087 0.138235 0.303150 0.136765 0.287402 0.136765 0.279528 0.133824 0.279528 0.129412 0.275591 0.127941 0.271654 0.127941 0.267717 0.126471 0.267717 0.125000 0.259843 0.125000 0.255906 0.123529 0.255906 0.120588 0.240157 0.120588 0.236220 0.119118 0.236220 0.116176 0.240157 0.114706 0.255906 0.114706 0.255906 0.110294 0.259843 0.108824 0.259843 0.100000 0.263780 0.098529 0.279528 0.098529 0.283465 0.100000 0.283465 0.101471 0.291339 0.101471 0.291339 0.098529 0.287402 0.098529 0.283465 0.097059 0.283465 0.094118 0.279528 0.094118 0.275591 0.092647 0.275591 0.089706 0.279528 0.088235 0.279528 0.072059 0.283465 0.070588 0.287402 0.070588 0.287402 0.069118 0.291339 0.067647 0.299213 0.067647 0.299213 0.064706 0.303150 0.063235 0.303150 0.060294 0.307087 0.058824 0.314961 0.058824 0.314961 0.052941 0.299213 0.052941 0.299213 0.054412 0.295276 0.055882 0.291339 0.055882 0.291339 0.061765 0.287402 0.063235 0.283465 0.063235 0.283465 0.064706 0.275591 0.067647 0.275591 0.070588 0.271654 0.072059 0.271654 0.073529 0.267717 0.075000 0.259843 0.075000 0.255906 0.073529 0.244094 0.073529 0.240157 0.072059 0.240157 0.069118 0.244094 0.067647 0.244094 0.064706 0.240157 0.063235 0.240157 0.060294 0.244094 0.058824 0.244094 0.054412 0.240157 0.054412 0.236220 0.052941 0.236220 0.051471 0.232283 0.050000 0.232283 0.042647 0.228346 0.041176 0.228346 0.038235 0.232283 0.036765 0.236220 0.036765 0.236220 0.029412 0.232283 0.027941 0.232283 0.022059