0 0.719764 0.566116 0.719764 0.582645 0.731563 0.582645 0.734513 0.584022 0.743363 0.584022 0.746313 0.582645 0.758112 0.582645 0.761062 0.581267 0.761062 0.577135 0.758112 0.575758 0.758112 0.574380 0.728614 0.574380 0.725664 0.573003 0.725664 0.566116
0 0.684366 0.534435 0.684366 0.584022 0.690265 0.584022 0.690265 0.534435
0 0.884956 0.505510 0.884956 0.511019 0.890855 0.511019 0.893805 0.512397 0.893805 0.513774 0.899705 0.513774 0.902655 0.512397 0.908555 0.512397 0.911504 0.513774 0.917404 0.513774 0.917404 0.512397 0.920354 0.511019 0.926254 0.511019 0.929204 0.512397 0.952802 0.512397 0.952802 0.509642 0.946903 0.509642 0.943953 0.508264 0.929204 0.508264 0.926254 0.506887 0.926254 0.505510 0.917404 0.505510 0.917404 0.506887 0.914454 0.508264 0.896755 0.508264 0.893805 0.506887 0.893805 0.505510
0 0.044248 0.498623 0.044248 0.504132 0.041298 0.505510 0.026549 0.505510 0.023599 0.504132 0.023599 0.502755 0.017699 0.502755 0.017699 0.504132 0.014749 0.505510 0.005900 0.505510 0.002950 0.504132 0.002950 0.502755 0.000000 0.502755 0.000000 0.508264 0.056047 0.508264 0.056047 0.505510 0.053097 0.505510 0.050147 0.504132 0.050147 0.498623
0 0.112094 0.469697 0.112094 0.501377 0.115044 0.501377 0.117994 0.502755 0.117994 0.505510 0.115044 0.506887 0.112094 0.506887 0.112094 0.522039 0.117994 0.522039 0.117994 0.509642 0.120944 0.508264 0.126844 0.508264 0.129794 0.509642 0.129794 0.511019 0.135693 0.511019 0.138643 0.509642 0.162242 0.509642 0.165192 0.511019 0.171091 0.511019 0.171091 0.509642 0.174041 0.508264 0.194690 0.508264 0.194690 0.505510 0.182891 0.505510 0.179941 0.504132 0.179941 0.502755 0.138643 0.502755 0.138643 0.506887 0.135693 0.508264 0.129794 0.508264 0.126844 0.506887 0.126844 0.502755 0.120944 0.502755 0.117994 0.501377 0.117994 0.469697
0 0.339233 0.428375 0.339233 0.462810 0.345133 0.462810 0.345133 0.428375
0 0.640118 0.225895 0.640118 0.230028 0.637168 0.231405 0.628319 0.231405 0.628319 0.234160 0.631268 0.235537 0.631268 0.241047 0.634218 0.241047 0.637168 0.242424 0.637168 0.258953 0.643068 0.258953 0.643068 0.250689 0.646018 0.249311 0.651917 0.249311 0.654867 0.250689 0.654867 0.258953 0.660767 0.258953 0.660767 0.241047 0.654867 0.241047 0.654867 0.242424 0.651917 0.243802 0.646018 0.243802 0.643068 0.242424 0.643068 0.238292 0.646018 0.236915 0.646018 0.225895
0 0.675516 0.192837 0.675516 0.198347 0.672566 0.199725 0.672566 0.206612 0.669617 0.207989 0.640118 0.207989 0.640118 0.220386 0.646018 0.220386 0.646018 0.213499 0.648968 0.212121 0.669617 0.212121 0.672566 0.213499 0.672566 0.220386 0.696165 0.220386 0.696165 0.207989 0.684366 0.207989 0.681416 0.206612 0.681416 0.192837
0 0.067847 0.183196 0.067847 0.184573 0.064897 0.185950 0.064897 0.188705 0.061947 0.190083 0.050147 0.190083 0.050147 0.201102 0.056047 0.201102 0.056047 0.191460 0.058997 0.190083 0.064897 0.190083 0.067847 0.191460 0.067847 0.192837 0.091445 0.192837 0.091445 0.183196
0 0.728614 0.144628 0.728614 0.150138 0.725664 0.151515 0.725664 0.159780 0.728614 0.161157 0.728614 0.166667 0.725664 0.168044 0.725664 0.173554 0.734513 0.173554 0.734513 0.172176 0.737463 0.170799 0.749263 0.170799 0.749263 0.157025 0.737463 0.157025 0.734513 0.155647 0.734513 0.151515 0.737463 0.150138 0.752212 0.150138 0.752212 0.147383 0.737463 0.147383 0.734513 0.146006 0.734513 0.144628
0 0.693215 0.144628 0.693215 0.161157 0.690265 0.162534 0.684366 0.162534 0.681416 0.161157 0.681416 0.151515 0.675516 0.151515 0.675516 0.172176 0.681416 0.172176 0.681416 0.169421 0.684366 0.168044 0.690265 0.168044 0.693215 0.169421 0.693215 0.174931 0.699115 0.174931 0.699115 0.144628
0 0.778761 0.128099 0.778761 0.172176 0.784661 0.172176 0.784661 0.128099
0 0.050147 0.125344 0.050147 0.129477 0.047198 0.130854 0.041298 0.130854 0.041298 0.132231 0.038348 0.133609 0.026549 0.133609 0.026549 0.136364 0.038348 0.136364 0.041298 0.137741 0.041298 0.140496 0.038348 0.141873 0.038348 0.144628 0.047198 0.144628 0.050147 0.146006 0.050147 0.169421 0.056047 0.169421 0.056047 0.148760 0.058997 0.147383 0.070796 0.147383 0.073746 0.148760 0.073746 0.150138 0.088496 0.150138 0.091445 0.151515 0.091445 0.155647 0.088496 0.157025 0.085546 0.157025 0.085546 0.170799 0.091445 0.170799 0.091445 0.158402 0.094395 0.157025 0.097345 0.157025 0.097345 0.144628 0.088496 0.144628 0.085546 0.143251 0.085546 0.134986 0.082596 0.134986 0.079646 0.133609 0.079646 0.132231 0.070796 0.132231 0.067847 0.130854 0.058997 0.130854 0.056047 0.129477 0.056047 0.125344
0 0.640118 0.106061 0.640118 0.129477 0.646018 0.129477 0.646018 0.117080 0.648968 0.115702 0.654867 0.115702 0.657817 0.117080 0.657817 0.129477 0.663717 0.129477 0.663717 0.111570 0.651917 0.111570 0.646018 0.108815 0.646018 0.106061
0 0.660767 0.063361 0.660767 0.084022 0.654867 0.086777 0.640118 0.086777 0.640118 0.089532 0.643068 0.090909 0.654867 0.090909 0.657817 0.092287 0.663717 0.092287 0.666667 0.090909 0.681416 0.090909 0.681416 0.084022 0.684366 0.082645 0.684366 0.075758 0.687316 0.074380 0.702065 0.074380 0.702065 0.063361 0.693215 0.063361 0.693215 0.068871 0.690265 0.070248 0.669617 0.070248 0.666667 0.068871 0.666667 0.063361
0 0.728614 0.028926 0.728614 0.056474 0.737463 0.056474 0.737463 0.050964 0.740413 0.049587 0.752212 0.049587 0.752212 0.037190 0.740413 0.037190 0.737463 0.035813 0.737463 0.028926
0 0.764012 0.023416 0.764012 0.096419 0.769912 0.096419 0.769912 0.023416
0 0.156342 0.020661 0.156342 0.055096 0.162242 0.055096 0.162242 0.020661
0 0.557522 0.000000 0.557522 0.015152 0.598820 0.015152 0.598820 0.011019 0.601770 0.009642 0.613569 0.009642 0.613569 0.000000 0.575221 0.000000 0.575221 0.006887 0.572271 0.008264 0.566372 0.008264 0.563422 0.006887 0.563422 0.000000
0 0.492625 0.000000 0.492625 0.009642 0.489676 0.011019 0.480826 0.011019 0.480826 0.012397 0.477876 0.013774 0.477876 0.015152 0.474926 0.016529 0.474926 0.027548 0.471976 0.028926 0.471976 0.030303 0.469027 0.031680 0.469027 0.038567 0.466077 0.039945 0.466077 0.042700 0.469027 0.044077 0.469027 0.046832 0.466077 0.048209 0.463127 0.048209 0.463127 0.067493 0.460177 0.068871 0.460177 0.079890 0.457227 0.081267 0.457227 0.089532 0.454277 0.090909 0.448378 0.090909 0.445428 0.089532 0.445428 0.082645 0.442478 0.082645 0.439528 0.081267 0.439528 0.077135 0.442478 0.075758 0.448378 0.075758 0.448378 0.067493 0.445428 0.066116 0.436578 0.066116 0.433628 0.064738 0.433628 0.061983 0.436578 0.060606 0.448378 0.060606 0.448378 0.056474 0.445428 0.055096 0.445428 0.050964 0.442478 0.050964 0.439528 0.049587 0.439528 0.031680 0.442478 0.030303 0.442478 0.024793 0.439528 0.023416 0.439528 0.022039 0.436578 0.022039 0.433628 0.020661 0.433628 0.016529 0.436578 0.015152 0.442478 0.015152 0.442478 0.012397 0.433628 0.012397 0.433628 0.015152 0.430678 0.016529 0.424779 0.016529 0.424779 0.020661 0.421829 0.022039 0.401180 0.022039 0.398230 0.020661 0.398230 0.016529 0.392330 0.016529 0.392330 0.020661 0.398230 0.020661 0.401180 0.022039 0.401180 0.027548 0.398230 0.028926 0.398230 0.034435 0.395280 0.035813 0.383481 0.035813 0.383481 0.039945 0.380531 0.041322 0.371681 0.041322 0.371681 0.048209 0.368732 0.049587 0.353982 0.049587 0.353982 0.055096 0.351032 0.056474 0.333333 0.056474 0.330383 0.055096 0.330383 0.049587 0.321534 0.049587 0.318584 0.048209 0.318584 0.037190 0.321534 0.035813 0.327434 0.035813 0.330383 0.037190 0.330383 0.041322 0.336283 0.041322 0.336283 0.028926 0.330383 0.028926 0.330383 0.031680 0.327434 0.033058 0.321534 0.033058 0.318584 0.031680 0.318584 0.022039 0.312684 0.022039 0.312684 0.055096 0.309735 0.056474 0.303835 0.056474 0.300885 0.055096 0.300885 0.020661 0.294985 0.020661 0.294985 0.038567 0.292035 0.039945 0.292035 0.044077 0.294985 0.045455 0.294985 0.056474 0.292035 0.057851 0.289086 0.057851 0.289086 0.060606 0.292035 0.060606 0.294985 0.061983 0.294985 0.079890 0.292035 0.081267 0.289086 0.081267 0.289086 0.085399 0.286136 0.086777 0.286136 0.090909 0.289086 0.092287 0.289086 0.093664 0.292035 0.095041 0.292035 0.096419 0.294985 0.096419 0.297935 0.097796 0.297935 0.103306 0.300885 0.104683 0.300885 0.111570 0.297935 0.112948 0.289086 0.112948 0.286136 0.114325 0.286136 0.125344 0.283186 0.126722 0.277286 0.126722 0.274336 0.125344 0.274336 0.106061 0.262537 0.106061 0.259587 0.104683 0.259587 0.103306 0.256637 0.101928 0.241888 0.101928 0.238938 0.100551 0.238938 0.096419 0.241888 0.095041 0.241888 0.093664 0.244838 0.092287 0.259587 0.092287 0.259587 0.090909 0.262537 0.089532 0.265487 0.089532 0.265487 0.060606 0.262537 0.060606 0.259587 0.059229 0.259587 0.056474 0.262537 0.055096 0.265487 0.055096 0.265487 0.042700 0.268437 0.041322 0.268437 0.038567 0.265487 0.037190 0.265487 0.034435 0.268437 0.033058 0.268437 0.022039 0.259587 0.022039 0.259587 0.028926 0.256637 0.030303 0.244838 0.030303 0.241888 0.031680 0.235988 0.031680 0.233038 0.030303 0.233038 0.028926 0.227139 0.028926 0.227139 0.031680 0.238938 0.031680 0.241888 0.033058 0.241888 0.035813 0.238938 0.037190 0.227139 0.037190 0.227139 0.038567 0.224189 0.039945 0.218289 0.039945 0.215339 0.038567 0.215339 0.022039 0.209440 0.022039 0.209440 0.056474 0.206490 0.057851 0.200590 0.057851 0.200590 0.063361 0.194690 0.066116 0.194690 0.067493 0.191740 0.068871 0.188791 0.068871 0.188791 0.070248 0.185841 0.071625 0.174041 0.071625 0.174041 0.095041 0.179941 0.095041 0.179941 0.074380 0.182891 0.073003 0.191740 0.073003 0.194690 0.074380 0.194690 0.075758 0.197640 0.077135 0.197640 0.079890 0.200590 0.081267 0.200590 0.088154 0.197640 0.089532 0.197640 0.092287 0.212389 0.092287 0.215339 0.093664 0.215339 0.095041 0.218289 0.095041 0.224189 0.097796 0.224189 0.100551 0.221239 0.101928 0.215339 0.101928 0.212389 0.103306 0.206490 0.103306 0.203540 0.101928 0.197640 0.101928 0.197640 0.106061 0.194690 0.107438 0.191740 0.107438 0.191740 0.110193 0.194690 0.111570 0.194690 0.112948 0.197640 0.114325 0.197640 0.123967 0.200590 0.125344 0.200590 0.132231 0.203540 0.132231 0.206490 0.133609 0.206490 0.136364 0.203540 0.137741 0.197640 0.137741 0.197640 0.140496 0.200590 0.141873 0.200590 0.151515 0.197640 0.152893 0.197640 0.157025 0.194690 0.158402 0.188791 0.158402 0.185841 0.157025 0.185841 0.147383 0.174041 0.147383 0.171091 0.146006 0.162242 0.146006 0.159292 0.144628 0.159292 0.143251 0.153392 0.143251 0.150442 0.141873 0.150442 0.136364 0.129794 0.136364 0.126844 0.134986 0.126844 0.130854 0.129794 0.129477 0.162242 0.129477 0.165192 0.128099 0.176991 0.128099 0.176991 0.117080 0.165192 0.117080 0.162242 0.115702 0.162242 0.112948 0.165192 0.111570 0.176991 0.111570 0.176991 0.103306 0.171091 0.103306 0.171091 0.107438 0.168142 0.108815 0.156342 0.108815 0.156342 0.115702 0.153392 0.117080 0.147493 0.117080 0.144543 0.115702 0.144543 0.108815 0.138643 0.108815 0.138643 0.118457 0.135693 0.119835 0.129794 0.119835 0.126844 0.118457 0.126844 0.117080 0.120944 0.117080 0.120944 0.119835 0.132743 0.119835 0.135693 0.121212 0.135693 0.123967 0.132743 0.125344 0.120944 0.125344 0.120944 0.134986 0.117994 0.136364 0.115044 0.136364 0.112094 0.137741 0.112094 0.157025 0.115044 0.157025 0.117994 0.158402 0.117994 0.176309 0.123894 0.176309 0.123894 0.174931 0.126844 0.173554 0.129794 0.173554 0.129794 0.170799 0.126844 0.169421 0.126844 0.166667 0.129794 0.165289 0.150442 0.165289 0.153392 0.166667 0.153392 0.169421 0.150442 0.170799 0.141593 0.170799 0.141593 0.173554 0.147493 0.173554 0.147493 0.172176 0.150442 0.170799 0.156342 0.170799 0.159292 0.172176 0.159292 0.173554 0.165192 0.173554 0.168142 0.172176 0.191740 0.172176 0.194690 0.173554 0.194690 0.176309 0.197640 0.177686 0.197640 0.179063 0.209440 0.179063 0.212389 0.180441 0.212389 0.190083 0.209440 0.191460 0.203540 0.191460 0.203540 0.194215 0.200590 0.195592 0.194690 0.195592 0.194690 0.201102 0.191740 0.202479 0.179941 0.202479 0.176991 0.201102 0.176991 0.198347 0.171091 0.198347 0.171091 0.201102 0.174041 0.201102 0.176991 0.202479 0.176991 0.206612 0.174041 0.207989 0.171091 0.207989 0.168142 0.209366 0.162242 0.209366 0.159292 0.207989 0.153392 0.207989 0.153392 0.212121 0.147493 0.214876 0.144543 0.214876 0.144543 0.217631 0.156342 0.217631 0.159292 0.219008 0.159292 0.225895 0.156342 0.227273 0.147493 0.227273 0.147493 0.230028 0.150442 0.230028 0.153392 0.231405 0.153392 0.234160 0.156342 0.235537 0.156342 0.239669 0.153392 0.241047 0.150442 0.241047 0.147493 0.242424 0.147493 0.246556 0.144543 0.247934 0.144543 0.250689 0.153392 0.250689 0.156342 0.252066 0.156342 0.253444 0.159292 0.254821 0.159292 0.257576 0.162242 0.258953 0.168142 0.258953 0.171091 0.257576 0.191740 0.257576 0.194690 0.258953 0.203540 0.258953 0.206490 0.260331 0.206490 0.263085 0.203540 0.264463 0.194690 0.264463 0.194690 0.268595 0.197640 0.269972 0.209440 0.269972 0.212389 0.271350 0.212389 0.278237 0.218289 0.278237 0.221239 0.279614 0.221239 0.290634 0.218289 0.292011 0.218289 0.296143 0.221239 0.297521 0.233038 0.297521 0.235988 0.298898 0.241888 0.298898 0.244838 0.300275 0.244838 0.303030 0.241888 0.304408 0.235988 0.304408 0.233038 0.305785 0.221239 0.305785 0.221239 0.319559 0.218289 0.320937 0.212389 0.320937 0.209440 0.319559 0.209440 0.304408 0.203540 0.304408 0.203540 0.331956 0.209440 0.331956 0.209440 0.325069 0.212389 0.323691 0.218289 0.323691 0.221239 0.325069 0.221239 0.333333 0.227139 0.333333 0.230088 0.331956 0.250737 0.331956 0.253687 0.333333 0.262537 0.333333 0.262537 0.329201 0.247788 0.329201 0.244838 0.327824 0.244838 0.319559 0.247788 0.318182 0.253687 0.318182 0.256637 0.319559 0.256637 0.323691 0.262537 0.323691 0.262537 0.314050 0.265487 0.312672 0.265487 0.307163 0.262537 0.305785 0.256637 0.305785 0.256637 0.309917 0.253687 0.311295 0.247788 0.311295 0.244838 0.309917 0.244838 0.305785 0.247788 0.304408 0.250737 0.304408 0.250737 0.300275 0.253687 0.298898 0.262537 0.298898 0.262537 0.297521 0.265487 0.296143 0.268437 0.296143 0.268437 0.272727 0.271386 0.271350 0.280236 0.271350 0.283186 0.272727 0.283186 0.296143 0.286136 0.296143 0.289086 0.297521 0.292035 0.297521 0.294985 0.298898 0.294985 0.303030 0.292035 0.304408 0.289086 0.304408 0.289086 0.307163 0.286136 0.308540 0.286136 0.311295 0.289086 0.312672 0.289086 0.315427 0.283186 0.318182 0.283186 0.320937 0.286136 0.320937 0.289086 0.322314 0.289086 0.331956 0.294985 0.331956 0.294985 0.327824 0.297935 0.326446 0.303835 0.326446 0.306785 0.327824 0.306785 0.338843 0.312684 0.338843 0.312684 0.337466 0.315634 0.336088 0.315634 0.333333 0.312684 0.331956 0.312684 0.329201 0.315634 0.327824 0.321534 0.327824 0.324484 0.329201 0.324484 0.331956 0.327434 0.331956 0.330383 0.333333 0.330383 0.336088 0.333333 0.337466 0.333333 0.344353 0.330383 0.345730 0.324484 0.345730 0.324484 0.347107 0.321534 0.348485 0.315634 0.348485 0.312684 0.347107 0.306785 0.347107 0.306785 0.366391 0.315634 0.366391 0.318584 0.367769 0.318584 0.369146 0.321534 0.369146 0.324484 0.370523 0.324484 0.371901 0.327434 0.371901 0.330383 0.373278 0.330383 0.380165 0.327434 0.381543 0.315634 0.381543 0.312684 0.380165 0.312684 0.377410 0.306785 0.377410 0.306785 0.380165 0.303835 0.381543 0.294985 0.381543 0.294985 0.382920 0.292035 0.384298 0.283186 0.384298 0.283186 0.388430 0.292035 0.388430 0.294985 0.389807 0.294985 0.392562 0.292035 0.393939 0.280236 0.393939 0.280236 0.398072 0.292035 0.398072 0.294985 0.399449 0.294985 0.420110 0.297935 0.421488 0.318584 0.421488 0.321534 0.420110 0.327434 0.420110 0.330383 0.421488 0.339233 0.421488 0.339233 0.418733 0.342183 0.417355 0.353982 0.417355 0.353982 0.415978 0.356932 0.414601 0.362832 0.414601 0.365782 0.415978 0.365782 0.417355 0.436578 0.417355 0.439528 0.418733 0.439528 0.428375 0.436578 0.429752 0.410029 0.429752 0.410029 0.444904 0.407080 0.446281 0.401180 0.446281 0.398230 0.444904 0.398230 0.435262 0.392330 0.435262 0.392330 0.443526 0.389381 0.444904 0.383481 0.444904 0.380531 0.443526 0.380531 0.428375 0.374631 0.428375 0.374631 0.482094 0.371681 0.483471 0.371681 0.486226 0.368732 0.487603 0.362832 0.487603 0.362832 0.495868 0.359882 0.497245 0.348083 0.497245 0.345133 0.495868 0.345133 0.483471 0.339233 0.483471 0.339233 0.494490 0.342183 0.494490 0.345133 0.495868 0.345133 0.500000 0.362832 0.500000 0.365782 0.501377 0.365782 0.504132 0.362832 0.505510 0.362832 0.506887 0.359882 0.508264 0.353982 0.508264 0.351032 0.506887 0.339233 0.506887 0.336283 0.505510 0.336283 0.502755 0.294985 0.502755 0.292035 0.501377 0.292035 0.475207 0.286136 0.475207 0.286136 0.501377 0.292035 0.501377 0.294985 0.502755 0.294985 0.505510 0.289086 0.508264 0.277286 0.508264 0.277286 0.511019 0.283186 0.511019 0.286136 0.512397 0.286136 0.542700 0.289086 0.542700 0.292035 0.544077 0.292035 0.546832 0.289086 0.548209 0.286136 0.548209 0.286136 0.557851 0.283186 0.559229 0.277286 0.559229 0.277286 0.571625 0.280236 0.571625 0.283186 0.573003 0.283186 0.575758 0.286136 0.575758 0.289086 0.577135 0.289086 0.578512 0.303835 0.578512 0.306785 0.579890 0.306785 0.581267 0.309735 0.581267 0.312684 0.582645 0.312684 0.593664 0.309735 0.595041 0.309735 0.600551 0.306785 0.601928 0.306785 0.603306 0.303835 0.604683 0.303835 0.608815 0.300885 0.610193 0.300885 0.621212 0.303835 0.622590 0.303835 0.623967 0.306785 0.623967 0.309735 0.625344 0.309735 0.629477 0.312684 0.630854 0.312684 0.636364 0.315634 0.636364 0.318584 0.637741 0.318584 0.640496 0.315634 0.641873 0.309735 0.641873 0.306785 0.640496 0.306785 0.637741 0.300885 0.637741 0.300885 0.657025 0.306785 0.657025 0.306785 0.646006 0.309735 0.644628 0.315634 0.644628 0.318584 0.646006 0.318584 0.648760 0.324484 0.648760 0.324484 0.637741 0.321534 0.637741 0.318584 0.636364 0.318584 0.629477 0.321534 0.628099 0.333333 0.628099 0.333333 0.625344 0.330383 0.623967 0.330383 0.617080 0.333333 0.615702 0.342183 0.615702 0.342183 0.604683 0.339233 0.604683 0.336283 0.603306 0.336283 0.590909 0.333333 0.589532 0.333333 0.584022 0.336283 0.582645 0.351032 0.582645 0.353982 0.581267 0.359882 0.581267 0.362832 0.582645 0.377581 0.582645 0.380531 0.584022 0.380531 0.588154 0.377581 0.589532 0.377581 0.596419 0.383481 0.596419 0.386431 0.597796 0.386431 0.599174 0.392330 0.599174 0.395280 0.600551 0.395280 0.603306 0.392330 0.604683 0.386431 0.604683 0.386431 0.617080 0.383481 0.618457 0.377581 0.618457 0.377581 0.619835 0.374631 0.621212 0.371681 0.621212 0.371681 0.623967 0.374631 0.623967 0.377581 0.625344 0.377581 0.629477 0.374631 0.630854 0.368732 0.630854 0.368732 0.640496 0.392330 0.640496 0.395280 0.641873 0.395280 0.644628 0.392330 0.646006 0.392330 0.647383 0.389381 0.648760 0.380531 0.648760 0.377581 0.647383 0.377581 0.646006 0.368732 0.646006 0.368732 0.648760 0.383481 0.648760 0.386431 0.650138 0.386431 0.654270 0.383481 0.655647 0.377581 0.655647 0.374631 0.654270 0.368732 0.654270 0.368732 0.657025 0.374631 0.657025 0.377581 0.658402 0.377581 0.661157 0.374631 0.662534 0.374631 0.666667 0.368732 0.669421 0.365782 0.669421 0.365782 0.672176 0.362832 0.673554 0.362832 0.674931 0.359882 0.676309 0.359882 0.677686 0.356932 0.679063 0.356932 0.680441 0.351032 0.683196 0.351032 0.685950 0.345133 0.688705 0.345133 0.692837 0.342183 0.694215 0.342183 0.695592 0.339233 0.696970 0.339233 0.699725 0.336283 0.701102 0.336283 0.702479 0.333333 0.703857 0.333333 0.705234 0.330383 0.706612 0.330383 0.707989 0.327434 0.709366 0.327434 0.712121 0.324484 0.713499 0.324484 0.717631 0.321534 0.719008 0.321534 0.723140 0.318584 0.724518 0.318584 0.728650 0.315634 0.730028 0.315634 0.732782 0.318584 0.734160 0.318584 0.741047 0.321534 0.742424 0.321534 0.747934 0.324484 0.749311 0.324484 0.750689 0.327434 0.752066 0.327434 0.757576 0.330383 0.758953 0.330383 0.760331 0.333333 0.761708 0.336283 0.761708 0.339233 0.763085 0.339233 0.764463 0.342183 0.765840 0.342183 0.768595 0.345133 0.769972 0.345133 0.772727 0.342183 0.774105 0.333333 0.774105 0.333333 0.786501 0.339233 0.786501 0.339233 0.776860 0.342183 0.775482 0.348083 0.775482 0.351032 0.776860 0.351032 0.778237 0.356932 0.778237 0.359882 0.779614 0.359882 0.783747 0.362832 0.785124 0.362832 0.786501 0.374631 0.786501 0.374631 0.775482 0.371681 0.775482 0.368732 0.774105 0.368732 0.771350 0.362832 0.768595 0.353982 0.768595 0.351032 0.767218 0.351032 0.758953 0.348083 0.757576 0.348083 0.754821 0.345133 0.754821 0.342183 0.753444 0.342183 0.752066 0.339233 0.752066 0.336283 0.750689 0.336283 0.745179 0.339233 0.743802 0.339233 0.736915 0.342183 0.735537 0.342183 0.731405 0.339233 0.730028 0.339233 0.727273 0.345133 0.724518 0.345133 0.719008 0.348083 0.717631 0.351032 0.717631 0.351032 0.703857 0.353982 0.702479 0.365782 0.702479 0.368732 0.703857 0.368732 0.705234 0.374631 0.705234 0.374631 0.694215 0.377581 0.692837 0.383481 0.692837 0.386431 0.694215 0.386431 0.698347 0.392330 0.698347 0.392330 0.687328 0.389381 0.687328 0.386431 0.685950 0.386431 0.679063 0.389381 0.677686 0.401180 0.677686 0.404130 0.679063 0.404130 0.698347 0.410029 0.698347 0.410029 0.677686 0.407080 0.677686 0.404130 0.676309 0.404130 0.673554 0.401180 0.673554 0.398230 0.672176 0.398230 0.668044 0.404130 0.665289 0.404130 0.662534 0.407080 0.661157 0.421829 0.661157 0.421829 0.659780 0.424779 0.658402 0.430678 0.658402 0.433628 0.659780 0.433628 0.665289 0.430678 0.666667 0.430678 0.668044 0.427729 0.669421 0.421829 0.669421 0.418879 0.668044 0.418879 0.666667 0.412979 0.666667 0.412979 0.670799 0.424779 0.670799 0.427729 0.672176 0.427729 0.673554 0.430678 0.674931 0.430678 0.676309 0.439528 0.676309 0.442478 0.677686 0.442478 0.679063 0.445428 0.679063 0.448378 0.680441 0.448378 0.702479 0.451327 0.702479 0.454277 0.703857 0.454277 0.705234 0.463127 0.705234 0.466077 0.706612 0.466077 0.710744 0.463127 0.712121 0.457227 0.712121 0.457227 0.713499 0.454277 0.714876 0.454277 0.720386 0.460177 0.720386 0.463127 0.719008 0.469027 0.719008 0.471976 0.720386 0.471976 0.745179 0.477876 0.745179 0.477876 0.712121 0.474926 0.712121 0.471976 0.710744 0.471976 0.707989 0.474926 0.706612 0.480826 0.706612 0.483776 0.705234 0.495575 0.705234 0.498525 0.703857 0.510324 0.703857 0.513274 0.705234 0.513274 0.710744 0.510324 0.712121 0.507375 0.712121 0.507375 0.725895 0.504425 0.727273 0.498525 0.727273 0.495575 0.725895 0.495575 0.712121 0.489676 0.712121 0.489676 0.741047 0.495575 0.741047 0.495575 0.731405 0.498525 0.730028 0.510324 0.730028 0.513274 0.731405 0.513274 0.742424 0.528024 0.742424 0.530973 0.743802 0.530973 0.745179 0.533923 0.746556 0.551622 0.746556 0.554572 0.747934 0.554572 0.750689 0.551622 0.752066 0.548673 0.752066 0.548673 0.756198 0.545723 0.757576 0.539823 0.757576 0.539823 0.758953 0.536873 0.760331 0.530973 0.760331 0.530973 0.761708 0.528024 0.763085 0.516224 0.763085 0.513274 0.761708 0.513274 0.753444 0.507375 0.753444 0.507375 0.763085 0.504425 0.764463 0.501475 0.764463 0.501475 0.767218 0.498525 0.768595 0.495575 0.768595 0.495575 0.769972 0.492625 0.771350 0.483776 0.771350 0.480826 0.772727 0.477876 0.772727 0.477876 0.774105 0.474926 0.775482 0.466077 0.775482 0.463127 0.776860 0.463127 0.783747 0.466077 0.785124 0.477876 0.785124 0.480826 0.783747 0.489676 0.783747 0.492625 0.782369 0.528024 0.782369 0.530973 0.783747 0.530973 0.786501 0.528024 0.787879 0.528024 0.790634 0.525074 0.792011 0.522124 0.792011 0.522124 0.794766 0.519174 0.796143 0.477876 0.796143 0.477876 0.798898 0.474926 0.800275 0.463127 0.800275 0.460177 0.798898 0.460177 0.793388 0.454277 0.793388 0.454277 0.798898 0.451327 0.800275 0.445428 0.800275 0.442478 0.801653 0.421829 0.801653 0.418879 0.803030 0.410029 0.803030 0.407080 0.801653 0.407080 0.800275 0.401180 0.800275 0.401180 0.801653 0.398230 0.803030 0.398230 0.807163 0.401180 0.808540 0.401180 0.812672 0.407080 0.812672 0.407080 0.808540 0.410029 0.807163 0.415929 0.807163 0.418879 0.808540 0.424779 0.808540 0.427729 0.807163 0.433628 0.807163 0.433628 0.805785 0.436578 0.804408 0.442478 0.804408 0.445428 0.805785 0.445428 0.807163 0.457227 0.807163 0.460177 0.808540 0.469027 0.808540 0.471976 0.809917 0.471976 0.811295 0.477876 0.811295 0.480826 0.809917 0.483776 0.809917 0.486726 0.808540 0.492625 0.808540 0.495575 0.809917 0.495575 0.816804 0.492625 0.818182 0.489676 0.818182 0.489676 0.820937 0.495575 0.820937 0.495575 0.815427 0.498525 0.814050 0.501475 0.814050 0.501475 0.812672 0.504425 0.811295 0.513274 0.811295 0.516224 0.809917 0.528024 0.809917 0.530973 0.811295 0.530973 0.815427 0.533923 0.815427 0.539823 0.818182 0.539823 0.820937 0.545723 0.820937 0.548673 0.822314 0.548673 0.823691 0.560472 0.823691 0.563422 0.825069 0.572271 0.825069 0.575221 0.826446 0.575221 0.827824 0.581121 0.827824 0.581121 0.826446 0.584071 0.825069 0.587021 0.825069 0.587021 0.823691 0.589971 0.822314 0.592920 0.822314 0.595870 0.820937 0.598820 0.820937 0.598820 0.815427 0.601770 0.814050 0.604720 0.814050 0.607670 0.812672 0.607670 0.809917 0.610619 0.808540 0.616519 0.808540 0.619469 0.809917 0.619469 0.826446 0.622419 0.827824 0.622419 0.844353 0.619469 0.845730 0.619469 0.855372 0.622419 0.856749 0.622419 0.859504 0.619469 0.860882 0.619469 0.863636 0.616519 0.865014 0.616519 0.867769 0.613569 0.869146 0.610619 0.869146 0.610619 0.870523 0.607670 0.871901 0.607670 0.873278 0.604720 0.874656 0.601770 0.874656 0.601770 0.881543 0.598820 0.882920 0.598820 0.888430 0.595870 0.889807 0.592920 0.889807 0.592920 0.893939 0.589971 0.895317 0.589971 0.898072 0.595870 0.898072 0.595870 0.895317 0.598820 0.893939 0.598820 0.889807 0.601770 0.888430 0.613569 0.888430 0.616519 0.889807 0.616519 0.893939 0.622419 0.893939 0.622419 0.892562 0.625369 0.891185 0.625369 0.885675 0.628319 0.884298 0.631268 0.884298 0.631268 0.881543 0.634218 0.880165 0.634218 0.878788 0.637168 0.877410 0.648968 0.877410 0.648968 0.874656 0.643068 0.874656 0.640118 0.873278 0.640118 0.851240 0.643068 0.849862 0.646018 0.849862 0.646018 0.844353 0.643068 0.842975 0.643068 0.837466 0.640118 0.836088 0.640118 0.822314 0.643068 0.820937 0.651917 0.820937 0.651917 0.809917 0.654867 0.808540 0.660767 0.808540 0.663717 0.809917 0.666667 0.809917 0.675516 0.814050 0.675516 0.818182 0.678466 0.819559 0.678466 0.823691 0.681416 0.825069 0.681416 0.827824 0.684366 0.827824 0.687316 0.829201 0.690265 0.829201 0.693215 0.830579 0.693215 0.836088 0.699115 0.836088 0.702065 0.837466 0.702065 0.840220 0.705015 0.841598 0.705015 0.845730 0.707965 0.847107 0.707965 0.849862 0.710914 0.851240 0.710914 0.855372 0.713864 0.856749 0.713864 0.858127 0.716814 0.858127 0.719764 0.859504 0.719764 0.866391 0.713864 0.869146 0.707965 0.869146 0.707965 0.871901 0.702065 0.874656 0.699115 0.874656 0.696165 0.876033 0.693215 0.876033 0.690265 0.877410 0.687316 0.877410 0.687316 0.895317 0.684366 0.896694 0.684366 0.907713 0.681416 0.909091 0.681416 0.913223 0.684366 0.914601 0.684366 0.921488 0.681416 0.922865 0.681416 0.924242 0.678466 0.925620 0.669617 0.925620 0.669617 0.929752 0.675516 0.929752 0.678466 0.928375 0.690265 0.928375 0.696165 0.925620 0.702065 0.925620 0.705015 0.926997 0.705015 0.929752 0.719764 0.936639 0.719764 0.938017 0.725664 0.938017 0.731563 0.940771 0.740413 0.940771 0.743363 0.942149 0.749263 0.942149 0.755162 0.944904 0.755162 0.947658 0.761062 0.947658 0.764012 0.949036 0.764012 0.950413 0.766962 0.950413 0.769912 0.951791 0.769912 0.962810 0.766962 0.964187 0.764012 0.964187 0.764012 0.966942 0.766962 0.966942 0.769912 0.968320 0.769912 0.969697 0.772861 0.971074 0.778761 0.971074 0.778761 0.964187 0.775811 0.962810 0.775811 0.957300 0.778761 0.955923 0.778761 0.936639 0.775811 0.935262 0.775811 0.910468 0.772861 0.909091 0.772861 0.906336 0.775811 0.904959 0.775811 0.903581 0.778761 0.902204 0.787611 0.902204 0.790560 0.903581 0.790560 0.904959 0.805310 0.904959 0.811209 0.907713 0.811209 0.909091 0.817109 0.909091 0.817109 0.903581 0.823009 0.900826 0.837758 0.900826 0.840708 0.902204 0.849558 0.902204 0.852507 0.900826 0.867257 0.900826 0.870206 0.899449 0.884956 0.899449 0.884956 0.898072 0.887906 0.896694 0.899705 0.896694 0.905605 0.893939 0.905605 0.891185 0.902655 0.889807 0.902655 0.888430 0.896755 0.888430 0.890855 0.891185 0.879056 0.891185 0.873156 0.893939 0.852507 0.893939 0.849558 0.895317 0.825959 0.895317 0.823009 0.893939 0.817109 0.893939 0.814159 0.895317 0.808260 0.895317 0.805310 0.893939 0.784661 0.893939 0.781711 0.892562 0.772861 0.892562 0.769912 0.891185 0.766962 0.891185 0.764012 0.889807 0.764012 0.888430 0.758112 0.885675 0.758112 0.882920 0.755162 0.881543 0.755162 0.876033 0.758112 0.874656 0.761062 0.874656 0.761062 0.873278 0.764012 0.871901 0.764012 0.860882 0.761062 0.859504 0.761062 0.845730 0.755162 0.845730 0.755162 0.848485 0.752212 0.849862 0.743363 0.849862 0.740413 0.851240 0.734513 0.851240 0.731563 0.849862 0.731563 0.845730 0.725664 0.845730 0.719764 0.842975 0.719764 0.840220 0.722714 0.838843 0.725664 0.838843 0.728614 0.837466 0.749263 0.837466 0.749263 0.834711 0.713864 0.834711 0.710914 0.833333 0.710914 0.830579 0.705015 0.827824 0.705015 0.826446 0.702065 0.826446 0.699115 0.825069 0.699115 0.823691 0.696165 0.822314 0.696165 0.812672 0.687316 0.812672 0.684366 0.811295 0.684366 0.809917 0.681416 0.808540 0.681416 0.805785 0.684366 0.804408 0.687316 0.804408 0.687316 0.800275 0.681416 0.800275 0.678466 0.801653 0.672566 0.801653 0.669617 0.800275 0.669617 0.760331 0.672566 0.758953 0.678466 0.758953 0.681416 0.760331 0.681416 0.763085 0.687316 0.763085 0.687316 0.760331 0.690265 0.758953 0.707965 0.758953 0.713864 0.761708 0.713864 0.763085 0.728614 0.763085 0.731563 0.764463 0.731563 0.774105 0.737463 0.774105 0.737463 0.761708 0.740413 0.760331 0.746313 0.760331 0.749263 0.761708 0.749263 0.769972 0.755162 0.769972 0.755162 0.764463 0.758112 0.763085 0.764012 0.763085 0.766962 0.764463 0.766962 0.765840 0.772861 0.765840 0.772861 0.760331 0.758112 0.760331 0.755162 0.758953 0.755162 0.753444 0.749263 0.753444 0.749263 0.754821 0.746313 0.756198 0.740413 0.756198 0.731563 0.752066 0.731563 0.747934 0.734513 0.746556 0.740413 0.746556 0.743363 0.747934 0.749263 0.747934 0.752212 0.746556 0.781711 0.746556 0.781711 0.745179 0.784661 0.743802 0.790560 0.743802 0.793510 0.745179 0.793510 0.746556 0.796460 0.747934 0.817109 0.747934 0.820059 0.746556 0.825959 0.746556 0.834808 0.750689 0.837758 0.750689 0.840708 0.752066 0.840708 0.753444 0.843658 0.754821 0.843658 0.758953 0.846608 0.758953 0.855457 0.763085 0.855457 0.764463 0.867257 0.764463 0.867257 0.761708 0.864307 0.760331 0.864307 0.758953 0.858407 0.756198 0.858407 0.754821 0.852507 0.752066 0.852507 0.749311 0.855457 0.747934 0.870206 0.747934 0.873156 0.746556 0.882006 0.746556 0.887906 0.749311 0.887906 0.757576 0.890855 0.757576 0.893805 0.758953 0.893805 0.761708 0.899705 0.764463 0.899705 0.767218 0.902655 0.768595 0.902655 0.771350 0.914454 0.771350 0.917404 0.772727 0.917404 0.783747 0.914454 0.785124 0.914454 0.811295 0.911504 0.812672 0.911504 0.814050 0.905605 0.816804 0.905605 0.819559 0.902655 0.820937 0.902655 0.822314 0.896755 0.825069 0.896755 0.826446 0.893805 0.827824 0.890855 0.827824 0.890855 0.831956 0.879056 0.837466 0.879056 0.842975 0.882006 0.842975 0.884956 0.844353 0.884956 0.845730 0.893805 0.845730 0.893805 0.840220 0.896755 0.838843 0.896755 0.837466 0.899705 0.836088 0.899705 0.830579 0.902655 0.829201 0.905605 0.829201 0.908555 0.827824 0.908555 0.825069 0.911504 0.823691 0.911504 0.820937 0.914454 0.819559 0.914454 0.818182 0.917404 0.816804 0.923304 0.816804 0.923304 0.815427 0.926254 0.814050 0.926254 0.809917 0.929204 0.808540 0.929204 0.807163 0.932153 0.805785 0.932153 0.803030 0.938053 0.800275 0.941003 0.800275 0.941003 0.792011 0.943953 0.790634 0.949853 0.790634 0.949853 0.787879 0.952802 0.786501 0.952802 0.780992 0.955752 0.779614 0.955752 0.767218 0.958702 0.765840 0.958702 0.756198 0.961652 0.754821 0.961652 0.749311 0.964602 0.747934 0.985251 0.747934 0.985251 0.746556 0.988201 0.745179 0.988201 0.728650 0.991150 0.727273 0.991150 0.721763 0.994100 0.720386 0.997050 0.720386 0.997050 0.717631 0.994100 0.717631 0.991150 0.716253 0.991150 0.709366 0.988201 0.707989 0.988201 0.703857 0.985251 0.703857 0.982301 0.702479 0.982301 0.688705 0.976401 0.688705 0.976401 0.690083 0.973451 0.691460 0.961652 0.691460 0.958702 0.690083 0.958702 0.688705 0.955752 0.687328 0.955752 0.677686 0.943953 0.677686 0.941003 0.676309 0.941003 0.668044 0.935103 0.668044 0.935103 0.669421 0.932153 0.670799 0.926254 0.670799 0.923304 0.669421 0.923304 0.668044 0.914454 0.668044 0.914454 0.672176 0.920354 0.674931 0.920354 0.677686 0.917404 0.679063 0.908555 0.679063 0.908555 0.687328 0.905605 0.688705 0.899705 0.688705 0.896755 0.687328 0.896755 0.679063 0.890855 0.679063 0.890855 0.690083 0.887906 0.691460 0.879056 0.691460 0.876106 0.692837 0.834808 0.692837 0.828909 0.690083 0.828909 0.679063 0.825959 0.679063 0.823009 0.677686 0.823009 0.668044 0.825959 0.666667 0.837758 0.666667 0.837758 0.659780 0.840708 0.658402 0.843658 0.658402 0.843658 0.654270 0.846608 0.652893 0.846608 0.648760 0.852507 0.646006 0.852507 0.639118 0.855457 0.637741 0.855457 0.636364 0.858407 0.634986 0.861357 0.634986 0.861357 0.633609 0.864307 0.632231 0.864307 0.630854 0.867257 0.629477 0.867257 0.617080 0.870206 0.615702 0.870206 0.595041 0.867257 0.593664 0.867257 0.589532 0.861357 0.589532 0.861357 0.592287 0.858407 0.593664 0.858407 0.597796 0.855457 0.599174 0.849558 0.599174 0.846608 0.597796 0.846608 0.592287 0.840708 0.592287 0.840708 0.595041 0.843658 0.595041 0.846608 0.596419 0.846608 0.600551 0.843658 0.601928 0.837758 0.601928 0.834808 0.603306 0.831858 0.603306 0.831858 0.604683 0.828909 0.606061 0.814159 0.606061 0.811209 0.604683 0.811209 0.601928 0.814159 0.600551 0.814159 0.596419 0.811209 0.595041 0.811209 0.592287 0.805310 0.592287 0.805310 0.596419 0.808260 0.597796 0.808260 0.600551 0.805310 0.601928 0.805310 0.608815 0.802360 0.610193 0.787611 0.610193 0.784661 0.608815 0.784661 0.601928 0.778761 0.601928 0.775811 0.600551 0.775811 0.592287 0.769912 0.592287 0.769912 0.595041 0.766962 0.596419 0.755162 0.596419 0.752212 0.595041 0.752212 0.590909 0.613569 0.590909 0.610619 0.589532 0.604720 0.589532 0.601770 0.590909 0.595870 0.590909 0.592920 0.589532 0.592920 0.582645 0.598820 0.579890 0.601770 0.579890 0.601770 0.570248 0.604720 0.568871 0.604720 0.559229 0.610619 0.556474 0.610619 0.533058 0.613569 0.531680 0.622419 0.531680 0.625369 0.533058 0.625369 0.549587 0.628319 0.549587 0.631268 0.550964 0.631268 0.584022 0.637168 0.584022 0.637168 0.549587 0.634218 0.549587 0.631268 0.548209 0.631268 0.545455 0.634218 0.544077 0.654867 0.544077 0.654867 0.538567 0.657817 0.537190 0.663717 0.537190 0.666667 0.538567 0.666667 0.544077 0.672566 0.544077 0.672566 0.515152 0.675516 0.513774 0.681416 0.513774 0.684366 0.515152 0.684366 0.528926 0.690265 0.528926 0.690265 0.512397 0.693215 0.511019 0.716814 0.511019 0.719764 0.512397 0.734513 0.512397 0.737463 0.513774 0.737463 0.535813 0.743363 0.535813 0.743363 0.513774 0.746313 0.512397 0.752212 0.512397 0.755162 0.513774 0.755162 0.537190 0.778761 0.537190 0.778761 0.526171 0.772861 0.526171 0.772861 0.531680 0.769912 0.533058 0.764012 0.533058 0.761062 0.531680 0.761062 0.513774 0.764012 0.512397 0.769912 0.512397 0.772861 0.513774 0.772861 0.520661 0.778761 0.520661 0.778761 0.513774 0.781711 0.512397 0.787611 0.512397 0.790560 0.511019 0.805310 0.511019 0.808260 0.512397 0.820059 0.512397 0.823009 0.513774 0.828909 0.513774 0.828909 0.512397 0.831858 0.511019 0.837758 0.511019 0.840708 0.512397 0.840708 0.520661 0.846608 0.520661 0.846608 0.513774 0.849558 0.512397 0.855457 0.512397 0.858407 0.513774 0.864307 0.513774 0.870206 0.511019 0.873156 0.511019 0.873156 0.508264 0.861357 0.508264 0.858407 0.506887 0.858407 0.505510 0.831858 0.505510 0.831858 0.506887 0.828909 0.508264 0.823009 0.508264 0.820059 0.506887 0.820059 0.505510 0.799410 0.505510 0.799410 0.506887 0.796460 0.508264 0.790560 0.508264 0.787611 0.506887 0.787611 0.505510 0.764012 0.505510 0.764012 0.506887 0.761062 0.508264 0.755162 0.508264 0.752212 0.506887 0.752212 0.505510 0.746313 0.505510 0.743363 0.504132 0.743363 0.486226 0.737463 0.486226 0.737463 0.504132 0.734513 0.505510 0.728614 0.505510 0.728614 0.506887 0.725664 0.508264 0.719764 0.508264 0.716814 0.506887 0.716814 0.505510 0.710914 0.505510 0.710914 0.506887 0.707965 0.508264 0.702065 0.508264 0.699115 0.506887 0.699115 0.504132 0.693215 0.504132 0.693215 0.506887 0.690265 0.508264 0.684366 0.508264 0.681416 0.506887 0.681416 0.505510 0.660767 0.505510 0.660767 0.506887 0.657817 0.508264 0.648968 0.508264 0.646018 0.506887 0.646018 0.505510 0.643068 0.505510 0.640118 0.504132 0.640118 0.477961 0.634218 0.477961 0.634218 0.501377 0.628319 0.504132 0.625369 0.504132 0.625369 0.511019 0.631268 0.511019 0.634218 0.512397 0.634218 0.523416 0.631268 0.524793 0.631268 0.526171 0.628319 0.527548 0.619469 0.527548 0.616519 0.528926 0.607670 0.528926 0.604720 0.527548 0.604720 0.524793 0.598820 0.524793 0.598820 0.528926 0.601770 0.528926 0.604720 0.530303 0.604720 0.533058 0.601770 0.534435 0.598820 0.534435 0.595870 0.535813 0.592920 0.535813 0.589971 0.537190 0.587021 0.537190 0.587021 0.538567 0.584071 0.539945 0.572271 0.539945 0.569322 0.538567 0.569322 0.533058 0.563422 0.533058 0.563422 0.539945 0.566372 0.539945 0.569322 0.541322 0.569322 0.544077 0.566372 0.545455 0.554572 0.545455 0.551622 0.544077 0.551622 0.513774 0.554572 0.512397 0.560472 0.512397 0.563422 0.513774 0.563422 0.527548 0.569322 0.527548 0.569322 0.513774 0.572271 0.512397 0.578171 0.512397 0.581121 0.513774 0.581121 0.528926 0.587021 0.528926 0.587021 0.513774 0.589971 0.512397 0.595870 0.512397 0.598820 0.513774 0.604720 0.513774 0.607670 0.512397 0.613569 0.512397 0.613569 0.508264 0.598820 0.508264 0.595870 0.506887 0.595870 0.504132 0.598820 0.502755 0.604720 0.502755 0.604720 0.484848 0.598820 0.484848 0.598820 0.502755 0.595870 0.504132 0.589971 0.504132 0.587021 0.502755 0.587021 0.493113 0.581121 0.493113 0.581121 0.502755 0.578171 0.504132 0.554572 0.504132 0.551622 0.502755 0.551622 0.477961 0.554572 0.476584 0.560472 0.476584 0.563422 0.477961 0.563422 0.494490 0.569322 0.494490 0.569322 0.469697 0.563422 0.469697 0.563422 0.471074 0.560472 0.472452 0.545723 0.472452 0.545723 0.501377 0.542773 0.502755 0.504425 0.502755 0.501475 0.501377 0.501475 0.498623 0.504425 0.497245 0.519174 0.497245 0.519174 0.468320 0.513274 0.468320 0.513274 0.479339 0.510324 0.480716 0.504425 0.480716 0.501475 0.479339 0.501475 0.429752 0.495575 0.429752 0.495575 0.486226 0.492625 0.487603 0.486726 0.487603 0.483776 0.486226 0.483776 0.483471 0.477876 0.483471 0.477876 0.486226 0.474926 0.487603 0.469027 0.487603 0.466077 0.486226 0.466077 0.428375 0.463127 0.428375 0.460177 0.426997 0.460177 0.421488 0.463127 0.420110 0.466077 0.420110 0.466077 0.418733 0.469027 0.417355 0.471976 0.417355 0.471976 0.415978 0.474926 0.414601 0.480826 0.414601 0.483776 0.415978 0.483776 0.417355 0.492625 0.417355 0.495575 0.418733 0.495575 0.420110 0.501475 0.420110 0.501475 0.417355 0.504425 0.415978 0.513274 0.415978 0.513274 0.406336 0.504425 0.406336 0.501475 0.404959 0.501475 0.402204 0.504425 0.400826 0.542773 0.400826 0.542773 0.396694 0.545723 0.395317 0.545723 0.393939 0.548673 0.392562 0.563422 0.392562 0.563422 0.388430 0.566372 0.387052 0.581121 0.387052 0.581121 0.382920 0.584071 0.381543 0.584071 0.378788 0.581121 0.377410 0.581121 0.363636 0.584071 0.362259 0.584071 0.359504 0.578171 0.359504 0.575221 0.360882 0.569322 0.360882 0.566372 0.359504 0.563422 0.359504 0.560472 0.358127 0.557522 0.358127 0.554572 0.356749 0.554572 0.347107 0.557522 0.345730 0.563422 0.345730 0.566372 0.347107 0.566372 0.349862 0.572271 0.349862 0.572271 0.347107 0.566372 0.347107 0.563422 0.345730 0.563422 0.341598 0.566372 0.340220 0.572271 0.340220 0.572271 0.322314 0.575221 0.320937 0.581121 0.320937 0.584071 0.322314 0.584071 0.338843 0.589971 0.338843 0.589971 0.322314 0.592920 0.320937 0.598820 0.320937 0.601770 0.322314 0.601770 0.340220 0.607670 0.340220 0.607670 0.315427 0.610619 0.314050 0.616519 0.314050 0.616519 0.292011 0.619469 0.290634 0.625369 0.290634 0.628319 0.292011 0.628319 0.305785 0.634218 0.305785 0.637168 0.307163 0.637168 0.316804 0.643068 0.316804 0.643068 0.305785 0.640118 0.305785 0.637168 0.304408 0.637168 0.301653 0.640118 0.300275 0.643068 0.300275 0.643068 0.298898 0.646018 0.297521 0.651917 0.297521 0.654867 0.298898 0.654867 0.300275 0.660767 0.300275 0.660767 0.287879 0.663717 0.286501 0.666667 0.286501 0.669617 0.285124 0.678466 0.285124 0.678466 0.276860 0.672566 0.276860 0.669617 0.275482 0.669617 0.269972 0.660767 0.269972 0.660767 0.275482 0.657817 0.276860 0.651917 0.276860 0.648968 0.275482 0.648968 0.271350 0.643068 0.271350 0.643068 0.272727 0.640118 0.274105 0.637168 0.274105 0.634218 0.275482 0.634218 0.278237 0.628319 0.280992 0.628319 0.282369 0.625369 0.283747 0.625369 0.286501 0.622419 0.287879 0.610619 0.287879 0.610619 0.290634 0.604720 0.293388 0.592920 0.293388 0.589971 0.292011 0.589971 0.286501 0.592920 0.285124 0.607670 0.285124 0.607670 0.279614 0.610619 0.278237 0.610619 0.267218 0.595870 0.267218 0.592920 0.265840 0.584071 0.265840 0.581121 0.267218 0.569322 0.267218 0.569322 0.271350 0.566372 0.272727 0.560472 0.272727 0.557522 0.271350 0.548673 0.271350 0.545723 0.269972 0.545723 0.267218 0.536873 0.267218 0.530973 0.264463 0.530973 0.253444 0.533923 0.252066 0.533923 0.236915 0.530973 0.236915 0.528024 0.235537 0.528024 0.232782 0.530973 0.231405 0.533923 0.231405 0.533923 0.225895 0.536873 0.224518 0.548673 0.224518 0.551622 0.225895 0.551622 0.253444 0.557522 0.253444 0.557522 0.247934 0.560472 0.246556 0.566372 0.246556 0.569322 0.247934 0.569322 0.258953 0.575221 0.258953 0.575221 0.257576 0.578171 0.256198 0.584071 0.256198 0.587021 0.257576 0.587021 0.258953 0.592920 0.258953 0.592920 0.241047 0.595870 0.239669 0.601770 0.239669 0.604720 0.241047 0.604720 0.253444 0.610619 0.253444 0.610619 0.241047 0.613569 0.239669 0.616519 0.239669 0.616519 0.212121 0.613569 0.212121 0.610619 0.210744 0.610619 0.209366 0.607670 0.209366 0.604720 0.207989 0.604720 0.206612 0.601770 0.206612 0.598820 0.205234 0.598820 0.202479 0.589971 0.202479 0.587021 0.201102 0.587021 0.190083 0.589971 0.188705 0.592920 0.188705 0.592920 0.185950 0.589971 0.185950 0.587021 0.184573 0.587021 0.180441 0.578171 0.180441 0.578171 0.181818 0.575221 0.183196 0.569322 0.183196 0.566372 0.181818 0.566372 0.179063 0.563422 0.177686 0.563422 0.172176 0.566372 0.170799 0.578171 0.170799 0.578171 0.163912 0.581121 0.162534 0.592920 0.162534 0.592920 0.157025 0.595870 0.155647 0.601770 0.155647 0.604720 0.157025 0.604720 0.172176 0.610619 0.172176 0.610619 0.148760 0.613569 0.147383 0.613569 0.143251 0.598820 0.143251 0.595870 0.141873 0.595870 0.139118 0.598820 0.137741 0.613569 0.137741 0.613569 0.126722 0.598820 0.126722 0.595870 0.125344 0.595870 0.122590 0.598820 0.121212 0.613569 0.121212 0.613569 0.118457 0.598820 0.118457 0.595870 0.117080 0.595870 0.111570 0.592920 0.111570 0.589971 0.110193 0.589971 0.107438 0.572271 0.107438 0.569322 0.106061 0.569322 0.099174 0.572271 0.097796 0.587021 0.097796 0.589971 0.096419 0.589971 0.092287 0.592920 0.090909 0.595870 0.090909 0.595870 0.079890 0.598820 0.078512 0.601770 0.078512 0.601770 0.075758 0.604720 0.074380 0.613569 0.074380 0.613569 0.061983 0.610619 0.061983 0.607670 0.060606 0.607670 0.052342 0.610619 0.050964 0.613569 0.050964 0.613569 0.024793 0.607670 0.024793 0.607670 0.027548 0.604720 0.028926 0.598820 0.028926 0.595870 0.027548 0.595870 0.022039 0.589971 0.022039 0.587021 0.023416 0.566372 0.023416 0.563422 0.022039 0.554572 0.022039 0.554572 0.056474 0.551622 0.057851 0.548673 0.057851 0.548673 0.060606 0.551622 0.060606 0.554572 0.061983 0.554572 0.074380 0.560472 0.074380 0.560472 0.070248 0.563422 0.068871 0.572271 0.068871 0.575221 0.070248 0.575221 0.075758 0.572271 0.077135 0.563422 0.077135 0.563422 0.078512 0.557522 0.081267 0.551622 0.081267 0.548673 0.082645 0.548673 0.089532 0.545723 0.090909 0.545723 0.092287 0.539823 0.095041 0.533923 0.095041 0.533923 0.106061 0.530973 0.107438 0.522124 0.107438 0.519174 0.106061 0.513274 0.106061 0.513274 0.110193 0.510324 0.111570 0.504425 0.111570 0.501475 0.110193 0.501475 0.104683 0.498525 0.103306 0.483776 0.103306 0.480826 0.101928 0.480826 0.097796 0.483776 0.096419 0.501475 0.096419 0.504425 0.095041 0.510324 0.095041 0.513274 0.093664 0.513274 0.092287 0.516224 0.090909 0.528024 0.090909 0.528024 0.061983 0.530973 0.060606 0.533923 0.060606 0.533923 0.057851 0.530973 0.057851 0.528024 0.056474 0.528024 0.023416 0.522124 0.023416 0.522124 0.048209 0.519174 0.049587 0.513274 0.049587 0.510324 0.048209 0.510324 0.037190 0.507375 0.037190 0.504425 0.035813 0.504425 0.033058 0.507375 0.031680 0.510324 0.031680 0.510324 0.023416 0.507375 0.023416 0.501475 0.020661 0.501475 0.017906 0.504425 0.016529 0.504425 0.009642 0.507375 0.008264 0.510324 0.008264 0.510324 0.005510 0.507375 0.005510 0.504425 0.004132 0.504425 0.000000