0 0.972549 0.892604 0.968627 0.894630 0.964706 0.894630 0.960784 0.896657 0.956863 0.896657 0.954902 0.897670 0.952941 0.897670 0.950980 0.898683 0.950980 0.899696 0.949020 0.900709 0.949020 0.902736 0.952941 0.902736 0.954902 0.901722 0.964706 0.901722 0.966667 0.902736 0.966667 0.904762 0.968627 0.904762 0.970588 0.905775 0.980392 0.905775 0.982353 0.904762 0.994118 0.904762 0.996078 0.905775 0.996078 0.907801 0.998039 0.907801 0.998039 0.894630 0.996078 0.894630 0.992157 0.892604
0 0.986275 0.292806 0.984314 0.293820 0.974510 0.293820 0.972549 0.294833 0.970588 0.294833 0.968627 0.295846 0.966667 0.295846 0.958824 0.299899 0.958824 0.300912 0.956863 0.301925 0.956863 0.302938 0.952941 0.304965 0.952941 0.308004 0.949020 0.310030 0.949020 0.311044 0.947059 0.312057 0.947059 0.314083 0.945098 0.315096 0.945098 0.317123 0.943137 0.318136 0.943137 0.325228 0.945098 0.326241 0.954902 0.326241 0.956863 0.327254 0.956863 0.329281 0.954902 0.330294 0.952941 0.330294 0.952941 0.333333 0.954902 0.333333 0.958824 0.335360 0.962745 0.335360 0.962745 0.331307 0.964706 0.330294 0.966667 0.330294 0.966667 0.320162 0.968627 0.319149 0.972549 0.319149 0.972549 0.318136 0.974510 0.317123 0.976471 0.317123 0.976471 0.313070 0.978431 0.312057 0.978431 0.309017 0.982353 0.306991 0.982353 0.302938 0.974510 0.302938 0.972549 0.301925 0.972549 0.298886 0.974510 0.297872 0.980392 0.297872 0.982353 0.296859 0.986275 0.296859 0.988235 0.295846 0.990196 0.295846 0.992157 0.294833 0.998039 0.294833 0.998039 0.292806
0 0.009804 0.246201 0.009804 0.250253 0.007843 0.251266 0.000000 0.251266 0.000000 0.264438 0.013725 0.264438 0.015686 0.263425 0.021569 0.263425 0.023529 0.264438 0.025490 0.264438 0.027451 0.265451 0.027451 0.266464 0.031373 0.266464 0.031373 0.265451 0.033333 0.264438 0.035294 0.264438 0.035294 0.262411 0.033333 0.261398 0.033333 0.259372 0.031373 0.258359 0.031373 0.256332 0.029412 0.255319 0.015686 0.255319 0.013725 0.254306 0.013725 0.246201
0 0.205882 0.204661 0.205882 0.231003 0.209804 0.231003 0.209804 0.204661
0 0.870588 0.190476 0.870588 0.207700 0.876471 0.207700 0.876471 0.190476
0 0.992157 0.185410 0.992157 0.186424 0.990196 0.187437 0.990196 0.194529 0.988235 0.195542 0.986275 0.195542 0.986275 0.203647 0.992157 0.203647 0.992157 0.196555 0.994118 0.195542 0.998039 0.195542 0.998039 0.185410
0 0.964706 0.182371 0.964706 0.185410 0.966667 0.186424 0.966667 0.190476 0.964706 0.191489 0.964706 0.200608 0.966667 0.201621 0.966667 0.202634 0.968627 0.203647 0.968627 0.204661 0.972549 0.204661 0.972549 0.203647 0.974510 0.202634 0.974510 0.201621 0.976471 0.200608 0.978431 0.200608 0.978431 0.198582 0.976471 0.197568 0.976471 0.188450 0.980392 0.186424 0.982353 0.186424 0.982353 0.184397 0.980392 0.184397 0.978431 0.183384 0.978431 0.182371
0 0.803922 0.182371 0.803922 0.185410 0.811765 0.185410 0.813725 0.186424 0.813725 0.192503 0.811765 0.193516 0.803922 0.193516 0.803922 0.196555 0.811765 0.196555 0.813725 0.197568 0.817647 0.197568 0.817647 0.184397 0.809804 0.184397 0.807843 0.183384 0.807843 0.182371
0 0.103922 0.034448 0.103922 0.054711 0.101961 0.055724 0.098039 0.055724 0.096078 0.054711 0.096078 0.050659 0.092157 0.050659 0.092157 0.056738 0.100000 0.056738 0.103922 0.058764 0.103922 0.065856 0.105882 0.066869 0.105882 0.068896 0.111765 0.068896 0.111765 0.064843 0.113725 0.063830 0.123529 0.063830 0.125490 0.064843 0.125490 0.081054 0.129412 0.081054 0.129412 0.078014 0.131373 0.077001 0.135294 0.077001 0.137255 0.078014 0.137255 0.082067 0.141176 0.082067 0.141176 0.080041 0.139216 0.079027 0.139216 0.077001 0.141176 0.075988 0.141176 0.063830 0.133333 0.063830 0.131373 0.062817 0.131373 0.057751 0.133333 0.056738 0.135294 0.056738 0.135294 0.054711 0.133333 0.054711 0.131373 0.053698 0.131373 0.037487 0.125490 0.037487 0.125490 0.059777 0.123529 0.060790 0.121569 0.060790 0.119608 0.061803 0.109804 0.061803 0.107843 0.060790 0.107843 0.034448
0 0.080392 0.030395 0.080392 0.056738 0.084314 0.056738 0.084314 0.030395
0 0.011765 0.020263 0.011765 0.059777 0.015686 0.059777 0.015686 0.020263
0 0.382353 0.000000 0.382353 0.001013 0.380392 0.002026 0.374510 0.002026 0.374510 0.005066 0.372549 0.006079 0.362745 0.006079 0.360784 0.005066 0.360784 0.003040 0.356863 0.003040 0.356863 0.006079 0.354902 0.007092 0.347059 0.007092 0.347059 0.017224 0.345098 0.018237 0.345098 0.020263 0.347059 0.021277 0.347059 0.026342 0.345098 0.027356 0.339216 0.027356 0.337255 0.026342 0.337255 0.013171 0.333333 0.013171 0.333333 0.030395 0.339216 0.030395 0.341176 0.031408 0.341176 0.038501 0.343137 0.039514 0.343137 0.049645 0.341176 0.050659 0.329412 0.050659 0.329412 0.057751 0.327451 0.058764 0.321569 0.058764 0.319608 0.057751 0.319608 0.056738 0.315686 0.056738 0.313725 0.055724 0.313725 0.052685 0.309804 0.052685 0.307843 0.051672 0.307843 0.050659 0.305882 0.050659 0.303922 0.049645 0.303922 0.034448 0.298039 0.034448 0.298039 0.042553 0.296078 0.043566 0.292157 0.043566 0.290196 0.042553 0.290196 0.040527 0.288235 0.040527 0.286275 0.039514 0.282353 0.039514 0.280392 0.038501 0.280392 0.034448 0.276471 0.034448 0.274510 0.035461 0.270588 0.035461 0.268627 0.034448 0.268627 0.025329 0.262745 0.025329 0.256863 0.022290 0.256863 0.018237 0.250980 0.018237 0.249020 0.017224 0.247059 0.017224 0.245098 0.016211 0.245098 0.007092 0.241176 0.007092 0.241176 0.019250 0.239216 0.020263 0.233333 0.020263 0.231373 0.021277 0.231373 0.025329 0.237255 0.028369 0.237255 0.029382 0.239216 0.030395 0.239216 0.033435 0.241176 0.034448 0.241176 0.044580 0.239216 0.045593 0.223529 0.045593 0.221569 0.044580 0.211765 0.044580 0.209804 0.043566 0.209804 0.041540 0.205882 0.041540 0.205882 0.042553 0.203922 0.043566 0.196078 0.043566 0.196078 0.047619 0.194118 0.048632 0.192157 0.048632 0.192157 0.053698 0.198039 0.053698 0.200000 0.054711 0.200000 0.059777 0.201961 0.060790 0.201961 0.062817 0.200000 0.063830 0.194118 0.063830 0.194118 0.080041 0.192157 0.081054 0.178431 0.081054 0.176471 0.080041 0.172549 0.080041 0.172549 0.082067 0.180392 0.082067 0.182353 0.083080 0.182353 0.085106 0.188235 0.085106 0.188235 0.083080 0.190196 0.082067 0.198039 0.082067 0.198039 0.073961 0.200000 0.072948 0.211765 0.072948 0.213725 0.073961 0.213725 0.074975 0.215686 0.074975 0.217647 0.075988 0.217647 0.079027 0.215686 0.080041 0.205882 0.080041 0.205882 0.082067 0.215686 0.082067 0.217647 0.083080 0.217647 0.085106 0.215686 0.086120 0.213725 0.086120 0.213725 0.093212 0.217647 0.093212 0.219608 0.094225 0.219608 0.101317 0.217647 0.102330 0.217647 0.106383 0.221569 0.106383 0.225490 0.108409 0.225490 0.111449 0.239216 0.111449 0.241176 0.112462 0.241176 0.118541 0.239216 0.119554 0.229412 0.119554 0.229412 0.122594 0.239216 0.122594 0.241176 0.123607 0.241176 0.207700 0.239216 0.208713 0.239216 0.210740 0.237255 0.211753 0.237255 0.213779 0.235294 0.214792 0.235294 0.218845 0.237255 0.218845 0.239216 0.219858 0.239216 0.221884 0.237255 0.222898 0.235294 0.222898 0.235294 0.225937 0.233333 0.226950 0.225490 0.226950 0.225490 0.229990 0.233333 0.229990 0.235294 0.231003 0.237255 0.231003 0.239216 0.232016 0.239216 0.290780 0.237255 0.291793 0.229412 0.291793 0.229412 0.295846 0.233333 0.295846 0.235294 0.296859 0.235294 0.306991 0.233333 0.308004 0.221569 0.308004 0.219608 0.306991 0.219608 0.305978 0.211765 0.305978 0.209804 0.306991 0.200000 0.306991 0.198039 0.305978 0.198039 0.302938 0.194118 0.302938 0.194118 0.306991 0.192157 0.308004 0.186275 0.308004 0.186275 0.311044 0.188235 0.311044 0.194118 0.314083 0.194118 0.324215 0.192157 0.325228 0.192157 0.327254 0.196078 0.327254 0.198039 0.326241 0.201961 0.326241 0.203922 0.327254 0.203922 0.332320 0.205882 0.333333 0.205882 0.337386 0.203922 0.338399 0.201961 0.338399 0.201961 0.339412 0.200000 0.340426 0.200000 0.343465 0.198039 0.344478 0.198039 0.348531 0.196078 0.349544 0.188235 0.349544 0.186275 0.348531 0.186275 0.333333 0.182353 0.333333 0.182353 0.379939 0.180392 0.380952 0.180392 0.381966 0.178431 0.382979 0.178431 0.383992 0.176471 0.385005 0.176471 0.388045 0.182353 0.388045 0.186275 0.390071 0.186275 0.392097 0.188235 0.393110 0.188235 0.397163 0.190196 0.398176 0.190196 0.400203 0.188235 0.401216 0.182353 0.401216 0.182353 0.410334 0.186275 0.410334 0.186275 0.403242 0.188235 0.402229 0.192157 0.402229 0.194118 0.403242 0.194118 0.405268 0.196078 0.406282 0.196078 0.407295 0.198039 0.407295 0.203922 0.410334 0.203922 0.411348 0.205882 0.412361 0.205882 0.414387 0.209804 0.414387 0.211765 0.415400 0.211765 0.417427 0.213725 0.417427 0.215686 0.418440 0.215686 0.419453 0.221569 0.419453 0.223529 0.420466 0.223529 0.422492 0.225490 0.422492 0.227451 0.423506 0.227451 0.425532 0.233333 0.425532 0.235294 0.426545 0.237255 0.426545 0.239216 0.427558 0.239216 0.435664 0.243137 0.435664 0.243137 0.431611 0.245098 0.430598 0.249020 0.430598 0.250980 0.431611 0.250980 0.434650 0.254902 0.434650 0.258824 0.436677 0.258824 0.437690 0.264706 0.440729 0.264706 0.441743 0.266667 0.441743 0.272549 0.444782 0.272549 0.445795 0.274510 0.446809 0.274510 0.447822 0.276471 0.448835 0.276471 0.449848 0.278431 0.450861 0.278431 0.451874 0.282353 0.451874 0.282353 0.448835 0.286275 0.446809 0.288235 0.446809 0.288235 0.444782 0.290196 0.443769 0.294118 0.443769 0.296078 0.444782 0.300000 0.444782 0.300000 0.442756 0.301961 0.441743 0.301961 0.432624 0.303922 0.431611 0.307843 0.431611 0.309804 0.432624 0.309804 0.437690 0.311765 0.437690 0.313725 0.438703 0.313725 0.439716 0.317647 0.439716 0.317647 0.435664 0.319608 0.434650 0.325490 0.434650 0.325490 0.429585 0.327451 0.428571 0.339216 0.428571 0.341176 0.427558 0.347059 0.427558 0.349020 0.426545 0.352941 0.426545 0.354902 0.427558 0.354902 0.432624 0.358824 0.432624 0.358824 0.426545 0.360784 0.425532 0.364706 0.425532 0.366667 0.426545 0.366667 0.431611 0.370588 0.431611 0.370588 0.429585 0.372549 0.428571 0.376471 0.428571 0.378431 0.429585 0.388235 0.429585 0.390196 0.430598 0.390196 0.435664 0.394118 0.435664 0.396078 0.436677 0.396078 0.437690 0.398039 0.438703 0.398039 0.445795 0.396078 0.446809 0.396078 0.449848 0.398039 0.450861 0.398039 0.452888 0.396078 0.453901 0.396078 0.465046 0.394118 0.466059 0.394118 0.470111 0.392157 0.471125 0.392157 0.473151 0.390196 0.474164 0.390196 0.498480 0.388235 0.499493 0.386275 0.499493 0.386275 0.501520 0.384314 0.502533 0.384314 0.503546 0.382353 0.504559 0.378431 0.504559 0.374510 0.506586 0.372549 0.506586 0.372549 0.507599 0.370588 0.508612 0.366667 0.508612 0.364706 0.509625 0.360784 0.509625 0.358824 0.508612 0.358824 0.492401 0.354902 0.492401 0.354902 0.531915 0.352941 0.532928 0.352941 0.533941 0.350980 0.534954 0.347059 0.534954 0.345098 0.533941 0.345098 0.530902 0.347059 0.529889 0.347059 0.527862 0.345098 0.526849 0.345098 0.522796 0.347059 0.521783 0.347059 0.519757 0.345098 0.518744 0.345098 0.512665 0.347059 0.511651 0.347059 0.505572 0.345098 0.505572 0.343137 0.504559 0.343137 0.503546 0.337255 0.503546 0.337255 0.506586 0.335294 0.507599 0.331373 0.507599 0.329412 0.506586 0.329412 0.505572 0.327451 0.504559 0.327451 0.503546 0.325490 0.502533 0.321569 0.502533 0.319608 0.503546 0.315686 0.503546 0.313725 0.502533 0.313725 0.498480 0.311765 0.497467 0.311765 0.488349 0.307843 0.488349 0.305882 0.489362 0.301961 0.489362 0.300000 0.488349 0.296078 0.488349 0.296078 0.499493 0.298039 0.500507 0.298039 0.510638 0.300000 0.511651 0.300000 0.513678 0.303922 0.515704 0.303922 0.520770 0.305882 0.521783 0.305882 0.526849 0.307843 0.527862 0.307843 0.532928 0.309804 0.533941 0.309804 0.540020 0.311765 0.541033 0.311765 0.546099 0.309804 0.547112 0.301961 0.547112 0.300000 0.546099 0.300000 0.544073 0.284314 0.544073 0.284314 0.548126 0.286275 0.549139 0.286275 0.550152 0.288235 0.551165 0.290196 0.551165 0.296078 0.554205 0.300000 0.554205 0.301961 0.555218 0.303922 0.555218 0.305882 0.556231 0.307843 0.556231 0.309804 0.557244 0.309804 0.558257 0.313725 0.558257 0.315686 0.559271 0.315686 0.561297 0.317647 0.562310 0.317647 0.568389 0.315686 0.569402 0.307843 0.569402 0.305882 0.568389 0.298039 0.568389 0.296078 0.567376 0.296078 0.565350 0.298039 0.564336 0.301961 0.564336 0.301961 0.560284 0.296078 0.560284 0.296078 0.561297 0.294118 0.562310 0.290196 0.562310 0.288235 0.561297 0.288235 0.557244 0.284314 0.557244 0.282353 0.556231 0.280392 0.556231 0.276471 0.554205 0.276471 0.553191 0.270588 0.550152 0.270588 0.549139 0.264706 0.549139 0.264706 0.554205 0.266667 0.555218 0.266667 0.556231 0.270588 0.558257 0.270588 0.560284 0.272549 0.561297 0.272549 0.562310 0.274510 0.563323 0.274510 0.566363 0.272549 0.567376 0.268627 0.567376 0.266667 0.566363 0.239216 0.566363 0.237255 0.567376 0.229412 0.567376 0.227451 0.568389 0.217647 0.568389 0.215686 0.569402 0.205882 0.569402 0.203922 0.570415 0.182353 0.570415 0.182353 0.571429 0.180392 0.572442 0.174510 0.572442 0.172549 0.571429 0.172549 0.570415 0.168627 0.570415 0.166667 0.569402 0.166667 0.568389 0.164706 0.568389 0.158824 0.565350 0.156863 0.565350 0.150980 0.562310 0.150980 0.561297 0.147059 0.561297 0.145098 0.560284 0.143137 0.560284 0.135294 0.556231 0.133333 0.556231 0.127451 0.553191 0.121569 0.553191 0.119608 0.554205 0.113725 0.554205 0.113725 0.558257 0.117647 0.560284 0.117647 0.561297 0.125490 0.565350 0.125490 0.566363 0.127451 0.566363 0.137255 0.571429 0.139216 0.571429 0.145098 0.574468 0.145098 0.576494 0.143137 0.577508 0.141176 0.577508 0.139216 0.578521 0.137255 0.578521 0.135294 0.579534 0.133333 0.579534 0.133333 0.581560 0.139216 0.581560 0.141176 0.582573 0.141176 0.583587 0.143137 0.584600 0.143137 0.586626 0.145098 0.587639 0.145098 0.588652 0.147059 0.589666 0.147059 0.592705 0.150980 0.592705 0.150980 0.591692 0.152941 0.590679 0.162745 0.590679 0.164706 0.589666 0.168627 0.589666 0.170588 0.590679 0.170588 0.592705 0.174510 0.592705 0.174510 0.589666 0.176471 0.588652 0.178431 0.588652 0.180392 0.587639 0.184314 0.587639 0.186275 0.588652 0.186275 0.593718 0.188235 0.593718 0.192157 0.595745 0.192157 0.596758 0.198039 0.596758 0.200000 0.597771 0.203922 0.597771 0.205882 0.598784 0.205882 0.601824 0.203922 0.602837 0.201961 0.602837 0.201961 0.603850 0.198039 0.605876 0.194118 0.605876 0.194118 0.606890 0.192157 0.607903 0.188235 0.607903 0.186275 0.606890 0.186275 0.602837 0.182353 0.602837 0.182353 0.610942 0.176471 0.613982 0.172549 0.613982 0.164706 0.618034 0.160784 0.618034 0.156863 0.620061 0.154902 0.620061 0.152941 0.621074 0.143137 0.621074 0.141176 0.622087 0.135294 0.622087 0.133333 0.623100 0.129412 0.623100 0.127451 0.622087 0.121569 0.622087 0.119608 0.621074 0.115686 0.621074 0.115686 0.624113 0.117647 0.625127 0.117647 0.626140 0.125490 0.630193 0.129412 0.630193 0.143137 0.637285 0.145098 0.637285 0.149020 0.639311 0.150980 0.639311 0.158824 0.643364 0.158824 0.645390 0.164706 0.645390 0.166667 0.646403 0.166667 0.648430 0.164706 0.649443 0.160784 0.649443 0.156863 0.651469 0.154902 0.651469 0.152941 0.652482 0.150980 0.652482 0.149020 0.653495 0.147059 0.653495 0.143137 0.655522 0.141176 0.655522 0.139216 0.656535 0.135294 0.656535 0.131373 0.658561 0.129412 0.658561 0.129412 0.660588 0.133333 0.660588 0.135294 0.659574 0.139216 0.659574 0.143137 0.657548 0.145098 0.657548 0.147059 0.656535 0.152941 0.656535 0.154902 0.657548 0.154902 0.660588 0.150980 0.662614 0.147059 0.662614 0.147059 0.664640 0.145098 0.665653 0.145098 0.666667 0.143137 0.667680 0.143137 0.668693 0.139216 0.670719 0.137255 0.670719 0.133333 0.672746 0.125490 0.672746 0.123529 0.673759 0.121569 0.673759 0.119608 0.674772 0.098039 0.674772 0.096078 0.673759 0.082353 0.673759 0.080392 0.672746 0.072549 0.672746 0.070588 0.671733 0.060784 0.671733 0.058824 0.670719 0.047059 0.670719 0.045098 0.669706 0.037255 0.669706 0.035294 0.668693 0.029412 0.668693 0.027451 0.669706 0.025490 0.669706 0.025490 0.671733 0.029412 0.673759 0.031373 0.673759 0.033333 0.674772 0.037255 0.674772 0.041176 0.676798 0.043137 0.676798 0.045098 0.677812 0.045098 0.678825 0.056863 0.684904 0.056863 0.685917 0.058824 0.686930 0.064706 0.686930 0.066667 0.685917 0.078431 0.685917 0.080392 0.686930 0.084314 0.686930 0.086275 0.687943 0.086275 0.688956 0.088235 0.689970 0.088235 0.691996 0.086275 0.693009 0.084314 0.693009 0.082353 0.694022 0.078431 0.694022 0.076471 0.695035 0.072549 0.695035 0.070588 0.694022 0.066667 0.694022 0.062745 0.696049 0.056863 0.696049 0.054902 0.697062 0.050980 0.697062 0.049020 0.698075 0.045098 0.698075 0.043137 0.699088 0.039216 0.699088 0.037255 0.700101 0.033333 0.700101 0.033333 0.701114 0.029412 0.703141 0.029412 0.706180 0.037255 0.706180 0.039216 0.705167 0.041176 0.705167 0.043137 0.704154 0.047059 0.704154 0.049020 0.703141 0.050980 0.703141 0.052941 0.702128 0.066667 0.702128 0.068627 0.701114 0.072549 0.701114 0.074510 0.702128 0.078431 0.702128 0.086275 0.706180 0.086275 0.707194 0.092157 0.710233 0.092157 0.711246 0.100000 0.715299 0.100000 0.716312 0.101961 0.717325 0.101961 0.720365 0.096078 0.723404 0.094118 0.723404 0.092157 0.724417 0.090196 0.724417 0.088235 0.725431 0.086275 0.725431 0.082353 0.727457 0.080392 0.727457 0.078431 0.728470 0.066667 0.728470 0.064706 0.729483 0.033333 0.729483 0.031373 0.730496 0.029412 0.730496 0.027451 0.731510 0.027451 0.733536 0.029412 0.734549 0.037255 0.734549 0.039216 0.735562 0.041176 0.735562 0.043137 0.736575 0.043137 0.739615 0.041176 0.740628 0.037255 0.740628 0.035294 0.739615 0.027451 0.739615 0.025490 0.738602 0.017647 0.738602 0.017647 0.740628 0.023529 0.740628 0.025490 0.741641 0.029412 0.741641 0.031373 0.742655 0.031373 0.744681 0.029412 0.745694 0.029412 0.746707 0.027451 0.747720 0.027451 0.750760 0.031373 0.752786 0.037255 0.752786 0.039216 0.753799 0.043137 0.753799 0.045098 0.754813 0.052941 0.754813 0.054902 0.755826 0.058824 0.755826 0.060784 0.754813 0.064706 0.754813 0.066667 0.755826 0.066667 0.764944 0.060784 0.767984 0.047059 0.767984 0.045098 0.766971 0.041176 0.766971 0.039216 0.767984 0.035294 0.767984 0.035294 0.770010 0.043137 0.770010 0.047059 0.772036 0.047059 0.774063 0.045098 0.775076 0.045098 0.776089 0.043137 0.777102 0.041176 0.777102 0.035294 0.780142 0.033333 0.780142 0.033333 0.782168 0.047059 0.782168 0.049020 0.781155 0.050980 0.781155 0.052941 0.780142 0.052941 0.777102 0.054902 0.776089 0.062745 0.776089 0.064706 0.775076 0.072549 0.775076 0.074510 0.776089 0.084314 0.776089 0.086275 0.777102 0.092157 0.777102 0.094118 0.778116 0.113725 0.778116 0.115686 0.777102 0.139216 0.777102 0.143137 0.779129 0.147059 0.779129 0.149020 0.780142 0.149020 0.782168 0.147059 0.783181 0.143137 0.783181 0.141176 0.784195 0.137255 0.784195 0.135294 0.785208 0.131373 0.785208 0.129412 0.786221 0.125490 0.786221 0.123529 0.787234 0.121569 0.787234 0.119608 0.788247 0.115686 0.788247 0.113725 0.789260 0.111765 0.789260 0.109804 0.790274 0.105882 0.790274 0.103922 0.791287 0.100000 0.791287 0.098039 0.792300 0.096078 0.792300 0.094118 0.793313 0.092157 0.793313 0.086275 0.796353 0.084314 0.796353 0.074510 0.801418 0.074510 0.803445 0.078431 0.803445 0.080392 0.804458 0.086275 0.804458 0.090196 0.806484 0.090196 0.807497 0.094118 0.807497 0.096078 0.808511 0.100000 0.808511 0.101961 0.809524 0.129412 0.809524 0.131373 0.808511 0.172549 0.808511 0.174510 0.807497 0.198039 0.807497 0.200000 0.808511 0.221569 0.808511 0.223529 0.809524 0.237255 0.809524 0.239216 0.810537 0.239216 0.811550 0.243137 0.811550 0.245098 0.810537 0.254902 0.810537 0.256863 0.811550 0.266667 0.811550 0.268627 0.812563 0.272549 0.812563 0.274510 0.813576 0.274510 0.814590 0.280392 0.814590 0.282353 0.815603 0.282353 0.817629 0.280392 0.818642 0.276471 0.818642 0.274510 0.819656 0.268627 0.819656 0.266667 0.820669 0.262745 0.820669 0.260784 0.821682 0.252941 0.821682 0.250980 0.822695 0.241176 0.822695 0.239216 0.823708 0.235294 0.823708 0.233333 0.824721 0.225490 0.824721 0.223529 0.825735 0.217647 0.825735 0.215686 0.826748 0.205882 0.826748 0.203922 0.827761 0.194118 0.827761 0.192157 0.828774 0.188235 0.828774 0.186275 0.827761 0.182353 0.827761 0.180392 0.828774 0.178431 0.828774 0.176471 0.829787 0.166667 0.829787 0.164706 0.830800 0.156863 0.830800 0.154902 0.831814 0.147059 0.831814 0.145098 0.832827 0.137255 0.832827 0.135294 0.833840 0.133333 0.833840 0.131373 0.834853 0.125490 0.834853 0.123529 0.835866 0.121569 0.835866 0.119608 0.836879 0.115686 0.836879 0.107843 0.840932 0.107843 0.842958 0.115686 0.842958 0.119608 0.840932 0.121569 0.840932 0.123529 0.839919 0.127451 0.839919 0.131373 0.837893 0.133333 0.837893 0.133333 0.836879 0.135294 0.835866 0.139216 0.835866 0.141176 0.836879 0.160784 0.836879 0.162745 0.835866 0.172549 0.835866 0.174510 0.834853 0.182353 0.834853 0.184314 0.833840 0.207843 0.833840 0.209804 0.832827 0.219608 0.832827 0.221569 0.831814 0.231373 0.831814 0.233333 0.830800 0.237255 0.830800 0.239216 0.831814 0.243137 0.831814 0.243137 0.830800 0.245098 0.829787 0.254902 0.829787 0.256863 0.828774 0.264706 0.828774 0.266667 0.827761 0.270588 0.827761 0.272549 0.826748 0.282353 0.826748 0.284314 0.825735 0.296078 0.825735 0.298039 0.824721 0.323529 0.824721 0.325490 0.823708 0.329412 0.823708 0.331373 0.824721 0.331373 0.825735 0.337255 0.825735 0.339216 0.826748 0.339216 0.828774 0.335294 0.830800 0.333333 0.830800 0.331373 0.831814 0.331373 0.832827 0.329412 0.833840 0.327451 0.833840 0.327451 0.834853 0.325490 0.835866 0.323529 0.835866 0.319608 0.837893 0.319608 0.838906 0.313725 0.841945 0.311765 0.841945 0.305882 0.844985 0.305882 0.845998 0.301961 0.848024 0.298039 0.848024 0.298039 0.850051 0.296078 0.851064 0.296078 0.852077 0.294118 0.853090 0.292157 0.853090 0.290196 0.854103 0.288235 0.854103 0.282353 0.857143 0.282353 0.858156 0.280392 0.859169 0.278431 0.859169 0.274510 0.861196 0.274510 0.862209 0.270588 0.864235 0.270588 0.865248 0.262745 0.869301 0.262745 0.870314 0.260784 0.871327 0.260784 0.872340 0.256863 0.874367 0.256863 0.875380 0.252941 0.877406 0.252941 0.878419 0.245098 0.882472 0.243137 0.882472 0.241176 0.883485 0.241176 0.884498 0.237255 0.886525 0.235294 0.886525 0.221569 0.893617 0.219608 0.893617 0.200000 0.903749 0.196078 0.903749 0.192157 0.905775 0.190196 0.905775 0.188235 0.906788 0.186275 0.906788 0.184314 0.907801 0.182353 0.907801 0.182353 0.909828 0.184314 0.910841 0.184314 0.913880 0.188235 0.913880 0.190196 0.914894 0.190196 0.917933 0.192157 0.917933 0.194118 0.918946 0.194118 0.922999 0.201961 0.922999 0.203922 0.924012 0.203922 0.925025 0.209804 0.925025 0.209804 0.924012 0.211765 0.922999 0.213725 0.922999 0.215686 0.921986 0.219608 0.921986 0.219608 0.919959 0.221569 0.918946 0.223529 0.918946 0.225490 0.917933 0.225490 0.916920 0.227451 0.915907 0.231373 0.915907 0.231373 0.914894 0.233333 0.913880 0.235294 0.913880 0.237255 0.912867 0.243137 0.912867 0.243137 0.909828 0.247059 0.907801 0.249020 0.907801 0.249020 0.906788 0.250980 0.905775 0.254902 0.905775 0.254902 0.904762 0.256863 0.903749 0.258824 0.903749 0.262745 0.901722 0.264706 0.901722 0.264706 0.898683 0.266667 0.897670 0.270588 0.897670 0.272549 0.896657 0.276471 0.896657 0.276471 0.894630 0.278431 0.893617 0.280392 0.893617 0.284314 0.891591 0.290196 0.891591 0.292157 0.892604 0.292157 0.895643 0.290196 0.896657 0.288235 0.896657 0.288235 0.897670 0.284314 0.899696 0.284314 0.900709 0.274510 0.905775 0.274510 0.906788 0.266667 0.910841 0.266667 0.911854 0.262745 0.913880 0.262745 0.921986 0.260784 0.922999 0.260784 0.924012 0.256863 0.926039 0.256863 0.927052 0.254902 0.928065 0.254902 0.929078 0.252941 0.930091 0.243137 0.930091 0.241176 0.931104 0.241176 0.932118 0.235294 0.935157 0.235294 0.936170 0.233333 0.937183 0.233333 0.938197 0.231373 0.939210 0.231373 0.940223 0.229412 0.941236 0.229412 0.944276 0.233333 0.944276 0.233333 0.943262 0.235294 0.942249 0.239216 0.942249 0.241176 0.943262 0.241176 0.945289 0.239216 0.946302 0.239216 0.948328 0.243137 0.948328 0.245098 0.947315 0.249020 0.947315 0.250980 0.948328 0.250980 0.950355 0.254902 0.950355 0.254902 0.947315 0.256863 0.946302 0.256863 0.942249 0.258824 0.941236 0.258824 0.939210 0.260784 0.938197 0.260784 0.936170 0.264706 0.934144 0.264706 0.931104 0.266667 0.930091 0.266667 0.929078 0.268627 0.928065 0.268627 0.927052 0.270588 0.926039 0.270588 0.925025 0.274510 0.922999 0.276471 0.922999 0.276471 0.921986 0.278431 0.920973 0.280392 0.920973 0.282353 0.919959 0.286275 0.919959 0.288235 0.920973 0.288235 0.921986 0.294118 0.921986 0.296078 0.920973 0.296078 0.918946 0.298039 0.917933 0.303922 0.917933 0.309804 0.914894 0.311765 0.914894 0.321569 0.909828 0.323529 0.909828 0.331373 0.905775 0.333333 0.905775 0.333333 0.904762 0.337255 0.902736 0.339216 0.902736 0.339216 0.901722 0.343137 0.899696 0.347059 0.899696 0.347059 0.897670 0.349020 0.896657 0.350980 0.896657 0.354902 0.894630 0.358824 0.894630 0.358824 0.891591 0.366667 0.887538 0.368627 0.887538 0.372549 0.885512 0.374510 0.885512 0.376471 0.884498 0.382353 0.884498 0.382353 0.883485 0.386275 0.881459 0.392157 0.881459 0.394118 0.882472 0.394118 0.884498 0.390196 0.886525 0.390196 0.887538 0.384314 0.890578 0.384314 0.891591 0.382353 0.892604 0.380392 0.892604 0.380392 0.893617 0.370588 0.898683 0.368627 0.898683 0.368627 0.899696 0.358824 0.904762 0.356863 0.904762 0.339216 0.913880 0.337255 0.913880 0.329412 0.917933 0.327451 0.917933 0.323529 0.919959 0.321569 0.919959 0.319608 0.920973 0.319608 0.922999 0.337255 0.922999 0.339216 0.921986 0.343137 0.921986 0.345098 0.920973 0.347059 0.920973 0.347059 0.919959 0.349020 0.918946 0.358824 0.918946 0.358824 0.915907 0.360784 0.914894 0.362745 0.914894 0.362745 0.913880 0.366667 0.911854 0.370588 0.911854 0.370588 0.908815 0.372549 0.907801 0.376471 0.907801 0.378431 0.908815 0.378431 0.910841 0.380392 0.911854 0.390196 0.911854 0.394118 0.909828 0.396078 0.909828 0.400000 0.907801 0.401961 0.907801 0.407843 0.904762 0.411765 0.904762 0.411765 0.901722 0.413725 0.900709 0.419608 0.900709 0.421569 0.901722 0.421569 0.903749 0.419608 0.904762 0.419608 0.905775 0.417647 0.906788 0.413725 0.906788 0.413725 0.909828 0.409804 0.911854 0.409804 0.912867 0.405882 0.914894 0.405882 0.915907 0.401961 0.917933 0.401961 0.918946 0.396078 0.921986 0.396078 0.922999 0.392157 0.925025 0.392157 0.926039 0.388235 0.928065 0.388235 0.929078 0.386275 0.930091 0.386275 0.932118 0.384314 0.933131 0.384314 0.936170 0.388235 0.936170 0.388235 0.935157 0.392157 0.933131 0.392157 0.932118 0.394118 0.931104 0.396078 0.931104 0.396078 0.930091 0.403922 0.926039 0.403922 0.925025 0.407843 0.922999 0.407843 0.921986 0.409804 0.920973 0.409804 0.919959 0.411765 0.918946 0.411765 0.915907 0.413725 0.914894 0.417647 0.914894 0.427451 0.909828 0.427451 0.908815 0.431373 0.906788 0.431373 0.905775 0.435294 0.903749 0.441176 0.903749 0.443137 0.904762 0.443137 0.907801 0.441176 0.908815 0.441176 0.913880 0.439216 0.914894 0.439216 0.917933 0.437255 0.918946 0.437255 0.924012 0.435294 0.925025 0.435294 0.930091 0.433333 0.931104 0.433333 0.933131 0.431373 0.934144 0.431373 0.936170 0.429412 0.937183 0.429412 0.939210 0.427451 0.940223 0.427451 0.942249 0.425490 0.943262 0.425490 0.944276 0.423529 0.945289 0.423529 0.947315 0.421569 0.948328 0.421569 0.949341 0.419608 0.950355 0.419608 0.952381 0.417647 0.953394 0.417647 0.954407 0.415686 0.955420 0.415686 0.956434 0.413725 0.957447 0.413725 0.961499 0.411765 0.962513 0.411765 0.964539 0.409804 0.965552 0.409804 0.967579 0.407843 0.968592 0.407843 0.970618 0.405882 0.971631 0.405882 0.972644 0.403922 0.973658 0.403922 0.974671 0.401961 0.975684 0.401961 0.976697 0.400000 0.977710 0.400000 0.979737 0.398039 0.980750 0.398039 0.981763 0.396078 0.982776 0.396078 0.983789 0.394118 0.984802 0.394118 0.985816 0.392157 0.986829 0.392157 0.987842 0.390196 0.988855 0.390196 0.990881 0.398039 0.990881 0.403922 0.987842 0.403922 0.985816 0.405882 0.984802 0.405882 0.983789 0.409804 0.981763 0.409804 0.979737 0.411765 0.978723 0.415686 0.978723 0.415686 0.976697 0.413725 0.976697 0.411765 0.975684 0.411765 0.973658 0.413725 0.972644 0.413725 0.971631 0.415686 0.970618 0.419608 0.970618 0.419608 0.969605 0.421569 0.968592 0.421569 0.966565 0.423529 0.965552 0.423529 0.964539 0.425490 0.963526 0.425490 0.956434 0.427451 0.955420 0.429412 0.955420 0.429412 0.954407 0.431373 0.953394 0.431373 0.951368 0.433333 0.950355 0.433333 0.947315 0.435294 0.946302 0.435294 0.944276 0.437255 0.943262 0.437255 0.940223 0.439216 0.939210 0.439216 0.935157 0.441176 0.934144 0.441176 0.931104 0.443137 0.930091 0.443137 0.925025 0.445098 0.924012 0.445098 0.920973 0.447059 0.919959 0.447059 0.917933 0.449020 0.916920 0.449020 0.911854 0.450980 0.910841 0.450980 0.907801 0.452941 0.906788 0.452941 0.903749 0.454902 0.902736 0.454902 0.899696 0.456863 0.898683 0.456863 0.897670 0.458824 0.896657 0.458824 0.894630 0.460784 0.893617 0.460784 0.891591 0.462745 0.890578 0.462745 0.889564 0.466667 0.887538 0.466667 0.886525 0.470588 0.884498 0.474510 0.884498 0.474510 0.882472 0.478431 0.880446 0.484314 0.880446 0.484314 0.877406 0.490196 0.874367 0.496078 0.874367 0.496078 0.871327 0.498039 0.870314 0.507843 0.870314 0.507843 0.866261 0.509804 0.865248 0.509804 0.864235 0.511765 0.863222 0.513725 0.863222 0.515686 0.862209 0.519608 0.862209 0.521569 0.863222 0.521569 0.865248 0.519608 0.866261 0.517647 0.866261 0.517647 0.868288 0.515686 0.869301 0.515686 0.870314 0.513725 0.871327 0.511765 0.871327 0.511765 0.873354 0.507843 0.875380 0.507843 0.876393 0.505882 0.877406 0.505882 0.878419 0.503922 0.879433 0.503922 0.880446 0.500000 0.882472 0.500000 0.883485 0.494118 0.886525 0.494118 0.887538 0.492157 0.888551 0.492157 0.889564 0.484314 0.893617 0.484314 0.894630 0.480392 0.896657 0.480392 0.897670 0.478431 0.898683 0.478431 0.900709 0.474510 0.902736 0.474510 0.905775 0.476471 0.905775 0.478431 0.906788 0.478431 0.909828 0.476471 0.910841 0.476471 0.911854 0.472549 0.913880 0.472549 0.914894 0.468627 0.916920 0.468627 0.919959 0.470588 0.920973 0.470588 0.922999 0.474510 0.922999 0.474510 0.920973 0.484314 0.915907 0.484314 0.914894 0.490196 0.911854 0.490196 0.910841 0.496078 0.907801 0.496078 0.906788 0.500000 0.904762 0.500000 0.903749 0.501961 0.902736 0.501961 0.901722 0.503922 0.900709 0.505882 0.900709 0.507843 0.899696 0.507843 0.898683 0.511765 0.896657 0.511765 0.894630 0.515686 0.892604 0.517647 0.892604 0.519608 0.891591 0.519608 0.890578 0.521569 0.889564 0.525490 0.889564 0.527451 0.890578 0.527451 0.892604 0.525490 0.893617 0.525490 0.895643 0.523529 0.896657 0.523529 0.897670 0.521569 0.898683 0.521569 0.900709 0.519608 0.901722 0.519608 0.902736 0.517647 0.903749 0.517647 0.905775 0.515686 0.906788 0.515686 0.907801 0.513725 0.908815 0.513725 0.909828 0.511765 0.910841 0.511765 0.911854 0.509804 0.912867 0.509804 0.913880 0.507843 0.914894 0.507843 0.915907 0.505882 0.916920 0.505882 0.917933 0.503922 0.918946 0.503922 0.919959 0.501961 0.920973 0.501961 0.921986 0.500000 0.922999 0.500000 0.924012 0.496078 0.926039 0.496078 0.927052 0.494118 0.928065 0.494118 0.929078 0.492157 0.930091 0.492157 0.931104 0.490196 0.932118 0.490196 0.933131 0.488235 0.934144 0.488235 0.935157 0.484314 0.937183 0.484314 0.938197 0.482353 0.939210 0.482353 0.940223 0.480392 0.941236 0.480392 0.942249 0.478431 0.943262 0.478431 0.945289 0.476471 0.946302 0.476471 0.947315 0.472549 0.949341 0.472549 0.950355 0.470588 0.951368 0.470588 0.952381 0.468627 0.953394 0.468627 0.954407 0.466667 0.955420 0.466667 0.956434 0.464706 0.957447 0.464706 0.959473 0.462745 0.960486 0.462745 0.962513 0.460784 0.963526 0.460784 0.966565 0.458824 0.967579 0.458824 0.968592 0.456863 0.969605 0.456863 0.971631 0.454902 0.972644 0.454902 0.973658 0.452941 0.974671 0.452941 0.977710 0.450980 0.978723 0.450980 0.980750 0.449020 0.981763 0.449020 0.983789 0.447059 0.984802 0.447059 0.987842 0.452941 0.987842 0.452941 0.986829 0.454902 0.985816 0.454902 0.983789 0.456863 0.982776 0.456863 0.981763 0.458824 0.980750 0.458824 0.979737 0.460784 0.978723 0.460784 0.976697 0.462745 0.975684 0.462745 0.974671 0.464706 0.973658 0.464706 0.971631 0.466667 0.970618 0.466667 0.968592 0.468627 0.967579 0.468627 0.959473 0.470588 0.958460 0.470588 0.956434 0.472549 0.955420 0.476471 0.955420 0.478431 0.954407 0.478431 0.953394 0.480392 0.952381 0.480392 0.951368 0.482353 0.950355 0.482353 0.948328 0.484314 0.947315 0.484314 0.946302 0.486275 0.945289 0.486275 0.944276 0.488235 0.943262 0.488235 0.942249 0.490196 0.941236 0.490196 0.940223 0.494118 0.938197 0.494118 0.937183 0.496078 0.936170 0.496078 0.935157 0.500000 0.933131 0.500000 0.932118 0.501961 0.931104 0.501961 0.930091 0.503922 0.929078 0.507843 0.929078 0.509804 0.930091 0.509804 0.932118 0.507843 0.933131 0.507843 0.934144 0.505882 0.935157 0.505882 0.936170 0.503922 0.937183 0.503922 0.938197 0.501961 0.939210 0.501961 0.940223 0.498039 0.942249 0.498039 0.943262 0.496078 0.944276 0.496078 0.946302 0.492157 0.948328 0.492157 0.949341 0.488235 0.951368 0.488235 0.953394 0.492157 0.953394 0.496078 0.951368 0.496078 0.950355 0.498039 0.949341 0.498039 0.948328 0.500000 0.947315 0.500000 0.946302 0.503922 0.944276 0.503922 0.943262 0.507843 0.941236 0.507843 0.940223 0.509804 0.939210 0.513725 0.939210 0.515686 0.940223 0.515686 0.941236 0.519608 0.941236 0.519608 0.939210 0.513725 0.939210 0.511765 0.938197 0.511765 0.936170 0.513725 0.935157 0.513725 0.933131 0.515686 0.932118 0.515686 0.931104 0.517647 0.930091 0.517647 0.929078 0.519608 0.928065 0.519608 0.927052 0.521569 0.926039 0.521569 0.924012 0.523529 0.922999 0.523529 0.920973 0.525490 0.919959 0.525490 0.918946 0.527451 0.917933 0.531373 0.917933 0.533333 0.918946 0.533333 0.921986 0.537255 0.921986 0.541176 0.924012 0.541176 0.928065 0.543137 0.929078 0.543137 0.937183 0.545098 0.938197 0.545098 0.943262 0.547059 0.944276 0.547059 0.947315 0.549020 0.948328 0.549020 0.951368 0.550980 0.951368 0.552941 0.952381 0.552941 0.958460 0.554902 0.959473 0.554902 0.961499 0.556863 0.962513 0.556863 0.965552 0.558824 0.966565 0.558824 0.968592 0.560784 0.969605 0.560784 0.971631 0.562745 0.972644 0.562745 0.975684 0.564706 0.976697 0.564706 0.978723 0.566667 0.979737 0.566667 0.981763 0.568627 0.982776 0.568627 0.983789 0.570588 0.984802 0.570588 0.986829 0.574510 0.988855 0.574510 0.989868 0.578431 0.989868 0.578431 0.987842 0.576471 0.986829 0.576471 0.984802 0.574510 0.983789 0.574510 0.979737 0.572549 0.978723 0.572549 0.973658 0.570588 0.972644 0.570588 0.970618 0.568627 0.969605 0.568627 0.958460 0.566667 0.957447 0.566667 0.952381 0.564706 0.951368 0.564706 0.945289 0.562745 0.944276 0.562745 0.939210 0.564706 0.938197 0.564706 0.936170 0.566667 0.935157 0.566667 0.933131 0.568627 0.932118 0.572549 0.932118 0.574510 0.933131 0.578431 0.933131 0.578431 0.930091 0.580392 0.929078 0.580392 0.927052 0.582353 0.926039 0.582353 0.922999 0.586275 0.920973 0.586275 0.917933 0.588235 0.916920 0.588235 0.911854 0.590196 0.910841 0.590196 0.906788 0.592157 0.905775 0.592157 0.903749 0.594118 0.902736 0.598039 0.902736 0.600000 0.903749 0.600000 0.905775 0.601961 0.906788 0.601961 0.907801 0.603922 0.907801 0.605882 0.908815 0.605882 0.915907 0.603922 0.916920 0.603922 0.931104 0.601961 0.932118 0.601961 0.937183 0.603922 0.937183 0.605882 0.938197 0.605882 0.942249 0.603922 0.943262 0.600000 0.943262 0.600000 0.954407 0.598039 0.955420 0.598039 0.961499 0.601961 0.961499 0.601961 0.960486 0.603922 0.959473 0.603922 0.958460 0.605882 0.957447 0.605882 0.953394 0.607843 0.952381 0.607843 0.948328 0.609804 0.947315 0.609804 0.943262 0.611765 0.942249 0.611765 0.935157 0.613725 0.934144 0.613725 0.927052 0.615686 0.926039 0.615686 0.915907 0.617647 0.914894 0.617647 0.898683 0.615686 0.897670 0.615686 0.876393 0.617647 0.875380 0.617647 0.873354 0.619608 0.872340 0.623529 0.872340 0.625490 0.873354 0.625490 0.876393 0.627451 0.877406 0.627451 0.879433 0.629412 0.880446 0.629412 0.883485 0.631373 0.884498 0.631373 0.886525 0.633333 0.887538 0.633333 0.890578 0.635294 0.891591 0.635294 0.892604 0.637255 0.893617 0.637255 0.896657 0.639216 0.897670 0.639216 0.899696 0.641176 0.900709 0.643137 0.900709 0.645098 0.901722 0.645098 0.902736 0.647059 0.903749 0.647059 0.904762 0.649020 0.905775 0.649020 0.906788 0.650980 0.907801 0.650980 0.912867 0.649020 0.913880 0.645098 0.913880 0.645098 0.917933 0.652941 0.917933 0.654902 0.918946 0.654902 0.925025 0.652941 0.926039 0.650980 0.926039 0.650980 0.929078 0.652941 0.930091 0.652941 0.935157 0.654902 0.936170 0.654902 0.939210 0.656863 0.940223 0.656863 0.947315 0.658824 0.948328 0.658824 0.957447 0.660784 0.958460 0.660784 0.968592 0.662745 0.969605 0.662745 0.973658 0.664706 0.974671 0.664706 0.976697 0.666667 0.977710 0.666667 0.978723 0.670588 0.978723 0.670588 0.975684 0.668627 0.974671 0.668627 0.965552 0.670588 0.964539 0.674510 0.964539 0.674510 0.961499 0.672549 0.960486 0.672549 0.955420 0.670588 0.954407 0.670588 0.951368 0.668627 0.950355 0.668627 0.928065 0.666667 0.927052 0.666667 0.921986 0.664706 0.920973 0.664706 0.918946 0.662745 0.917933 0.662745 0.914894 0.660784 0.913880 0.660784 0.911854 0.658824 0.910841 0.658824 0.906788 0.656863 0.905775 0.656863 0.902736 0.654902 0.901722 0.654902 0.898683 0.652941 0.897670 0.652941 0.893617 0.650980 0.892604 0.650980 0.882472 0.652941 0.881459 0.652941 0.876393 0.654902 0.875380 0.654902 0.874367 0.656863 0.873354 0.656863 0.867275 0.658824 0.866261 0.662745 0.866261 0.664706 0.867275 0.664706 0.868288 0.668627 0.868288 0.668627 0.850051 0.664706 0.850051 0.662745 0.849037 0.662745 0.847011 0.664706 0.845998 0.670588 0.845998 0.672549 0.847011 0.672549 0.849037 0.674510 0.849037 0.676471 0.850051 0.676471 0.861196 0.680392 0.861196 0.680392 0.860182 0.682353 0.859169 0.684314 0.859169 0.690196 0.856130 0.694118 0.856130 0.700000 0.859169 0.700000 0.861196 0.703922 0.861196 0.705882 0.862209 0.705882 0.863222 0.707843 0.864235 0.707843 0.865248 0.711765 0.867275 0.711765 0.868288 0.713725 0.869301 0.713725 0.872340 0.717647 0.872340 0.721569 0.874367 0.727451 0.874367 0.729412 0.875380 0.733333 0.875380 0.733333 0.871327 0.735294 0.870314 0.739216 0.870314 0.743137 0.872340 0.745098 0.872340 0.747059 0.873354 0.750980 0.873354 0.750980 0.871327 0.749020 0.870314 0.749020 0.868288 0.747059 0.867275 0.747059 0.866261 0.745098 0.866261 0.743137 0.865248 0.743137 0.864235 0.741176 0.863222 0.741176 0.862209 0.737255 0.860182 0.737255 0.857143 0.735294 0.857143 0.733333 0.856130 0.733333 0.853090 0.735294 0.852077 0.735294 0.847011 0.737255 0.845998 0.737255 0.841945 0.739216 0.840932 0.743137 0.840932 0.750980 0.844985 0.752941 0.844985 0.756863 0.847011 0.756863 0.848024 0.758824 0.849037 0.758824 0.851064 0.762745 0.851064 0.766667 0.853090 0.766667 0.854103 0.776471 0.859169 0.776471 0.860182 0.782353 0.863222 0.782353 0.864235 0.784314 0.864235 0.794118 0.869301 0.794118 0.870314 0.803922 0.875380 0.811765 0.875380 0.817647 0.878419 0.817647 0.879433 0.819608 0.879433 0.827451 0.883485 0.829412 0.883485 0.837255 0.887538 0.841176 0.887538 0.841176 0.885512 0.817647 0.873354 0.817647 0.870314 0.813725 0.870314 0.811765 0.869301 0.811765 0.866261 0.813725 0.865248 0.819608 0.865248 0.821569 0.866261 0.821569 0.868288 0.825490 0.868288 0.827451 0.869301 0.827451 0.871327 0.831373 0.871327 0.835294 0.873354 0.837255 0.873354 0.839216 0.874367 0.839216 0.875380 0.841176 0.876393 0.841176 0.877406 0.845098 0.879433 0.845098 0.880446 0.849020 0.882472 0.849020 0.883485 0.850980 0.884498 0.850980 0.885512 0.858824 0.889564 0.858824 0.890578 0.862745 0.892604 0.862745 0.893617 0.866667 0.895643 0.866667 0.896657 0.872549 0.899696 0.872549 0.900709 0.874510 0.901722 0.874510 0.902736 0.876471 0.902736 0.886275 0.907801 0.888235 0.907801 0.890196 0.908815 0.894118 0.908815 0.894118 0.906788 0.892157 0.905775 0.892157 0.904762 0.878431 0.897670 0.878431 0.896657 0.874510 0.894630 0.874510 0.893617 0.872549 0.892604 0.872549 0.891591 0.870588 0.891591 0.868627 0.890578 0.868627 0.889564 0.864706 0.887538 0.864706 0.886525 0.862745 0.885512 0.862745 0.884498 0.860784 0.884498 0.858824 0.883485 0.858824 0.882472 0.854902 0.880446 0.854902 0.879433 0.850980 0.877406 0.850980 0.875380 0.839216 0.869301 0.839216 0.868288 0.837255 0.868288 0.835294 0.867275 0.835294 0.866261 0.827451 0.862209 0.827451 0.861196 0.817647 0.856130 0.817647 0.854103 0.813725 0.854103 0.811765 0.853090 0.811765 0.852077 0.798039 0.844985 0.796078 0.844985 0.794118 0.843972 0.794118 0.842958 0.792157 0.841945 0.790196 0.841945 0.788235 0.840932 0.788235 0.839919 0.786275 0.838906 0.784314 0.838906 0.782353 0.837893 0.782353 0.836879 0.780392 0.835866 0.778431 0.835866 0.776471 0.834853 0.776471 0.833840 0.772549 0.831814 0.772549 0.827761 0.768627 0.827761 0.766667 0.826748 0.766667 0.820669 0.762745 0.820669 0.760784 0.819656 0.760784 0.816616 0.762745 0.815603 0.772549 0.815603 0.774510 0.814590 0.782353 0.814590 0.784314 0.813576 0.788235 0.813576 0.790196 0.812563 0.794118 0.812563 0.796078 0.811550 0.800000 0.811550 0.801961 0.810537 0.811765 0.810537 0.813725 0.811550 0.813725 0.816616 0.819608 0.816616 0.819608 0.810537 0.821569 0.809524 0.829412 0.809524 0.831373 0.810537 0.831373 0.811550 0.835294 0.811550 0.837255 0.812563 0.837255 0.813576 0.841176 0.813576 0.843137 0.812563 0.854902 0.812563 0.856863 0.813576 0.860784 0.813576 0.862745 0.814590 0.864706 0.814590 0.866667 0.815603 0.870588 0.815603 0.872549 0.816616 0.872549 0.819656 0.876471 0.819656 0.878431 0.818642 0.882353 0.818642 0.884314 0.819656 0.888235 0.819656 0.890196 0.820669 0.894118 0.820669 0.896078 0.821682 0.900000 0.821682 0.901961 0.822695 0.905882 0.822695 0.907843 0.823708 0.913725 0.823708 0.915686 0.824721 0.919608 0.824721 0.921569 0.825735 0.929412 0.825735 0.931373 0.826748 0.945098 0.826748 0.945098 0.823708 0.939216 0.823708 0.937255 0.822695 0.933333 0.822695 0.931373 0.821682 0.929412 0.821682 0.927451 0.820669 0.923529 0.820669 0.919608 0.818642 0.915686 0.818642 0.913725 0.817629 0.903922 0.817629 0.901961 0.816616 0.900000 0.816616 0.898039 0.815603 0.892157 0.815603 0.890196 0.814590 0.888235 0.814590 0.886275 0.813576 0.886275 0.809524 0.888235 0.808511 0.900000 0.808511 0.901961 0.809524 0.903922 0.809524 0.905882 0.810537 0.905882 0.813576 0.909804 0.813576 0.909804 0.812563 0.911765 0.811550 0.917647 0.811550 0.919608 0.812563 0.939216 0.812563 0.939216 0.808511 0.937255 0.807497 0.933333 0.807497 0.931373 0.806484 0.927451 0.806484 0.925490 0.805471 0.925490 0.803445 0.927451 0.802432 0.933333 0.802432 0.933333 0.800405 0.935294 0.799392 0.945098 0.799392 0.947059 0.798379 0.966667 0.798379 0.966667 0.795339 0.958824 0.795339 0.954902 0.793313 0.947059 0.793313 0.943137 0.791287 0.943137 0.790274 0.927451 0.790274 0.925490 0.789260 0.923529 0.789260 0.921569 0.788247 0.913725 0.788247 0.911765 0.787234 0.909804 0.787234 0.907843 0.786221 0.900000 0.786221 0.898039 0.785208 0.894118 0.785208 0.892157 0.784195 0.888235 0.784195 0.886275 0.783181 0.876471 0.783181 0.874510 0.782168 0.868627 0.782168 0.864706 0.780142 0.864706 0.779129 0.858824 0.779129 0.856863 0.778116 0.856863 0.776089 0.858824 0.775076 0.862745 0.775076 0.862745 0.774063 0.864706 0.773050 0.868627 0.773050 0.870588 0.772036 0.874510 0.772036 0.876471 0.773050 0.905882 0.773050 0.907843 0.772036 0.917647 0.772036 0.919608 0.771023 0.921569 0.771023 0.921569 0.767984 0.923529 0.766971 0.927451 0.766971 0.929412 0.767984 0.929412 0.771023 0.933333 0.771023 0.933333 0.766971 0.935294 0.765957 0.939216 0.765957 0.941176 0.766971 0.941176 0.768997 0.945098 0.768997 0.945098 0.764944 0.947059 0.763931 0.954902 0.763931 0.956863 0.762918 0.962745 0.762918 0.964706 0.761905 0.974510 0.761905 0.976471 0.762918 0.976471 0.763931 0.980392 0.763931 0.980392 0.759878 0.982353 0.758865 0.982353 0.756839 0.976471 0.756839 0.972549 0.758865 0.966667 0.758865 0.964706 0.759878 0.958824 0.759878 0.956863 0.760892 0.947059 0.760892 0.945098 0.761905 0.941176 0.761905 0.939216 0.762918 0.929412 0.762918 0.927451 0.763931 0.919608 0.763931 0.917647 0.764944 0.905882 0.764944 0.903922 0.765957 0.892157 0.765957 0.890196 0.766971 0.878431 0.766971 0.876471 0.765957 0.876471 0.759878 0.878431 0.758865 0.882353 0.758865 0.884314 0.759878 0.890196 0.759878 0.892157 0.758865 0.909804 0.758865 0.909804 0.757852 0.911765 0.756839 0.915686 0.756839 0.917647 0.757852 0.921569 0.757852 0.921569 0.756839 0.923529 0.755826 0.927451 0.755826 0.929412 0.756839 0.929412 0.757852 0.933333 0.757852 0.933333 0.753799 0.935294 0.752786 0.945098 0.752786 0.945098 0.749747 0.943137 0.749747 0.941176 0.748734 0.933333 0.748734 0.931373 0.747720 0.911765 0.747720 0.909804 0.746707 0.909804 0.744681 0.913725 0.742655 0.921569 0.742655 0.921569 0.740628 0.923529 0.739615 0.927451 0.739615 0.929412 0.740628 0.929412 0.741641 0.933333 0.741641 0.933333 0.737589 0.935294 0.736575 0.939216 0.736575 0.941176 0.735562 0.947059 0.735562 0.949020 0.734549 0.950980 0.734549 0.952941 0.733536 0.954902 0.733536 0.958824 0.731510 0.960784 0.731510 0.962745 0.730496 0.966667 0.730496 0.968627 0.729483 0.970588 0.729483 0.972549 0.728470 0.980392 0.728470 0.984314 0.726444 0.986275 0.726444 0.986275 0.722391 0.988235 0.721378 0.994118 0.721378 0.996078 0.720365 0.998039 0.720365 0.998039 0.716312 0.994118 0.716312 0.992157 0.717325 0.980392 0.717325 0.978431 0.716312 0.978431 0.712259 0.980392 0.711246 0.980392 0.707194 0.978431 0.706180 0.978431 0.704154 0.972549 0.704154 0.970588 0.705167 0.966667 0.705167 0.962745 0.707194 0.960784 0.707194 0.958824 0.708207 0.952941 0.708207 0.950980 0.709220 0.947059 0.709220 0.945098 0.710233 0.939216 0.710233 0.937255 0.711246 0.931373 0.711246 0.927451 0.713273 0.923529 0.713273 0.921569 0.714286 0.917647 0.714286 0.915686 0.715299 0.878431 0.715299 0.876471 0.714286 0.876471 0.706180 0.872549 0.706180 0.872549 0.715299 0.870588 0.716312 0.831373 0.716312 0.829412 0.715299 0.829412 0.708207 0.831373 0.707194 0.835294 0.707194 0.837255 0.708207 0.841176 0.708207 0.841176 0.706180 0.843137 0.705167 0.845098 0.705167 0.847059 0.704154 0.852941 0.704154 0.852941 0.703141 0.854902 0.702128 0.864706 0.702128 0.864706 0.701114 0.866667 0.700101 0.868627 0.700101 0.868627 0.698075 0.870588 0.697062 0.870588 0.696049 0.872549 0.695035 0.876471 0.695035 0.876471 0.689970 0.878431 0.688956 0.909804 0.688956 0.911765 0.687943 0.917647 0.687943 0.919608 0.686930 0.921569 0.686930 0.921569 0.684904 0.923529 0.683891 0.927451 0.683891 0.929412 0.684904 0.929412 0.685917 0.933333 0.685917 0.933333 0.683891 0.935294 0.682877 0.939216 0.682877 0.941176 0.683891 0.945098 0.683891 0.945098 0.682877 0.947059 0.681864 0.949020 0.681864 0.949020 0.680851 0.950980 0.679838 0.954902 0.679838 0.956863 0.678825 0.966667 0.678825 0.968627 0.677812 0.978431 0.677812 0.980392 0.676798 0.990196 0.676798 0.990196 0.674772 0.966667 0.674772 0.964706 0.675785 0.952941 0.675785 0.950980 0.676798 0.935294 0.676798 0.933333 0.675785 0.933333 0.661601 0.935294 0.660588 0.939216 0.660588 0.941176 0.661601 0.941176 0.662614 0.945098 0.662614 0.945098 0.661601 0.949020 0.659574 0.950980 0.659574 0.950980 0.656535 0.952941 0.655522 0.956863 0.655522 0.956863 0.651469 0.954902 0.650456 0.954902 0.648430 0.956863 0.647416 0.960784 0.647416 0.962745 0.646403 0.966667 0.646403 0.966667 0.644377 0.958824 0.644377 0.956863 0.645390 0.952941 0.645390 0.950980 0.646403 0.947059 0.646403 0.945098 0.647416 0.941176 0.647416 0.939216 0.648430 0.937255 0.648430 0.935294 0.649443 0.931373 0.649443 0.929412 0.650456 0.919608 0.650456 0.915686 0.652482 0.907843 0.652482 0.905882 0.653495 0.903922 0.653495 0.901961 0.654509 0.896078 0.654509 0.894118 0.655522 0.890196 0.655522 0.888235 0.656535 0.882353 0.656535 0.880392 0.657548 0.878431 0.657548 0.876471 0.658561 0.872549 0.658561 0.868627 0.660588 0.858824 0.660588 0.856863 0.659574 0.854902 0.659574 0.852941 0.658561 0.850980 0.658561 0.845098 0.655522 0.841176 0.655522 0.839216 0.654509 0.839216 0.653495 0.835294 0.653495 0.831373 0.651469 0.829412 0.651469 0.827451 0.650456 0.827451 0.649443 0.821569 0.649443 0.817647 0.647416 0.817647 0.645390 0.809804 0.645390 0.805882 0.643364 0.805882 0.641337 0.807843 0.640324 0.811765 0.640324 0.813725 0.641337 0.817647 0.641337 0.817647 0.637285 0.819608 0.636272 0.839216 0.636272 0.839216 0.634245 0.835294 0.634245 0.833333 0.633232 0.829412 0.633232 0.827451 0.632219 0.819608 0.632219 0.817647 0.631206 0.811765 0.631206 0.809804 0.630193 0.809804 0.628166 0.811765 0.627153 0.817647 0.627153 0.817647 0.624113 0.819608 0.623100 0.829412 0.623100 0.829412 0.621074 0.831373 0.620061 0.833333 0.620061 0.833333 0.619048 0.835294 0.618034 0.841176 0.618034 0.841176 0.617021 0.843137 0.616008 0.847059 0.616008 0.849020 0.614995 0.852941 0.614995 0.852941 0.613982 0.856863 0.611955 0.864706 0.611955 0.864706 0.610942 0.866667 0.609929 0.870588 0.609929 0.872549 0.610942 0.872549 0.611955 0.876471 0.611955 0.876471 0.609929 0.874510 0.609929 0.872549 0.608916 0.872549 0.606890 0.874510 0.605876 0.886275 0.605876 0.888235 0.604863 0.888235 0.601824 0.890196 0.600811 0.892157 0.600811 0.894118 0.599797 0.900000 0.599797 0.900000 0.598784 0.901961 0.597771 0.903922 0.597771 0.905882 0.596758 0.907843 0.596758 0.907843 0.595745 0.911765 0.593718 0.921569 0.593718 0.925490 0.591692 0.933333 0.591692 0.933333 0.589666 0.931373 0.588652 0.931373 0.584600 0.925490 0.584600 0.923529 0.585613 0.919608 0.585613 0.915686 0.587639 0.913725 0.587639 0.911765 0.588652 0.909804 0.588652 0.905882 0.590679 0.903922 0.590679 0.900000 0.592705 0.896078 0.592705 0.890196 0.595745 0.886275 0.595745 0.884314 0.596758 0.882353 0.596758 0.878431 0.598784 0.876471 0.598784 0.874510 0.599797 0.870588 0.599797 0.868627 0.600811 0.866667 0.600811 0.864706 0.601824 0.862745 0.601824 0.860784 0.602837 0.858824 0.602837 0.856863 0.603850 0.850980 0.603850 0.847059 0.605876 0.843137 0.605876 0.841176 0.606890 0.837255 0.606890 0.835294 0.607903 0.833333 0.607903 0.831373 0.608916 0.827451 0.608916 0.823529 0.610942 0.821569 0.610942 0.819608 0.611955 0.815686 0.611955 0.811765 0.613982 0.809804 0.613982 0.807843 0.614995 0.803922 0.614995 0.800000 0.617021 0.798039 0.617021 0.796078 0.618034 0.794118 0.618034 0.792157 0.619048 0.790196 0.619048 0.788235 0.620061 0.786275 0.620061 0.784314 0.621074 0.780392 0.621074 0.778431 0.622087 0.776471 0.622087 0.774510 0.623100 0.762745 0.623100 0.760784 0.622087 0.760784 0.603850 0.756863 0.603850 0.756863 0.621074 0.754902 0.622087 0.750980 0.622087 0.749020 0.621074 0.743137 0.621074 0.741176 0.620061 0.729412 0.620061 0.727451 0.619048 0.715686 0.619048 0.713725 0.618034 0.674510 0.618034 0.672549 0.617021 0.672549 0.614995 0.674510 0.613982 0.680392 0.613982 0.680392 0.610942 0.684314 0.608916 0.686275 0.608916 0.688235 0.607903 0.692157 0.607903 0.692157 0.606890 0.696078 0.604863 0.703922 0.604863 0.703922 0.602837 0.705882 0.601824 0.707843 0.601824 0.709804 0.600811 0.713725 0.600811 0.713725 0.599797 0.715686 0.598784 0.717647 0.598784 0.721569 0.596758 0.725490 0.596758 0.727451 0.595745 0.731373 0.595745 0.733333 0.594732 0.737255 0.594732 0.737255 0.593718 0.741176 0.591692 0.749020 0.591692 0.749020 0.590679 0.750980 0.589666 0.754902 0.589666 0.756863 0.590679 0.756863 0.591692 0.760784 0.591692 0.760784 0.585613 0.762745 0.584600 0.766667 0.584600 0.768627 0.583587 0.772549 0.583587 0.772549 0.582573 0.774510 0.581560 0.776471 0.581560 0.778431 0.580547 0.782353 0.580547 0.784314 0.579534 0.784314 0.578521 0.786275 0.577508 0.788235 0.577508 0.792157 0.575481 0.794118 0.575481 0.796078 0.574468 0.796078 0.573455 0.801961 0.570415 0.805882 0.570415 0.807843 0.569402 0.807843 0.568389 0.809804 0.567376 0.813725 0.567376 0.815686 0.566363 0.817647 0.566363 0.817647 0.563323 0.821569 0.561297 0.821569 0.560284 0.825490 0.558257 0.829412 0.558257 0.829412 0.556231 0.831373 0.555218 0.831373 0.554205 0.835294 0.552178 0.835294 0.551165 0.837255 0.550152 0.841176 0.550152 0.841176 0.539007 0.837255 0.539007 0.837255 0.540020 0.833333 0.542047 0.833333 0.543060 0.821569 0.549139 0.821569 0.550152 0.817647 0.552178 0.815686 0.552178 0.815686 0.553191 0.796078 0.563323 0.794118 0.563323 0.794118 0.564336 0.792157 0.565350 0.790196 0.565350 0.776471 0.572442 0.774510 0.572442 0.770588 0.574468 0.768627 0.574468 0.766667 0.575481 0.764706 0.575481 0.762745 0.576494 0.756863 0.576494 0.754902 0.577508 0.749020 0.577508 0.747059 0.576494 0.747059 0.573455 0.743137 0.571429 0.741176 0.571429 0.737255 0.569402 0.733333 0.569402 0.729412 0.567376 0.729412 0.564336 0.731373 0.563323 0.731373 0.559271 0.733333 0.558257 0.733333 0.557244 0.735294 0.556231 0.737255 0.556231 0.737255 0.552178 0.733333 0.552178 0.731373 0.551165 0.731373 0.547112 0.733333 0.546099 0.739216 0.546099 0.739216 0.545086 0.741176 0.544073 0.741176 0.541033 0.739216 0.540020 0.739216 0.539007 0.737255 0.537994 0.737255 0.536981 0.735294 0.535968 0.727451 0.535968 0.725490 0.534954 0.725490 0.527862 0.723529 0.526849 0.723529 0.525836 0.721569 0.524823 0.721569 0.519757 0.719608 0.518744 0.719608 0.503546 0.721569 0.502533 0.721569 0.501520 0.723529 0.500507 0.723529 0.499493 0.725490 0.498480 0.725490 0.496454 0.727451 0.495441 0.727451 0.494428 0.729412 0.493414 0.729412 0.491388 0.731373 0.490375 0.731373 0.485309 0.725490 0.485309 0.725490 0.486322 0.723529 0.487335 0.723529 0.488349 0.721569 0.489362 0.721569 0.490375 0.715686 0.493414 0.713725 0.493414 0.709804 0.495441 0.705882 0.495441 0.703922 0.494428 0.703922 0.492401 0.700000 0.492401 0.700000 0.493414 0.698039 0.494428 0.688235 0.494428 0.688235 0.497467 0.686275 0.498480 0.682353 0.498480 0.680392 0.497467 0.680392 0.495441 0.676471 0.495441 0.674510 0.496454 0.658824 0.496454 0.656863 0.495441 0.649020 0.495441 0.647059 0.494428 0.647059 0.492401 0.641176 0.492401 0.641176 0.493414 0.639216 0.494428 0.631373 0.494428 0.629412 0.495441 0.621569 0.495441 0.619608 0.496454 0.601961 0.496454 0.600000 0.495441 0.600000 0.494428 0.590196 0.494428 0.588235 0.493414 0.588235 0.467072 0.584314 0.467072 0.584314 0.496454 0.582353 0.497467 0.578431 0.497467 0.576471 0.496454 0.560784 0.496454 0.558824 0.495441 0.558824 0.494428 0.554902 0.494428 0.552941 0.493414 0.552941 0.492401 0.535294 0.492401 0.533333 0.491388 0.533333 0.486322 0.535294 0.485309 0.535294 0.472138 0.533333 0.471125 0.533333 0.456940 0.531373 0.455927 0.531373 0.451874 0.529412 0.451874 0.527451 0.450861 0.527451 0.448835 0.529412 0.447822 0.531373 0.447822 0.531373 0.443769 0.533333 0.442756 0.552941 0.442756 0.552941 0.441743 0.556863 0.439716 0.558824 0.439716 0.558824 0.438703 0.560784 0.437690 0.564706 0.437690 0.566667 0.436677 0.576471 0.436677 0.578431 0.435664 0.582353 0.435664 0.584314 0.436677 0.584314 0.448835 0.588235 0.448835 0.588235 0.429585 0.590196 0.428571 0.605882 0.428571 0.605882 0.427558 0.607843 0.426545 0.615686 0.426545 0.615686 0.425532 0.617647 0.424519 0.621569 0.424519 0.623529 0.423506 0.631373 0.423506 0.631373 0.420466 0.633333 0.419453 0.635294 0.419453 0.635294 0.418440 0.637255 0.417427 0.637255 0.410334 0.639216 0.409321 0.643137 0.409321 0.645098 0.410334 0.645098 0.412361 0.647059 0.413374 0.647059 0.419453 0.666667 0.419453 0.666667 0.418440 0.668627 0.417427 0.678431 0.417427 0.678431 0.415400 0.680392 0.414387 0.684314 0.414387 0.686275 0.413374 0.698039 0.413374 0.700000 0.414387 0.700000 0.417427 0.703922 0.417427 0.705882 0.418440 0.705882 0.420466 0.707843 0.421479 0.715686 0.421479 0.719608 0.423506 0.719608 0.424519 0.721569 0.424519 0.723529 0.425532 0.723529 0.427558 0.729412 0.427558 0.731373 0.428571 0.733333 0.428571 0.735294 0.429585 0.735294 0.431611 0.741176 0.434650 0.741176 0.435664 0.743137 0.436677 0.747059 0.436677 0.747059 0.420466 0.745098 0.420466 0.743137 0.419453 0.743137 0.415400 0.745098 0.414387 0.749020 0.414387 0.749020 0.411348 0.750980 0.410334 0.756863 0.410334 0.756863 0.387031 0.758824 0.386018 0.762745 0.386018 0.764706 0.387031 0.764706 0.389058 0.766667 0.389058 0.768627 0.390071 0.768627 0.391084 0.772549 0.391084 0.776471 0.393110 0.778431 0.393110 0.780392 0.394124 0.780392 0.395137 0.788235 0.395137 0.792157 0.397163 0.809804 0.397163 0.811765 0.398176 0.827451 0.398176 0.827451 0.395137 0.821569 0.395137 0.817647 0.393110 0.809804 0.393110 0.807843 0.392097 0.800000 0.392097 0.798039 0.391084 0.796078 0.391084 0.792157 0.389058 0.790196 0.389058 0.786275 0.387031 0.786275 0.383992 0.784314 0.382979 0.784314 0.361702 0.786275 0.360689 0.788235 0.360689 0.788235 0.356636 0.790196 0.355623 0.794118 0.355623 0.794118 0.353597 0.800000 0.350557 0.800000 0.348531 0.801961 0.347518 0.805882 0.347518 0.805882 0.341439 0.807843 0.340426 0.811765 0.340426 0.813725 0.341439 0.813725 0.342452 0.817647 0.342452 0.817647 0.331307 0.819608 0.330294 0.821569 0.330294 0.821569 0.328267 0.823529 0.327254 0.827451 0.327254 0.829412 0.326241 0.835294 0.326241 0.837255 0.327254 0.837255 0.328267 0.841176 0.328267 0.841176 0.316109 0.845098 0.314083 0.845098 0.313070 0.847059 0.312057 0.852941 0.312057 0.852941 0.272543 0.854902 0.271530 0.854902 0.270517 0.856863 0.269504 0.856863 0.264438 0.858824 0.263425 0.860784 0.263425 0.862745 0.262411 0.862745 0.256332 0.864706 0.255319 0.868627 0.255319 0.870588 0.256332 0.870588 0.265451 0.876471 0.265451 0.876471 0.244174 0.872549 0.244174 0.870588 0.243161 0.870588 0.238095 0.872549 0.237082 0.876471 0.237082 0.876471 0.212766 0.870588 0.212766 0.870588 0.234043 0.868627 0.235056 0.860784 0.235056 0.858824 0.236069 0.854902 0.236069 0.854902 0.237082 0.850980 0.239108 0.850980 0.240122 0.845098 0.243161 0.845098 0.245187 0.841176 0.247214 0.839216 0.247214 0.839216 0.249240 0.837255 0.250253 0.837255 0.252280 0.835294 0.253293 0.835294 0.254306 0.833333 0.255319 0.833333 0.256332 0.831373 0.257345 0.827451 0.257345 0.827451 0.258359 0.825490 0.259372 0.825490 0.260385 0.823529 0.261398 0.819608 0.261398 0.817647 0.260385 0.817647 0.248227 0.809804 0.248227 0.805882 0.246201 0.805882 0.243161 0.803922 0.242148 0.803922 0.240122 0.794118 0.240122 0.790196 0.238095 0.790196 0.236069 0.792157 0.235056 0.792157 0.234043 0.794118 0.233029 0.794118 0.229990 0.792157 0.228977 0.792157 0.222898 0.784314 0.222898 0.782353 0.221884 0.782353 0.220871 0.776471 0.220871 0.774510 0.219858 0.774510 0.217832 0.776471 0.216819 0.776471 0.214792 0.774510 0.214792 0.772549 0.213779 0.772549 0.195542 0.774510 0.194529 0.778431 0.194529 0.780392 0.195542 0.784314 0.195542 0.784314 0.194529 0.786275 0.193516 0.794118 0.193516 0.794118 0.186424 0.792157 0.185410 0.792157 0.182371 0.790196 0.181358 0.790196 0.176292 0.792157 0.175279 0.811765 0.175279 0.813725 0.176292 0.813725 0.180344 0.817647 0.180344 0.817647 0.172239 0.819608 0.171226 0.825490 0.171226 0.827451 0.172239 0.827451 0.173252 0.833333 0.173252 0.833333 0.172239 0.835294 0.171226 0.845098 0.171226 0.845098 0.170213 0.847059 0.169200 0.852941 0.169200 0.854902 0.170213 0.854902 0.172239 0.852941 0.173252 0.849020 0.173252 0.849020 0.175279 0.856863 0.175279 0.858824 0.176292 0.862745 0.176292 0.862745 0.174265 0.864706 0.173252 0.872549 0.173252 0.872549 0.172239 0.874510 0.171226 0.878431 0.171226 0.880392 0.172239 0.880392 0.176292 0.882353 0.177305 0.882353 0.180344 0.880392 0.181358 0.880392 0.184397 0.886275 0.184397 0.886275 0.177305 0.888235 0.176292 0.894118 0.176292 0.896078 0.177305 0.896078 0.179331 0.900000 0.179331 0.901961 0.180344 0.901961 0.186424 0.903922 0.186424 0.905882 0.187437 0.905882 0.204661 0.909804 0.204661 0.909804 0.177305 0.911765 0.176292 0.921569 0.176292 0.921569 0.167173 0.923529 0.166160 0.927451 0.166160 0.929412 0.167173 0.929412 0.194529 0.933333 0.194529 0.933333 0.177305 0.935294 0.176292 0.958824 0.176292 0.960784 0.175279 0.968627 0.175279 0.970588 0.176292 0.970588 0.178318 0.974510 0.178318 0.974510 0.176292 0.976471 0.175279 0.980392 0.175279 0.980392 0.174265 0.982353 0.173252 0.982353 0.160081 0.984314 0.159068 0.986275 0.159068 0.986275 0.157042 0.984314 0.157042 0.982353 0.156028 0.982353 0.154002 0.984314 0.152989 0.990196 0.152989 0.992157 0.154002 0.992157 0.156028 0.994118 0.156028 0.996078 0.157042 0.996078 0.165147 0.994118 0.166160 0.992157 0.166160 0.992157 0.169200 0.994118 0.169200 0.996078 0.170213 0.996078 0.172239 0.994118 0.173252 0.992157 0.173252 0.992157 0.176292 0.994118 0.176292 0.996078 0.177305 0.996078 0.178318 0.998039 0.178318 0.998039 0.074975 0.996078 0.074975 0.996078 0.075988 0.994118 0.077001 0.984314 0.077001 0.982353 0.075988 0.982353 0.074975 0.980392 0.073961 0.978431 0.073961 0.976471 0.072948 0.976471 0.067882 0.974510 0.066869 0.970588 0.066869 0.970588 0.071935 0.968627 0.072948 0.962745 0.072948 0.960784 0.071935 0.960784 0.069909 0.958824 0.068896 0.954902 0.068896 0.954902 0.069909 0.952941 0.070922 0.950980 0.070922 0.950980 0.073961 0.949020 0.074975 0.949020 0.075988 0.947059 0.077001 0.935294 0.077001 0.933333 0.075988 0.933333 0.043566 0.931373 0.043566 0.929412 0.042553 0.929412 0.040527 0.925490 0.040527 0.925490 0.042553 0.927451 0.042553 0.929412 0.043566 0.929412 0.079027 0.927451 0.080041 0.921569 0.080041 0.919608 0.079027 0.919608 0.077001 0.911765 0.077001 0.909804 0.075988 0.909804 0.071935 0.911765 0.070922 0.919608 0.070922 0.919608 0.068896 0.921569 0.067882 0.921569 0.062817 0.917647 0.062817 0.917647 0.063830 0.915686 0.064843 0.913725 0.064843 0.911765 0.065856 0.905882 0.065856 0.905882 0.073961 0.903922 0.074975 0.901961 0.074975 0.901961 0.079027 0.911765 0.079027 0.913725 0.080041 0.913725 0.082067 0.911765 0.083080 0.901961 0.083080 0.900000 0.084093 0.896078 0.084093 0.896078 0.090172 0.894118 0.091185 0.890196 0.091185 0.890196 0.094225 0.888235 0.095238 0.882353 0.095238 0.880392 0.094225 0.880392 0.089159 0.876471 0.089159 0.876471 0.093212 0.874510 0.094225 0.870588 0.094225 0.868627 0.093212 0.868627 0.084093 0.866667 0.083080 0.866667 0.082067 0.864706 0.081054 0.864706 0.065856 0.860784 0.065856 0.860784 0.082067 0.858824 0.083080 0.854902 0.083080 0.852941 0.082067 0.852941 0.075988 0.849020 0.075988 0.849020 0.082067 0.847059 0.083080 0.843137 0.083080 0.841176 0.082067 0.841176 0.077001 0.837255 0.077001 0.837255 0.089159 0.835294 0.090172 0.831373 0.090172 0.829412 0.089159 0.829412 0.082067 0.825490 0.082067 0.825490 0.086120 0.823529 0.087133 0.819608 0.087133 0.817647 0.086120 0.817647 0.084093 0.813725 0.084093 0.813725 0.099291 0.811765 0.100304 0.801961 0.100304 0.800000 0.099291 0.798039 0.099291 0.796078 0.098278 0.796078 0.093212 0.792157 0.093212 0.792157 0.101317 0.790196 0.102330 0.786275 0.102330 0.784314 0.101317 0.784314 0.091185 0.780392 0.091185 0.780392 0.099291 0.776471 0.101317 0.768627 0.101317 0.766667 0.102330 0.766667 0.105370 0.764706 0.106383 0.764706 0.115502 0.762745 0.116515 0.747059 0.116515 0.747059 0.117528 0.745098 0.118541 0.739216 0.118541 0.737255 0.117528 0.737255 0.115502 0.729412 0.115502 0.727451 0.114488 0.727451 0.107396 0.723529 0.107396 0.723529 0.115502 0.721569 0.116515 0.717647 0.116515 0.715686 0.115502 0.715686 0.109422 0.711765 0.109422 0.711765 0.121581 0.709804 0.122594 0.705882 0.122594 0.703922 0.121581 0.703922 0.109422 0.700000 0.109422 0.700000 0.122594 0.698039 0.123607 0.692157 0.123607 0.690196 0.122594 0.690196 0.121581 0.686275 0.121581 0.684314 0.120567 0.684314 0.103343 0.682353 0.102330 0.680392 0.102330 0.678431 0.101317 0.678431 0.100304 0.674510 0.100304 0.674510 0.102330 0.672549 0.103343 0.672549 0.105370 0.670588 0.106383 0.670588 0.108409 0.668627 0.109422 0.666667 0.109422 0.666667 0.110436 0.664706 0.111449 0.662745 0.111449 0.660784 0.112462 0.656863 0.112462 0.654902 0.111449 0.654902 0.095238 0.649020 0.095238 0.647059 0.094225 0.647059 0.064843 0.643137 0.064843 0.643137 0.090172 0.641176 0.091185 0.637255 0.091185 0.635294 0.090172 0.635294 0.080041 0.625490 0.080041 0.623529 0.079027 0.623529 0.065856 0.619608 0.065856 0.617647 0.064843 0.617647 0.046606 0.619608 0.045593 0.623529 0.045593 0.623529 0.041540 0.625490 0.040527 0.629412 0.040527 0.629412 0.039514 0.631373 0.038501 0.635294 0.038501 0.635294 0.035461 0.637255 0.034448 0.641176 0.034448 0.643137 0.035461 0.643137 0.051672 0.647059 0.051672 0.647059 0.034448 0.641176 0.034448 0.639216 0.033435 0.639216 0.031408 0.641176 0.030395 0.643137 0.030395 0.643137 0.026342 0.645098 0.025329 0.656863 0.025329 0.660784 0.023303 0.668627 0.023303 0.672549 0.021277 0.674510 0.021277 0.678431 0.019250 0.678431 0.015198 0.676471 0.014184 0.676471 0.013171 0.666667 0.013171 0.664706 0.014184 0.662745 0.014184 0.660784 0.015198 0.656863 0.015198 0.654902 0.016211 0.650980 0.016211 0.649020 0.017224 0.643137 0.017224 0.641176 0.018237 0.619608 0.018237 0.619608 0.019250 0.617647 0.020263 0.615686 0.020263 0.615686 0.022290 0.613725 0.023303 0.607843 0.023303 0.605882 0.022290 0.605882 0.015198 0.601961 0.015198 0.600000 0.014184 0.600000 0.009119 0.592157 0.009119 0.590196 0.008105 0.590196 0.006079 0.586275 0.006079 0.586275 0.008105 0.584314 0.009119 0.578431 0.009119 0.576471 0.008105 0.572549 0.008105 0.570588 0.007092 0.566667 0.007092 0.564706 0.006079 0.564706 0.004053 0.556863 0.004053 0.554902 0.003040 0.547059 0.003040 0.545098 0.002026 0.537255 0.002026 0.537255 0.005066 0.535294 0.006079 0.529412 0.006079 0.527451 0.005066 0.527451 0.002026 0.519608 0.002026 0.517647 0.001013 0.517647 0.000000 0.417647 0.000000 0.417647 0.002026 0.415686 0.003040 0.411765 0.003040 0.409804 0.002026 0.409804 0.000000