0 0.515823 0.530852 0.515823 0.536729 0.514241 0.537708 0.511076 0.537708 0.509494 0.536729 0.509494 0.532811 0.506329 0.532811 0.506329 0.542605 0.509494 0.542605 0.509494 0.541626 0.511076 0.540646 0.514241 0.540646 0.515823 0.541626 0.515823 0.545544 0.518987 0.545544 0.518987 0.530852
0 0.655063 0.465230 0.655063 0.487757 0.653481 0.488737 0.568038 0.488737 0.568038 0.492654 0.569620 0.492654 0.571203 0.493634 0.574367 0.493634 0.575949 0.492654 0.579114 0.492654 0.580696 0.493634 0.583861 0.493634 0.585443 0.492654 0.598101 0.492654 0.599684 0.493634 0.620253 0.493634 0.621835 0.492654 0.625000 0.492654 0.626582 0.493634 0.629747 0.493634 0.631329 0.492654 0.653481 0.492654 0.655063 0.493634 0.655063 0.500490 0.658228 0.500490 0.658228 0.495593 0.656646 0.495593 0.655063 0.494613 0.655063 0.492654 0.656646 0.491675 0.659810 0.491675 0.661392 0.492654 0.748418 0.492654 0.750000 0.491675 0.753165 0.491675 0.754747 0.492654 0.773734 0.492654 0.775316 0.493634 0.778481 0.493634 0.780063 0.492654 0.783228 0.492654 0.784810 0.493634 0.787975 0.493634 0.789557 0.492654 0.792722 0.492654 0.794304 0.493634 0.794304 0.507346 0.797468 0.507346 0.797468 0.494613 0.799051 0.493634 0.802215 0.493634 0.803797 0.494613 0.806962 0.494613 0.808544 0.493634 0.829114 0.493634 0.830696 0.494613 0.833861 0.494613 0.835443 0.493634 0.837025 0.493634 0.838608 0.492654 0.844937 0.492654 0.846519 0.493634 0.852848 0.493634 0.854430 0.492654 0.867089 0.492654 0.868671 0.493634 0.900316 0.493634 0.901899 0.492654 0.931962 0.492654 0.933544 0.493634 0.933544 0.509305 0.936709 0.509305 0.936709 0.493634 0.938291 0.492654 0.998418 0.492654 0.998418 0.485798 0.993671 0.485798 0.992089 0.484819 0.988924 0.484819 0.987342 0.485798 0.984177 0.485798 0.982595 0.484819 0.979430 0.484819 0.977848 0.485798 0.974684 0.485798 0.973101 0.484819 0.969937 0.484819 0.968354 0.485798 0.957278 0.485798 0.955696 0.484819 0.950949 0.484819 0.949367 0.485798 0.939873 0.485798 0.938291 0.486778 0.931962 0.486778 0.930380 0.485798 0.873418 0.485798 0.871835 0.484819 0.868671 0.484819 0.868671 0.485798 0.867089 0.486778 0.863924 0.486778 0.862342 0.485798 0.846519 0.485798 0.844937 0.486778 0.818038 0.486778 0.816456 0.485798 0.803797 0.485798 0.802215 0.486778 0.799051 0.486778 0.797468 0.485798 0.797468 0.475024 0.794304 0.475024 0.794304 0.486778 0.792722 0.487757 0.789557 0.487757 0.787975 0.486778 0.784810 0.486778 0.783228 0.487757 0.780063 0.487757 0.778481 0.486778 0.775316 0.486778 0.773734 0.487757 0.765823 0.487757 0.764241 0.488737 0.754747 0.488737 0.753165 0.489716 0.748418 0.489716 0.746835 0.488737 0.705696 0.488737 0.704114 0.487757 0.700949 0.487757 0.699367 0.488737 0.659810 0.488737 0.658228 0.487757 0.658228 0.465230
0 0.607595 0.212537 0.607595 0.250735 0.610759 0.250735 0.610759 0.212537
0 0.514241 0.161606 0.514241 0.201763 0.517405 0.201763 0.517405 0.193928 0.518987 0.192948 0.518987 0.177277 0.517405 0.176298 0.517405 0.165524 0.518987 0.164545 0.518987 0.161606
0 0.575949 0.145935 0.575949 0.147894 0.577532 0.147894 0.579114 0.148874 0.579114 0.152791 0.580696 0.153771 0.580696 0.155730 0.579114 0.156709 0.579114 0.160627 0.577532 0.161606 0.571203 0.161606 0.571203 0.166503 0.580696 0.166503 0.580696 0.165524 0.582278 0.164545 0.582278 0.155730 0.583861 0.154750 0.583861 0.151812 0.582278 0.150833 0.582278 0.148874 0.580696 0.148874 0.579114 0.147894 0.579114 0.145935
0 0.514241 0.121450 0.514241 0.157689 0.517405 0.157689 0.517405 0.121450
0 0.617089 0.120470 0.617089 0.137120 0.620253 0.137120 0.621835 0.136141 0.628165 0.136141 0.628165 0.134182 0.623418 0.134182 0.621835 0.133203 0.621835 0.132223 0.620253 0.131244 0.620253 0.128306 0.621835 0.127326 0.628165 0.127326 0.628165 0.120470
0 0.533228 0.090108 0.533228 0.112635 0.536392 0.112635 0.537975 0.111655 0.545886 0.111655 0.545886 0.095005 0.542722 0.095005 0.542722 0.106758 0.541139 0.107738 0.537975 0.107738 0.536392 0.106758 0.536392 0.090108
0 0.487342 0.089128 0.487342 0.101861 0.485759 0.102840 0.482595 0.102840 0.481013 0.101861 0.481013 0.092067 0.477848 0.092067 0.477848 0.111655 0.484177 0.111655 0.484177 0.110676 0.485759 0.109696 0.490506 0.109696 0.490506 0.089128
0 0.691456 0.061704 0.691456 0.068560 0.689873 0.069540 0.689873 0.073457 0.691456 0.074437 0.691456 0.095984 0.694620 0.095984 0.694620 0.061704
0 0.069620 0.032321 0.069620 0.053869 0.072785 0.053869 0.072785 0.045054 0.074367 0.044074 0.080696 0.044074 0.080696 0.037218 0.074367 0.037218 0.072785 0.036239 0.072785 0.032321
0 0.050633 0.014691 0.050633 0.066601 0.053797 0.066601 0.053797 0.014691
0 0.329114 0.013712 0.329114 0.054848 0.332278 0.054848 0.332278 0.013712
0 0.700949 0.001959 0.700949 0.023506 0.699367 0.024486 0.696203 0.024486 0.694620 0.023506 0.694620 0.021548 0.688291 0.021548 0.688291 0.024486 0.696203 0.024486 0.697785 0.025465 0.697785 0.027424 0.696203 0.028404 0.688291 0.028404 0.688291 0.029383 0.686709 0.030362 0.675633 0.030362 0.674051 0.029383 0.674051 0.024486 0.669304 0.024486 0.669304 0.025465 0.667722 0.026445 0.662975 0.026445 0.662975 0.028404 0.667722 0.028404 0.669304 0.029383 0.669304 0.036239 0.672468 0.036239 0.674051 0.037218 0.674051 0.042116 0.681962 0.042116 0.683544 0.043095 0.683544 0.044074 0.694620 0.044074 0.696203 0.043095 0.699367 0.043095 0.700949 0.044074 0.700949 0.086190 0.704114 0.086190 0.704114 0.044074 0.705696 0.043095 0.712025 0.043095 0.712025 0.038198 0.713608 0.037218 0.721519 0.037218 0.721519 0.034280 0.713608 0.034280 0.712025 0.033301 0.712025 0.031342 0.705696 0.031342 0.704114 0.030362 0.704114 0.021548 0.705696 0.020568 0.712025 0.020568 0.713608 0.019589 0.716772 0.019589 0.718354 0.020568 0.718354 0.025465 0.716772 0.026445 0.716772 0.028404 0.719937 0.028404 0.719937 0.025465 0.721519 0.024486 0.721519 0.017630 0.715190 0.017630 0.713608 0.016650 0.713608 0.013712 0.712025 0.012733 0.712025 0.009794 0.713608 0.008815 0.721519 0.008815 0.721519 0.005877 0.723101 0.004897 0.724684 0.004897 0.726266 0.003918 0.727848 0.003918 0.727848 0.001959 0.724684 0.001959 0.723101 0.002938 0.721519 0.002938 0.721519 0.005877 0.719937 0.006856 0.715190 0.006856 0.713608 0.005877 0.710443 0.005877 0.710443 0.010774 0.708861 0.011753 0.705696 0.011753 0.704114 0.010774 0.704114 0.001959
0 0.235759 0.001959 0.235759 0.009794 0.234177 0.010774 0.218354 0.010774 0.216772 0.011753 0.213608 0.011753 0.212025 0.012733 0.208861 0.012733 0.208861 0.013712 0.207278 0.014691 0.205696 0.014691 0.202532 0.016650 0.200949 0.016650 0.200949 0.017630 0.199367 0.018609 0.199367 0.021548 0.197785 0.022527 0.197785 0.023506 0.196203 0.024486 0.196203 0.025465 0.194620 0.026445 0.193038 0.026445 0.193038 0.032321 0.191456 0.033301 0.189873 0.033301 0.189873 0.035260 0.188291 0.036239 0.180380 0.036239 0.180380 0.042116 0.178797 0.043095 0.170886 0.043095 0.170886 0.046033 0.167722 0.047992 0.161392 0.047992 0.159810 0.048972 0.153481 0.048972 0.153481 0.050930 0.155063 0.051910 0.155063 0.054848 0.153481 0.055828 0.150316 0.055828 0.150316 0.056807 0.148734 0.057786 0.143987 0.057786 0.143987 0.062684 0.142405 0.063663 0.140823 0.063663 0.139241 0.064643 0.121835 0.064643 0.120253 0.065622 0.110759 0.065622 0.109177 0.064643 0.096519 0.064643 0.096519 0.069540 0.094937 0.070519 0.093354 0.070519 0.093354 0.082272 0.091772 0.083252 0.088608 0.083252 0.087025 0.084231 0.074367 0.084231 0.072785 0.083252 0.072785 0.064643 0.069620 0.064643 0.069620 0.074437 0.068038 0.075416 0.066456 0.075416 0.064873 0.076396 0.058544 0.076396 0.056962 0.077375 0.053797 0.077375 0.052215 0.078355 0.052215 0.079334 0.050633 0.080313 0.050633 0.081293 0.047468 0.083252 0.045886 0.083252 0.044304 0.084231 0.041139 0.084231 0.039557 0.085211 0.039557 0.086190 0.037975 0.087169 0.033228 0.087169 0.031646 0.088149 0.030063 0.088149 0.028481 0.089128 0.025316 0.089128 0.023734 0.090108 0.023734 0.092067 0.022152 0.093046 0.014241 0.093046 0.009494 0.095984 0.004747 0.095984 0.004747 0.096964 0.001582 0.098923 0.000000 0.098923 0.000000 0.102840 0.001582 0.102840 0.003165 0.101861 0.004747 0.101861 0.011076 0.097943 0.014241 0.097943 0.017405 0.095984 0.018987 0.095984 0.020570 0.095005 0.020570 0.094025 0.022152 0.093046 0.028481 0.093046 0.030063 0.094025 0.030063 0.096964 0.026899 0.098923 0.023734 0.098923 0.023734 0.100881 0.022152 0.101861 0.020570 0.101861 0.020570 0.102840 0.017405 0.104799 0.014241 0.104799 0.012658 0.105779 0.012658 0.110676 0.020570 0.110676 0.020570 0.109696 0.022152 0.108717 0.025316 0.108717 0.026899 0.107738 0.031646 0.107738 0.033228 0.108717 0.033228 0.110676 0.049051 0.110676 0.050633 0.111655 0.050633 0.156709 0.049051 0.157689 0.041139 0.157689 0.041139 0.158668 0.039557 0.159647 0.037975 0.159647 0.037975 0.163565 0.036392 0.164545 0.026899 0.164545 0.026899 0.166503 0.036392 0.172380 0.036392 0.177277 0.037975 0.178257 0.037975 0.180215 0.039557 0.180215 0.041139 0.181195 0.041139 0.185113 0.042722 0.186092 0.042722 0.189030 0.049051 0.189030 0.050633 0.190010 0.050633 0.200784 0.049051 0.201763 0.039557 0.201763 0.037975 0.200784 0.037975 0.199804 0.033228 0.199804 0.033228 0.201763 0.036392 0.203722 0.037975 0.203722 0.042722 0.206660 0.042722 0.215475 0.045886 0.217434 0.045886 0.219393 0.047468 0.220372 0.047468 0.224290 0.049051 0.225269 0.049051 0.227228 0.044304 0.230167 0.042722 0.230167 0.039557 0.232125 0.037975 0.232125 0.034810 0.234084 0.033228 0.234084 0.033228 0.235064 0.026899 0.238981 0.026899 0.241920 0.030063 0.241920 0.031646 0.242899 0.031646 0.246817 0.034810 0.246817 0.036392 0.245837 0.036392 0.244858 0.039557 0.242899 0.042722 0.242899 0.045886 0.240940 0.049051 0.240940 0.050633 0.241920 0.050633 0.242899 0.053797 0.242899 0.053797 0.236043 0.055380 0.235064 0.058544 0.235064 0.060127 0.236043 0.060127 0.237023 0.063291 0.237023 0.064873 0.238002 0.066456 0.238002 0.069620 0.239961 0.069620 0.243879 0.072785 0.243879 0.074367 0.244858 0.074367 0.251714 0.075949 0.252693 0.075949 0.258570 0.077532 0.259549 0.077532 0.266405 0.082278 0.266405 0.083861 0.267385 0.083861 0.269344 0.085443 0.270323 0.085443 0.275220 0.090190 0.275220 0.090190 0.271303 0.091772 0.270323 0.094937 0.270323 0.096519 0.271303 0.096519 0.281097 0.094937 0.282076 0.082278 0.282076 0.080696 0.281097 0.075949 0.281097 0.074367 0.282076 0.068038 0.282076 0.066456 0.283056 0.063291 0.283056 0.063291 0.285015 0.077532 0.285015 0.079114 0.285994 0.079114 0.290891 0.077532 0.291871 0.077532 0.299706 0.075949 0.300686 0.074367 0.300686 0.072785 0.301665 0.063291 0.301665 0.061709 0.300686 0.061709 0.298727 0.055380 0.298727 0.053797 0.297747 0.053797 0.291871 0.050633 0.291871 0.050633 0.294809 0.049051 0.295788 0.045886 0.295788 0.044304 0.294809 0.044304 0.292850 0.036392 0.292850 0.031646 0.289912 0.028481 0.289912 0.026899 0.290891 0.012658 0.290891 0.011076 0.289912 0.006329 0.289912 0.004747 0.288932 0.000000 0.288932 0.000000 0.301665 0.006329 0.301665 0.007911 0.302644 0.007911 0.304603 0.009494 0.304603 0.011076 0.305583 0.011076 0.308521 0.012658 0.309500 0.012658 0.319295 0.011076 0.320274 0.011076 0.322233 0.006329 0.325171 0.004747 0.325171 0.004747 0.330069 0.003165 0.331048 0.000000 0.331048 0.000000 0.352595 0.001582 0.352595 0.003165 0.353575 0.003165 0.356513 0.004747 0.357493 0.004747 0.365328 0.003165 0.366308 0.003165 0.371205 0.001582 0.372184 0.000000 0.372184 0.000000 0.379040 0.006329 0.379040 0.007911 0.380020 0.009494 0.380020 0.011076 0.380999 0.018987 0.380999 0.020570 0.381978 0.022152 0.381978 0.023734 0.382958 0.031646 0.382958 0.033228 0.383937 0.033228 0.384917 0.039557 0.384917 0.044304 0.387855 0.047468 0.387855 0.049051 0.388834 0.050633 0.388834 0.052215 0.389814 0.052215 0.390793 0.055380 0.390793 0.056962 0.389814 0.060127 0.389814 0.066456 0.393732 0.068038 0.393732 0.071203 0.395690 0.071203 0.397649 0.075949 0.400588 0.075949 0.402547 0.077532 0.403526 0.077532 0.404505 0.079114 0.405485 0.079114 0.407444 0.080696 0.408423 0.080696 0.413320 0.079114 0.414300 0.063291 0.414300 0.063291 0.416259 0.069620 0.416259 0.071203 0.417238 0.074367 0.417238 0.075949 0.418217 0.077532 0.418217 0.079114 0.419197 0.079114 0.422135 0.087025 0.422135 0.088608 0.423115 0.091772 0.423115 0.091772 0.418217 0.093354 0.417238 0.093354 0.413320 0.094937 0.412341 0.094937 0.411361 0.096519 0.410382 0.099684 0.410382 0.101266 0.411361 0.102848 0.411361 0.107595 0.414300 0.107595 0.415279 0.110759 0.415279 0.112342 0.416259 0.112342 0.417238 0.117089 0.420176 0.117089 0.421156 0.120253 0.421156 0.120253 0.420176 0.121835 0.419197 0.129747 0.419197 0.131329 0.420176 0.132911 0.420176 0.134494 0.421156 0.137658 0.421156 0.139241 0.420176 0.142405 0.420176 0.143987 0.421156 0.143987 0.428012 0.145570 0.428991 0.145570 0.436827 0.143987 0.437806 0.143987 0.440744 0.142405 0.441724 0.142405 0.443683 0.143987 0.443683 0.145570 0.444662 0.145570 0.450539 0.143987 0.451518 0.143987 0.453477 0.140823 0.455436 0.140823 0.456415 0.139241 0.457395 0.137658 0.457395 0.136076 0.458374 0.136076 0.459354 0.131329 0.462292 0.129747 0.462292 0.128165 0.463271 0.126582 0.463271 0.125000 0.464251 0.101266 0.464251 0.099684 0.465230 0.088608 0.465230 0.087025 0.466210 0.068038 0.466210 0.068038 0.468168 0.099684 0.468168 0.101266 0.469148 0.101266 0.470127 0.102848 0.470127 0.107595 0.473066 0.107595 0.475024 0.110759 0.475024 0.110759 0.474045 0.112342 0.473066 0.115506 0.473066 0.117089 0.474045 0.120253 0.474045 0.121835 0.473066 0.123418 0.473066 0.125000 0.472086 0.129747 0.472086 0.129747 0.471107 0.131329 0.470127 0.137658 0.470127 0.137658 0.468168 0.139241 0.467189 0.142405 0.467189 0.143987 0.468168 0.143987 0.469148 0.145570 0.470127 0.145570 0.473066 0.147152 0.474045 0.147152 0.477963 0.145570 0.478942 0.145570 0.483839 0.143987 0.484819 0.143987 0.486778 0.142405 0.487757 0.142405 0.489716 0.140823 0.490695 0.132911 0.490695 0.131329 0.489716 0.131329 0.488737 0.129747 0.487757 0.129747 0.485798 0.126582 0.485798 0.125000 0.486778 0.121835 0.486778 0.120253 0.485798 0.117089 0.485798 0.117089 0.490695 0.115506 0.491675 0.110759 0.491675 0.109177 0.490695 0.104430 0.490695 0.102848 0.491675 0.099684 0.491675 0.098101 0.490695 0.096519 0.490695 0.094937 0.489716 0.085443 0.489716 0.083861 0.488737 0.056962 0.488737 0.055380 0.487757 0.052215 0.487757 0.050633 0.488737 0.009494 0.488737 0.009494 0.491675 0.011076 0.491675 0.014241 0.493634 0.014241 0.494613 0.026899 0.494613 0.026899 0.491675 0.028481 0.490695 0.031646 0.490695 0.033228 0.491675 0.033228 0.495593 0.041139 0.495593 0.042722 0.496572 0.045886 0.496572 0.045886 0.495593 0.047468 0.494613 0.050633 0.494613 0.052215 0.495593 0.052215 0.496572 0.055380 0.496572 0.055380 0.495593 0.056962 0.494613 0.077532 0.494613 0.079114 0.495593 0.096519 0.495593 0.098101 0.496572 0.102848 0.496572 0.106013 0.498531 0.107595 0.498531 0.109177 0.499510 0.113924 0.499510 0.117089 0.497551 0.118671 0.497551 0.120253 0.496572 0.125000 0.496572 0.126582 0.497551 0.126582 0.506366 0.125000 0.507346 0.123418 0.507346 0.121835 0.508325 0.118671 0.508325 0.118671 0.510284 0.128165 0.510284 0.129747 0.509305 0.132911 0.509305 0.134494 0.510284 0.134494 0.516161 0.136076 0.517140 0.136076 0.520078 0.139241 0.520078 0.139241 0.518119 0.140823 0.517140 0.143987 0.517140 0.145570 0.518119 0.145570 0.519099 0.148734 0.519099 0.148734 0.518119 0.150316 0.517140 0.158228 0.517140 0.158228 0.515181 0.159810 0.514202 0.161392 0.514202 0.162975 0.513222 0.166139 0.513222 0.166139 0.507346 0.167722 0.506366 0.170886 0.506366 0.172468 0.507346 0.175633 0.507346 0.177215 0.506366 0.180380 0.506366 0.181962 0.507346 0.181962 0.508325 0.185127 0.508325 0.186709 0.509305 0.193038 0.509305 0.194620 0.510284 0.194620 0.522037 0.193038 0.523017 0.191456 0.523017 0.189873 0.523996 0.189873 0.524976 0.188291 0.525955 0.181962 0.525955 0.181962 0.528893 0.183544 0.529873 0.183544 0.535749 0.180380 0.537708 0.177215 0.537708 0.175633 0.536729 0.172468 0.536729 0.170886 0.535749 0.167722 0.535749 0.164557 0.533790 0.161392 0.533790 0.159810 0.532811 0.158228 0.532811 0.156646 0.531832 0.150316 0.531832 0.148734 0.530852 0.145570 0.530852 0.145570 0.534770 0.150316 0.534770 0.151899 0.535749 0.153481 0.535749 0.155063 0.536729 0.155063 0.537708 0.159810 0.537708 0.161392 0.538688 0.162975 0.538688 0.164557 0.539667 0.167722 0.539667 0.169304 0.540646 0.172468 0.540646 0.175633 0.542605 0.175633 0.545544 0.174051 0.546523 0.174051 0.547502 0.172468 0.548482 0.172468 0.549461 0.170886 0.550441 0.170886 0.551420 0.167722 0.553379 0.167722 0.554358 0.164557 0.556317 0.164557 0.557297 0.150316 0.566112 0.145570 0.566112 0.143987 0.565132 0.143987 0.564153 0.140823 0.564153 0.140823 0.566112 0.142405 0.567091 0.142405 0.572968 0.140823 0.573947 0.139241 0.573947 0.139241 0.577865 0.140823 0.578844 0.140823 0.580803 0.142405 0.581783 0.142405 0.583741 0.143987 0.584721 0.143987 0.586680 0.145570 0.587659 0.145570 0.588639 0.147152 0.589618 0.147152 0.591577 0.151899 0.594515 0.151899 0.595495 0.156646 0.598433 0.156646 0.600392 0.158228 0.600392 0.166139 0.605289 0.166139 0.606268 0.167722 0.606268 0.169304 0.607248 0.169304 0.608227 0.172468 0.608227 0.175633 0.610186 0.177215 0.610186 0.178797 0.611166 0.178797 0.612145 0.181962 0.612145 0.183544 0.613124 0.183544 0.614104 0.185127 0.615083 0.186709 0.615083 0.193038 0.619001 0.196203 0.619001 0.197785 0.619980 0.199367 0.619980 0.202532 0.621939 0.205696 0.621939 0.207278 0.622919 0.208861 0.622919 0.213608 0.625857 0.215190 0.625857 0.216772 0.626836 0.216772 0.630754 0.223101 0.630754 0.226266 0.632713 0.226266 0.634672 0.235759 0.634672 0.237342 0.633692 0.246835 0.633692 0.248418 0.634672 0.250000 0.634672 0.251582 0.635651 0.253165 0.635651 0.254747 0.636631 0.254747 0.638590 0.256329 0.638590 0.257911 0.639569 0.257911 0.640548 0.261076 0.640548 0.262658 0.641528 0.264241 0.641528 0.265823 0.642507 0.265823 0.650343 0.267405 0.651322 0.267405 0.655240 0.268987 0.655240 0.270570 0.656219 0.272152 0.656219 0.273734 0.657199 0.273734 0.660137 0.275316 0.661117 0.278481 0.661117 0.278481 0.650343 0.280063 0.649363 0.280063 0.648384 0.281646 0.647405 0.281646 0.646425 0.283228 0.645446 0.284810 0.645446 0.284810 0.643487 0.286392 0.642507 0.292722 0.642507 0.294304 0.643487 0.294304 0.644466 0.297468 0.644466 0.297468 0.643487 0.299051 0.642507 0.316456 0.642507 0.318038 0.643487 0.319620 0.643487 0.321203 0.644466 0.321203 0.647405 0.325949 0.647405 0.330696 0.650343 0.330696 0.662096 0.333861 0.662096 0.333861 0.658178 0.335443 0.657199 0.338608 0.657199 0.340190 0.658178 0.340190 0.661117 0.343354 0.661117 0.344937 0.662096 0.344937 0.666014 0.343354 0.666993 0.343354 0.667973 0.341772 0.668952 0.341772 0.672870 0.340190 0.673849 0.340190 0.675808 0.338608 0.676787 0.338608 0.678746 0.337025 0.679726 0.337025 0.682664 0.335443 0.683643 0.335443 0.687561 0.338608 0.687561 0.338608 0.683643 0.340190 0.682664 0.340190 0.680705 0.341772 0.679726 0.341772 0.677767 0.343354 0.676787 0.346519 0.676787 0.348101 0.677767 0.348101 0.680705 0.346519 0.681685 0.346519 0.689520 0.343354 0.691479 0.341772 0.691479 0.341772 0.693438 0.340190 0.694417 0.338608 0.694417 0.337025 0.695397 0.332278 0.695397 0.329114 0.697356 0.322785 0.697356 0.321203 0.698335 0.319620 0.698335 0.318038 0.699314 0.310127 0.699314 0.308544 0.698335 0.306962 0.698335 0.305380 0.697356 0.299051 0.697356 0.297468 0.696376 0.292722 0.696376 0.291139 0.695397 0.278481 0.695397 0.276899 0.696376 0.267405 0.696376 0.265823 0.697356 0.262658 0.697356 0.261076 0.698335 0.256329 0.698335 0.254747 0.699314 0.250000 0.699314 0.248418 0.700294 0.243671 0.700294 0.242089 0.701273 0.238924 0.701273 0.237342 0.702253 0.231013 0.702253 0.229430 0.703232 0.227848 0.703232 0.226266 0.704212 0.223101 0.704212 0.223101 0.706170 0.231013 0.706170 0.232595 0.705191 0.237342 0.705191 0.238924 0.704212 0.243671 0.704212 0.245253 0.703232 0.251582 0.703232 0.253165 0.702253 0.256329 0.702253 0.257911 0.701273 0.262658 0.701273 0.264241 0.702253 0.264241 0.704212 0.261076 0.706170 0.259494 0.706170 0.257911 0.707150 0.254747 0.707150 0.253165 0.708129 0.245253 0.708129 0.243671 0.709109 0.235759 0.709109 0.235759 0.711068 0.253165 0.711068 0.254747 0.712047 0.256329 0.712047 0.257911 0.713026 0.257911 0.721841 0.256329 0.722821 0.253165 0.722821 0.250000 0.720862 0.245253 0.720862 0.242089 0.718903 0.242089 0.714985 0.238924 0.714985 0.238924 0.717924 0.237342 0.718903 0.234177 0.718903 0.231013 0.716944 0.226266 0.716944 0.224684 0.715965 0.221519 0.715965 0.219937 0.714985 0.218354 0.714985 0.215190 0.713026 0.213608 0.713026 0.212025 0.712047 0.210443 0.712047 0.208861 0.711068 0.205696 0.711068 0.205696 0.713026 0.207278 0.713026 0.210443 0.714985 0.212025 0.714985 0.215190 0.716944 0.216772 0.716944 0.218354 0.717924 0.223101 0.717924 0.224684 0.718903 0.226266 0.718903 0.227848 0.719882 0.229430 0.719882 0.231013 0.720862 0.234177 0.720862 0.238924 0.723800 0.238924 0.726738 0.242089 0.726738 0.242089 0.725759 0.243671 0.724780 0.246835 0.724780 0.248418 0.725759 0.248418 0.729677 0.251582 0.729677 0.253165 0.728697 0.256329 0.728697 0.257911 0.729677 0.257911 0.732615 0.261076 0.732615 0.261076 0.730656 0.262658 0.729677 0.265823 0.729677 0.267405 0.730656 0.267405 0.738492 0.272152 0.738492 0.273734 0.739471 0.273734 0.740451 0.275316 0.741430 0.280063 0.741430 0.280063 0.740451 0.281646 0.739471 0.287975 0.739471 0.289557 0.740451 0.289557 0.742409 0.287975 0.743389 0.284810 0.743389 0.284810 0.746327 0.283228 0.747307 0.273734 0.747307 0.272152 0.748286 0.227848 0.748286 0.227848 0.751224 0.234177 0.751224 0.235759 0.752204 0.248418 0.752204 0.250000 0.753183 0.287975 0.753183 0.289557 0.754163 0.289557 0.756121 0.291139 0.756121 0.292722 0.757101 0.292722 0.758080 0.306962 0.758080 0.308544 0.759060 0.311709 0.759060 0.313291 0.760039 0.313291 0.761019 0.318038 0.761019 0.319620 0.761998 0.330696 0.761998 0.332278 0.762977 0.332278 0.765916 0.335443 0.765916 0.335443 0.764936 0.337025 0.763957 0.340190 0.763957 0.341772 0.764936 0.341772 0.766895 0.352848 0.766895 0.352848 0.765916 0.354430 0.764936 0.357595 0.764936 0.359177 0.765916 0.359177 0.769833 0.349684 0.775710 0.349684 0.776690 0.346519 0.778648 0.344937 0.778648 0.340190 0.781587 0.340190 0.782566 0.337025 0.784525 0.337025 0.785504 0.335443 0.786484 0.333861 0.786484 0.333861 0.787463 0.329114 0.790402 0.329114 0.791381 0.325949 0.793340 0.324367 0.793340 0.324367 0.794319 0.321203 0.796278 0.321203 0.797258 0.318038 0.799216 0.316456 0.799216 0.316456 0.800196 0.311709 0.803134 0.311709 0.806072 0.319620 0.806072 0.321203 0.805093 0.325949 0.805093 0.325949 0.804114 0.327532 0.803134 0.335443 0.803134 0.335443 0.799216 0.337025 0.798237 0.338608 0.798237 0.341772 0.796278 0.343354 0.796278 0.343354 0.794319 0.346519 0.792360 0.346519 0.791381 0.348101 0.790402 0.348101 0.789422 0.349684 0.788443 0.351266 0.788443 0.351266 0.787463 0.352848 0.786484 0.352848 0.785504 0.360759 0.780607 0.360759 0.779628 0.368671 0.774731 0.370253 0.774731 0.370253 0.773751 0.371835 0.772772 0.379747 0.772772 0.381329 0.773751 0.381329 0.774731 0.382911 0.774731 0.387658 0.777669 0.387658 0.778648 0.390823 0.778648 0.393987 0.780607 0.395570 0.780607 0.397152 0.781587 0.397152 0.785504 0.393987 0.787463 0.393987 0.788443 0.390823 0.790402 0.389241 0.790402 0.389241 0.791381 0.382911 0.795299 0.379747 0.795299 0.379747 0.796278 0.373418 0.800196 0.373418 0.802155 0.376582 0.802155 0.378165 0.801175 0.381329 0.801175 0.382911 0.800196 0.386076 0.800196 0.387658 0.801175 0.387658 0.804114 0.390823 0.804114 0.393987 0.802155 0.397152 0.802155 0.398734 0.803134 0.398734 0.806072 0.397152 0.807052 0.397152 0.809011 0.393987 0.810970 0.392405 0.810970 0.390823 0.811949 0.389241 0.811949 0.386076 0.813908 0.384494 0.813908 0.382911 0.814887 0.378165 0.814887 0.378165 0.815867 0.376582 0.816846 0.375000 0.816846 0.373418 0.817826 0.371835 0.817826 0.368671 0.819785 0.367089 0.819785 0.365506 0.820764 0.363924 0.820764 0.362342 0.821743 0.360759 0.821743 0.357595 0.823702 0.356013 0.823702 0.354430 0.824682 0.352848 0.824682 0.351266 0.825661 0.349684 0.825661 0.346519 0.827620 0.343354 0.827620 0.337025 0.831538 0.335443 0.831538 0.327532 0.836435 0.325949 0.836435 0.321203 0.839373 0.319620 0.839373 0.310127 0.845250 0.308544 0.845250 0.294304 0.854065 0.291139 0.854065 0.289557 0.853085 0.289557 0.851126 0.286392 0.851126 0.286392 0.853085 0.289557 0.853085 0.291139 0.854065 0.291139 0.856024 0.289557 0.857003 0.287975 0.857003 0.287975 0.858962 0.284810 0.860921 0.284810 0.862880 0.283228 0.863859 0.281646 0.863859 0.280063 0.864838 0.280063 0.865818 0.278481 0.866797 0.278481 0.867777 0.272152 0.871694 0.272152 0.872674 0.270570 0.873653 0.270570 0.874633 0.268987 0.875612 0.268987 0.876592 0.267405 0.877571 0.267405 0.879530 0.270570 0.879530 0.270570 0.878550 0.272152 0.877571 0.275316 0.877571 0.276899 0.878550 0.276899 0.880509 0.281646 0.880509 0.281646 0.879530 0.283228 0.878550 0.283228 0.876592 0.284810 0.875612 0.286392 0.875612 0.286392 0.871694 0.283228 0.871694 0.281646 0.870715 0.281646 0.868756 0.284810 0.866797 0.284810 0.865818 0.286392 0.864838 0.289557 0.864838 0.291139 0.865818 0.294304 0.865818 0.297468 0.863859 0.299051 0.863859 0.299051 0.861900 0.300633 0.860921 0.302215 0.860921 0.302215 0.858962 0.305380 0.857003 0.306962 0.857003 0.308544 0.856024 0.308544 0.855044 0.311709 0.853085 0.311709 0.852106 0.314873 0.850147 0.316456 0.850147 0.322785 0.846229 0.324367 0.846229 0.327532 0.844270 0.329114 0.844270 0.330696 0.843291 0.335443 0.843291 0.335443 0.841332 0.341772 0.837414 0.343354 0.837414 0.348101 0.834476 0.349684 0.834476 0.351266 0.833497 0.352848 0.833497 0.356013 0.831538 0.357595 0.831538 0.359177 0.830558 0.362342 0.830558 0.362342 0.829579 0.363924 0.828599 0.365506 0.828599 0.367089 0.827620 0.371835 0.827620 0.375000 0.825661 0.378165 0.825661 0.378165 0.822723 0.379747 0.821743 0.392405 0.821743 0.393987 0.822723 0.393987 0.829579 0.395570 0.830558 0.395570 0.832517 0.397152 0.833497 0.400316 0.833497 0.400316 0.828599 0.401899 0.827620 0.401899 0.825661 0.403481 0.824682 0.403481 0.822723 0.405063 0.821743 0.405063 0.820764 0.406646 0.819785 0.406646 0.817826 0.408228 0.816846 0.408228 0.814887 0.411392 0.812929 0.414557 0.812929 0.416139 0.813908 0.416139 0.817826 0.414557 0.818805 0.414557 0.820764 0.412975 0.821743 0.412975 0.824682 0.411392 0.825661 0.411392 0.827620 0.409810 0.828599 0.409810 0.829579 0.408228 0.830558 0.408228 0.834476 0.406646 0.835455 0.406646 0.842311 0.405063 0.843291 0.405063 0.849167 0.403481 0.850147 0.401899 0.850147 0.400316 0.851126 0.398734 0.851126 0.387658 0.857982 0.387658 0.858962 0.384494 0.860921 0.384494 0.861900 0.379747 0.864838 0.379747 0.866797 0.378165 0.867777 0.378165 0.868756 0.376582 0.869736 0.376582 0.870715 0.375000 0.871694 0.375000 0.873653 0.378165 0.873653 0.378165 0.872674 0.379747 0.871694 0.379747 0.870715 0.382911 0.868756 0.382911 0.867777 0.384494 0.866797 0.384494 0.865818 0.386076 0.864838 0.386076 0.863859 0.392405 0.859941 0.395570 0.859941 0.397152 0.860921 0.397152 0.864838 0.400316 0.864838 0.400316 0.862880 0.401899 0.861900 0.405063 0.861900 0.406646 0.862880 0.406646 0.867777 0.408228 0.868756 0.409810 0.868756 0.411392 0.869736 0.411392 0.876592 0.409810 0.877571 0.408228 0.877571 0.408228 0.879530 0.409810 0.880509 0.409810 0.884427 0.408228 0.885406 0.406646 0.885406 0.405063 0.886386 0.403481 0.886386 0.401899 0.887365 0.398734 0.887365 0.397152 0.888345 0.389241 0.888345 0.387658 0.889324 0.379747 0.889324 0.378165 0.890304 0.371835 0.890304 0.370253 0.891283 0.367089 0.891283 0.365506 0.892262 0.360759 0.892262 0.359177 0.893242 0.352848 0.893242 0.351266 0.894221 0.349684 0.894221 0.348101 0.895201 0.343354 0.895201 0.341772 0.896180 0.340190 0.896180 0.338608 0.897160 0.335443 0.897160 0.333861 0.898139 0.332278 0.898139 0.330696 0.899119 0.329114 0.899119 0.327532 0.900098 0.324367 0.900098 0.322785 0.901077 0.321203 0.901077 0.319620 0.902057 0.318038 0.902057 0.316456 0.903036 0.314873 0.903036 0.311709 0.904995 0.310127 0.904995 0.306962 0.906954 0.305380 0.906954 0.305380 0.910872 0.308544 0.910872 0.310127 0.909892 0.311709 0.909892 0.314873 0.907933 0.318038 0.907933 0.322785 0.904995 0.325949 0.904995 0.325949 0.904016 0.327532 0.903036 0.330696 0.903036 0.332278 0.902057 0.335443 0.902057 0.337025 0.901077 0.338608 0.901077 0.340190 0.900098 0.343354 0.900098 0.346519 0.898139 0.352848 0.898139 0.354430 0.897160 0.359177 0.897160 0.360759 0.896180 0.367089 0.896180 0.368671 0.895201 0.371835 0.895201 0.373418 0.894221 0.379747 0.894221 0.381329 0.893242 0.386076 0.893242 0.387658 0.892262 0.393987 0.892262 0.395570 0.891283 0.400316 0.891283 0.401899 0.890304 0.414557 0.890304 0.414557 0.888345 0.416139 0.887365 0.419304 0.887365 0.420886 0.888345 0.420886 0.891283 0.419304 0.892262 0.417722 0.892262 0.417722 0.893242 0.416139 0.894221 0.416139 0.895201 0.412975 0.897160 0.412975 0.898139 0.406646 0.902057 0.406646 0.903036 0.401899 0.905975 0.401899 0.906954 0.398734 0.908913 0.398734 0.909892 0.397152 0.910872 0.397152 0.911851 0.393987 0.913810 0.393987 0.914789 0.392405 0.915769 0.392405 0.916748 0.390823 0.917728 0.390823 0.918707 0.389241 0.919687 0.389241 0.920666 0.387658 0.921645 0.387658 0.922625 0.386076 0.923604 0.386076 0.924584 0.384494 0.925563 0.384494 0.927522 0.381329 0.929481 0.381329 0.933399 0.379747 0.934378 0.379747 0.936337 0.378165 0.937316 0.378165 0.941234 0.376582 0.942214 0.376582 0.944172 0.375000 0.945152 0.375000 0.948090 0.373418 0.949070 0.373418 0.951028 0.371835 0.952008 0.371835 0.955926 0.370253 0.956905 0.370253 0.957884 0.368671 0.958864 0.368671 0.960823 0.367089 0.961802 0.367089 0.966699 0.365506 0.967679 0.365506 0.970617 0.376582 0.970617 0.376582 0.967679 0.378165 0.966699 0.378165 0.965720 0.379747 0.964740 0.379747 0.957884 0.376582 0.957884 0.375000 0.956905 0.375000 0.953967 0.376582 0.952987 0.376582 0.950049 0.378165 0.949070 0.379747 0.949070 0.379747 0.944172 0.381329 0.943193 0.387658 0.943193 0.387658 0.939275 0.389241 0.938296 0.389241 0.936337 0.390823 0.935357 0.390823 0.932419 0.392405 0.931440 0.392405 0.928501 0.393987 0.927522 0.393987 0.924584 0.395570 0.923604 0.397152 0.923604 0.397152 0.922625 0.398734 0.921645 0.400316 0.921645 0.400316 0.919687 0.401899 0.918707 0.401899 0.916748 0.403481 0.915769 0.403481 0.914789 0.405063 0.913810 0.405063 0.912831 0.406646 0.911851 0.409810 0.911851 0.409810 0.908913 0.412975 0.906954 0.414557 0.906954 0.414557 0.905975 0.419304 0.903036 0.419304 0.902057 0.420886 0.901077 0.422468 0.901077 0.424051 0.900098 0.428797 0.900098 0.428797 0.896180 0.430380 0.895201 0.431962 0.895201 0.433544 0.894221 0.436709 0.894221 0.438291 0.895201 0.438291 0.899119 0.436709 0.900098 0.436709 0.904016 0.435127 0.904995 0.435127 0.908913 0.433544 0.909892 0.433544 0.914789 0.431962 0.915769 0.431962 0.918707 0.430380 0.919687 0.430380 0.922625 0.428797 0.923604 0.428797 0.927522 0.427215 0.928501 0.427215 0.935357 0.425633 0.936337 0.425633 0.939275 0.424051 0.940255 0.424051 0.943193 0.422468 0.944172 0.422468 0.949070 0.420886 0.950049 0.420886 0.955926 0.419304 0.956905 0.419304 0.960823 0.417722 0.961802 0.417722 0.967679 0.416139 0.968658 0.416139 0.971596 0.419304 0.971596 0.420886 0.970617 0.420886 0.969638 0.422468 0.968658 0.422468 0.964740 0.424051 0.963761 0.424051 0.960823 0.425633 0.959843 0.425633 0.953967 0.427215 0.952987 0.427215 0.950049 0.428797 0.949070 0.428797 0.944172 0.430380 0.943193 0.430380 0.942214 0.431962 0.941234 0.431962 0.938296 0.433544 0.937316 0.433544 0.935357 0.435127 0.934378 0.435127 0.931440 0.436709 0.930460 0.436709 0.924584 0.438291 0.923604 0.438291 0.921645 0.439873 0.920666 0.439873 0.918707 0.441456 0.917728 0.441456 0.914789 0.443038 0.913810 0.443038 0.910872 0.444620 0.909892 0.444620 0.908913 0.446203 0.907933 0.446203 0.904016 0.447785 0.903036 0.447785 0.899119 0.449367 0.898139 0.449367 0.894221 0.450949 0.893242 0.450949 0.888345 0.452532 0.887365 0.452532 0.886386 0.455696 0.884427 0.455696 0.882468 0.457278 0.881489 0.457278 0.880509 0.458861 0.879530 0.462025 0.879530 0.463608 0.878550 0.465190 0.878550 0.465190 0.876592 0.466772 0.875612 0.468354 0.875612 0.469937 0.874633 0.471519 0.874633 0.471519 0.871694 0.473101 0.870715 0.482595 0.870715 0.482595 0.869736 0.484177 0.868756 0.487342 0.868756 0.493671 0.864838 0.496835 0.864838 0.496835 0.863859 0.498418 0.862880 0.500000 0.862880 0.503165 0.860921 0.507911 0.860921 0.509494 0.861900 0.509494 0.862880 0.511076 0.863859 0.511076 0.864838 0.512658 0.864838 0.514241 0.865818 0.514241 0.866797 0.515823 0.866797 0.517405 0.867777 0.517405 0.873653 0.520570 0.873653 0.520570 0.871694 0.522152 0.870715 0.522152 0.865818 0.523734 0.864838 0.523734 0.859941 0.525316 0.858962 0.525316 0.857003 0.528481 0.855044 0.528481 0.852106 0.533228 0.849167 0.536392 0.849167 0.537975 0.850147 0.537975 0.851126 0.539557 0.851126 0.541139 0.852106 0.541139 0.854065 0.537975 0.856024 0.537975 0.858962 0.536392 0.859941 0.536392 0.861900 0.534810 0.862880 0.534810 0.863859 0.533228 0.864838 0.533228 0.866797 0.531646 0.867777 0.531646 0.869736 0.530063 0.870715 0.530063 0.871694 0.528481 0.872674 0.528481 0.874633 0.526899 0.875612 0.526899 0.877571 0.525316 0.878550 0.525316 0.879530 0.523734 0.880509 0.523734 0.881489 0.522152 0.882468 0.520570 0.882468 0.520570 0.883448 0.518987 0.884427 0.518987 0.885406 0.517405 0.886386 0.517405 0.887365 0.514241 0.889324 0.514241 0.890304 0.511076 0.892262 0.511076 0.893242 0.509494 0.894221 0.509494 0.895201 0.506329 0.897160 0.506329 0.898139 0.504747 0.899119 0.504747 0.900098 0.503165 0.901077 0.501582 0.901077 0.501582 0.902057 0.500000 0.903036 0.498418 0.903036 0.496835 0.904016 0.495253 0.904016 0.493671 0.904995 0.492089 0.904995 0.484177 0.909892 0.482595 0.909892 0.477848 0.912831 0.473101 0.912831 0.473101 0.913810 0.471519 0.914789 0.471519 0.915769 0.469937 0.916748 0.466772 0.916748 0.466772 0.918707 0.474684 0.918707 0.476266 0.919687 0.477848 0.919687 0.479430 0.920666 0.479430 0.923604 0.477848 0.924584 0.477848 0.925563 0.476266 0.926543 0.476266 0.927522 0.474684 0.928501 0.473101 0.928501 0.473101 0.929481 0.469937 0.931440 0.469937 0.932419 0.466772 0.934378 0.465190 0.934378 0.465190 0.935357 0.458861 0.939275 0.458861 0.940255 0.457278 0.941234 0.455696 0.941234 0.455696 0.942214 0.449367 0.946131 0.447785 0.946131 0.438291 0.952008 0.438291 0.954946 0.441456 0.954946 0.443038 0.953967 0.443038 0.952987 0.444620 0.952008 0.446203 0.952008 0.450949 0.949070 0.460443 0.949070 0.462025 0.948090 0.462025 0.947111 0.463608 0.946131 0.466772 0.946131 0.466772 0.944172 0.469937 0.942214 0.469937 0.941234 0.471519 0.940255 0.471519 0.935357 0.473101 0.934378 0.479430 0.934378 0.484177 0.931440 0.484177 0.930460 0.487342 0.928501 0.487342 0.927522 0.488924 0.926543 0.488924 0.922625 0.490506 0.921645 0.493671 0.921645 0.495253 0.920666 0.495253 0.919687 0.500000 0.916748 0.501582 0.916748 0.501582 0.914789 0.503165 0.913810 0.504747 0.913810 0.507911 0.911851 0.512658 0.911851 0.512658 0.910872 0.514241 0.909892 0.522152 0.909892 0.522152 0.903036 0.520570 0.902057 0.520570 0.900098 0.522152 0.899119 0.523734 0.899119 0.526899 0.897160 0.530063 0.897160 0.531646 0.896180 0.533228 0.896180 0.534810 0.895201 0.539557 0.895201 0.541139 0.894221 0.542722 0.894221 0.544304 0.893242 0.550633 0.893242 0.552215 0.894221 0.552215 0.895201 0.553797 0.896180 0.553797 0.897160 0.555380 0.898139 0.555380 0.901077 0.556962 0.902057 0.556962 0.904995 0.560127 0.906954 0.560127 0.908913 0.561709 0.909892 0.561709 0.912831 0.563291 0.913810 0.563291 0.914789 0.564873 0.915769 0.564873 0.919687 0.566456 0.920666 0.566456 0.921645 0.568038 0.922625 0.568038 0.924584 0.571203 0.926543 0.571203 0.927522 0.572785 0.928501 0.572785 0.930460 0.575949 0.932419 0.575949 0.939275 0.572785 0.941234 0.572785 0.947111 0.574367 0.948090 0.574367 0.949070 0.580696 0.949070 0.582278 0.948090 0.587025 0.948090 0.590190 0.950049 0.590190 0.951028 0.591772 0.952008 0.591772 0.954946 0.590190 0.955926 0.590190 0.961802 0.588608 0.962782 0.588608 0.966699 0.587025 0.967679 0.587025 0.971596 0.585443 0.972576 0.585443 0.977473 0.583861 0.978452 0.583861 0.982370 0.582278 0.983350 0.582278 0.987267 0.580696 0.988247 0.580696 0.990206 0.579114 0.991185 0.579114 0.995103 0.577532 0.996082 0.577532 0.999021 0.587025 0.999021 0.587025 0.996082 0.588608 0.995103 0.588608 0.994123 0.590190 0.993144 0.590190 0.992165 0.591772 0.991185 0.591772 0.989226 0.594937 0.987267 0.594937 0.980411 0.596519 0.979432 0.599684 0.979432 0.599684 0.977473 0.601266 0.976494 0.601266 0.975514 0.602848 0.974535 0.602848 0.973555 0.604430 0.972576 0.604430 0.970617 0.606013 0.969638 0.609177 0.969638 0.610759 0.970617 0.610759 0.971596 0.613924 0.973555 0.613924 0.974535 0.618671 0.977473 0.618671 0.978452 0.620253 0.979432 0.620253 0.980411 0.621835 0.981391 0.621835 0.982370 0.625000 0.984329 0.625000 0.985309 0.626582 0.986288 0.626582 0.987267 0.628165 0.988247 0.628165 0.990206 0.629747 0.991185 0.629747 0.993144 0.632911 0.993144 0.632911 0.990206 0.631329 0.989226 0.631329 0.986288 0.629747 0.985309 0.629747 0.984329 0.628165 0.983350 0.628165 0.981391 0.626582 0.980411 0.626582 0.979432 0.623418 0.977473 0.623418 0.975514 0.621835 0.974535 0.621835 0.973555 0.618671 0.971596 0.618671 0.970617 0.615506 0.968658 0.615506 0.967679 0.613924 0.966699 0.613924 0.958864 0.615506 0.957884 0.615506 0.955926 0.617089 0.954946 0.618671 0.954946 0.618671 0.952987 0.621835 0.951028 0.623418 0.951028 0.623418 0.949070 0.625000 0.948090 0.625000 0.947111 0.626582 0.946131 0.626582 0.944172 0.628165 0.943193 0.628165 0.942214 0.629747 0.941234 0.632911 0.941234 0.636076 0.943193 0.640823 0.943193 0.640823 0.939275 0.639241 0.938296 0.639241 0.926543 0.640823 0.925563 0.645570 0.925563 0.648734 0.927522 0.648734 0.928501 0.650316 0.929481 0.653481 0.929481 0.653481 0.925563 0.651899 0.924584 0.651899 0.923604 0.650316 0.922625 0.650316 0.921645 0.648734 0.920666 0.648734 0.918707 0.647152 0.917728 0.647152 0.916748 0.645570 0.915769 0.645570 0.908913 0.648734 0.906954 0.650316 0.906954 0.651899 0.905975 0.655063 0.905975 0.656646 0.906954 0.656646 0.908913 0.662975 0.908913 0.666139 0.910872 0.666139 0.913810 0.667722 0.914789 0.667722 0.920666 0.669304 0.921645 0.669304 0.926543 0.670886 0.927522 0.670886 0.933399 0.672468 0.934378 0.672468 0.940255 0.674051 0.941234 0.674051 0.945152 0.677215 0.947111 0.677215 0.952987 0.678797 0.953967 0.678797 0.956905 0.680380 0.957884 0.680380 0.959843 0.681962 0.960823 0.681962 0.963761 0.683544 0.964740 0.683544 0.966699 0.685127 0.967679 0.685127 0.969638 0.686709 0.970617 0.686709 0.972576 0.688291 0.973555 0.688291 0.975514 0.689873 0.976494 0.689873 0.977473 0.691456 0.978452 0.691456 0.979432 0.693038 0.980411 0.693038 0.981391 0.694620 0.982370 0.694620 0.983350 0.697785 0.985309 0.697785 0.987267 0.699367 0.988247 0.699367 0.989226 0.702532 0.991185 0.702532 0.992165 0.705696 0.994123 0.705696 0.995103 0.708861 0.995103 0.708861 0.993144 0.707278 0.992165 0.707278 0.991185 0.705696 0.990206 0.705696 0.989226 0.702532 0.987267 0.702532 0.986288 0.700949 0.985309 0.700949 0.984329 0.699367 0.983350 0.699367 0.982370 0.697785 0.981391 0.697785 0.979432 0.694620 0.977473 0.694620 0.975514 0.693038 0.974535 0.693038 0.973555 0.691456 0.972576 0.691456 0.970617 0.689873 0.969638 0.689873 0.967679 0.688291 0.966699 0.688291 0.962782 0.686709 0.961802 0.686709 0.958864 0.685127 0.957884 0.685127 0.955926 0.683544 0.954946 0.683544 0.951028 0.681962 0.950049 0.681962 0.947111 0.680380 0.946131 0.680380 0.939275 0.678797 0.938296 0.678797 0.927522 0.677215 0.926543 0.677215 0.912831 0.678797 0.911851 0.681962 0.911851 0.683544 0.912831 0.685127 0.912831 0.686709 0.913810 0.686709 0.914789 0.689873 0.914789 0.691456 0.915769 0.693038 0.915769 0.694620 0.916748 0.694620 0.918707 0.700949 0.918707 0.704114 0.920666 0.704114 0.921645 0.708861 0.921645 0.710443 0.922625 0.712025 0.922625 0.713608 0.923604 0.713608 0.925563 0.718354 0.925563 0.724684 0.929481 0.724684 0.930460 0.726266 0.930460 0.731013 0.933399 0.731013 0.934378 0.734177 0.936337 0.734177 0.937316 0.735759 0.937316 0.738924 0.939275 0.738924 0.940255 0.742089 0.942214 0.742089 0.943193 0.745253 0.945152 0.745253 0.946131 0.750000 0.949070 0.750000 0.950049 0.754747 0.952987 0.754747 0.953967 0.757911 0.955926 0.757911 0.956905 0.761076 0.958864 0.761076 0.960823 0.762658 0.960823 0.764241 0.961802 0.764241 0.962782 0.765823 0.963761 0.765823 0.964740 0.767405 0.965720 0.767405 0.966699 0.770570 0.968658 0.770570 0.969638 0.772152 0.970617 0.772152 0.971596 0.775316 0.973555 0.775316 0.974535 0.778481 0.976494 0.778481 0.977473 0.780063 0.978452 0.780063 0.980411 0.781646 0.981391 0.781646 0.982370 0.784810 0.984329 0.784810 0.985309 0.786392 0.986288 0.786392 0.987267 0.787975 0.988247 0.787975 0.989226 0.789557 0.990206 0.789557 0.993144 0.792722 0.993144 0.794304 0.992165 0.794304 0.988247 0.792722 0.987267 0.792722 0.985309 0.791139 0.984329 0.791139 0.983350 0.787975 0.981391 0.787975 0.976494 0.786392 0.975514 0.786392 0.974535 0.784810 0.973555 0.784810 0.972576 0.783228 0.971596 0.783228 0.969638 0.781646 0.968658 0.781646 0.963761 0.783228 0.962782 0.786392 0.962782 0.787975 0.963761 0.787975 0.964740 0.791139 0.964740 0.791139 0.962782 0.792722 0.961802 0.795886 0.961802 0.797468 0.962782 0.800633 0.962782 0.802215 0.963761 0.805380 0.963761 0.806962 0.964740 0.811709 0.964740 0.813291 0.965720 0.814873 0.965720 0.816456 0.966699 0.821203 0.966699 0.821203 0.964740 0.819620 0.964740 0.818038 0.963761 0.814873 0.963761 0.813291 0.962782 0.811709 0.962782 0.810127 0.961802 0.808544 0.961802 0.806962 0.960823 0.805380 0.960823 0.803797 0.959843 0.802215 0.959843 0.799051 0.957884 0.795886 0.957884 0.794304 0.956905 0.792722 0.956905 0.789557 0.954946 0.787975 0.954946 0.786392 0.953967 0.784810 0.953967 0.783228 0.952987 0.783228 0.952008 0.781646 0.951028 0.781646 0.942214 0.783228 0.941234 0.786392 0.941234 0.787975 0.942214 0.795886 0.942214 0.797468 0.943193 0.797468 0.944172 0.805380 0.944172 0.808544 0.946131 0.811709 0.946131 0.816456 0.949070 0.816456 0.950049 0.818038 0.950049 0.822785 0.952987 0.825949 0.952987 0.825949 0.951028 0.819620 0.947111 0.819620 0.946131 0.818038 0.945152 0.818038 0.940255 0.816456 0.939275 0.814873 0.939275 0.813291 0.938296 0.810127 0.938296 0.808544 0.937316 0.808544 0.936337 0.806962 0.936337 0.799051 0.931440 0.799051 0.930460 0.797468 0.930460 0.789557 0.925563 0.789557 0.924584 0.784810 0.921645 0.784810 0.920666 0.781646 0.918707 0.781646 0.910872 0.780063 0.909892 0.780063 0.908913 0.776899 0.908913 0.775316 0.907933 0.775316 0.903036 0.776899 0.902057 0.781646 0.902057 0.784810 0.904016 0.784810 0.904995 0.786392 0.904995 0.787975 0.905975 0.787975 0.906954 0.789557 0.907933 0.789557 0.908913 0.791139 0.908913 0.794304 0.910872 0.794304 0.911851 0.797468 0.913810 0.797468 0.915769 0.800633 0.915769 0.802215 0.916748 0.802215 0.917728 0.806962 0.920666 0.806962 0.921645 0.808544 0.922625 0.810127 0.922625 0.811709 0.923604 0.811709 0.924584 0.814873 0.926543 0.814873 0.929481 0.821203 0.929481 0.825949 0.932419 0.825949 0.933399 0.829114 0.933399 0.830696 0.934378 0.830696 0.935357 0.833861 0.935357 0.835443 0.936337 0.838608 0.936337 0.843354 0.939275 0.849684 0.939275 0.849684 0.937316 0.844937 0.934378 0.841772 0.934378 0.835443 0.930460 0.835443 0.929481 0.833861 0.929481 0.825949 0.924584 0.825949 0.923604 0.824367 0.923604 0.821203 0.921645 0.821203 0.920666 0.819620 0.920666 0.818038 0.919687 0.818038 0.918707 0.816456 0.917728 0.816456 0.916748 0.814873 0.916748 0.813291 0.915769 0.813291 0.914789 0.808544 0.911851 0.808544 0.908913 0.805380 0.908913 0.803797 0.907933 0.803797 0.906954 0.802215 0.905975 0.800633 0.905975 0.799051 0.904995 0.799051 0.898139 0.795886 0.898139 0.794304 0.899119 0.791139 0.899119 0.789557 0.898139 0.789557 0.897160 0.787975 0.896180 0.786392 0.896180 0.784810 0.895201 0.784810 0.894221 0.783228 0.893242 0.783228 0.892262 0.781646 0.891283 0.781646 0.888345 0.776899 0.888345 0.775316 0.887365 0.775316 0.886386 0.773734 0.886386 0.772152 0.885406 0.772152 0.881489 0.767405 0.881489 0.765823 0.880509 0.765823 0.878550 0.762658 0.876592 0.762658 0.872674 0.757911 0.872674 0.756329 0.871694 0.751582 0.871694 0.748418 0.869736 0.748418 0.866797 0.750000 0.865818 0.750000 0.862880 0.751582 0.861900 0.756329 0.861900 0.756329 0.859941 0.757911 0.858962 0.762658 0.858962 0.764241 0.859941 0.767405 0.859941 0.768987 0.860921 0.776899 0.860921 0.778481 0.861900 0.778481 0.862880 0.781646 0.862880 0.781646 0.861900 0.783228 0.860921 0.791139 0.860921 0.792722 0.861900 0.792722 0.864838 0.794304 0.864838 0.795886 0.865818 0.795886 0.870715 0.799051 0.870715 0.799051 0.869736 0.800633 0.868756 0.805380 0.868756 0.806962 0.869736 0.806962 0.871694 0.808544 0.872674 0.808544 0.873653 0.811709 0.873653 0.813291 0.874633 0.814873 0.874633 0.816456 0.875612 0.816456 0.876592 0.818038 0.876592 0.824367 0.880509 0.824367 0.881489 0.843354 0.893242 0.843354 0.894221 0.844937 0.894221 0.846519 0.895201 0.846519 0.896180 0.848101 0.896180 0.857595 0.902057 0.857595 0.903036 0.860759 0.903036 0.860759 0.900098 0.846519 0.891283 0.846519 0.890304 0.843354 0.888345 0.841772 0.888345 0.838608 0.886386 0.838608 0.885406 0.825949 0.877571 0.825949 0.876592 0.824367 0.876592 0.822785 0.875612 0.822785 0.874633 0.821203 0.873653 0.821203 0.872674 0.816456 0.869736 0.816456 0.861900 0.818038 0.860921 0.818038 0.859941 0.819620 0.858962 0.827532 0.858962 0.829114 0.857982 0.844937 0.857982 0.846519 0.858962 0.856013 0.858962 0.857595 0.857982 0.857595 0.855044 0.854430 0.855044 0.852848 0.854065 0.846519 0.854065 0.844937 0.853085 0.837025 0.853085 0.835443 0.852106 0.829114 0.852106 0.827532 0.851126 0.822785 0.851126 0.821203 0.850147 0.818038 0.850147 0.816456 0.849167 0.813291 0.849167 0.811709 0.848188 0.810127 0.848188 0.808544 0.847209 0.808544 0.842311 0.805380 0.842311 0.803797 0.841332 0.803797 0.840353 0.800633 0.840353 0.799051 0.839373 0.799051 0.821743 0.800633 0.820764 0.805380 0.820764 0.806962 0.821743 0.806962 0.822723 0.810127 0.822723 0.811709 0.823702 0.813291 0.823702 0.814873 0.824682 0.814873 0.825661 0.818038 0.825661 0.821203 0.827620 0.822785 0.827620 0.824367 0.828599 0.824367 0.830558 0.829114 0.830558 0.832278 0.832517 0.832278 0.833497 0.837025 0.833497 0.838608 0.834476 0.844937 0.834476 0.846519 0.835455 0.846519 0.837414 0.848101 0.837414 0.851266 0.839373 0.859177 0.839373 0.860759 0.840353 0.865506 0.840353 0.867089 0.841332 0.868671 0.841332 0.870253 0.842311 0.870253 0.843291 0.878165 0.843291 0.879747 0.844270 0.879747 0.846229 0.882911 0.846229 0.884494 0.845250 0.887658 0.845250 0.889241 0.846229 0.889241 0.851126 0.892405 0.851126 0.892405 0.849167 0.893987 0.848188 0.897152 0.848188 0.898734 0.849167 0.901899 0.849167 0.901899 0.848188 0.903481 0.847209 0.911392 0.847209 0.912975 0.848188 0.912975 0.850147 0.917722 0.853085 0.917722 0.854065 0.927215 0.854065 0.930380 0.852106 0.943038 0.852106 0.943038 0.851126 0.944620 0.850147 0.966772 0.850147 0.966772 0.848188 0.963608 0.848188 0.962025 0.847209 0.962025 0.845250 0.963608 0.844270 0.966772 0.844270 0.966772 0.843291 0.968354 0.842311 0.971519 0.842311 0.973101 0.841332 0.976266 0.841332 0.976266 0.839373 0.977848 0.838394 0.977848 0.836435 0.979430 0.835455 0.979430 0.831538 0.977848 0.830558 0.974684 0.830558 0.973101 0.831538 0.971519 0.831538 0.969937 0.832517 0.965190 0.832517 0.963608 0.833497 0.962025 0.833497 0.960443 0.834476 0.958861 0.834476 0.957278 0.835455 0.954114 0.835455 0.952532 0.836435 0.949367 0.836435 0.947785 0.837414 0.944620 0.837414 0.943038 0.838394 0.936709 0.838394 0.935127 0.839373 0.916139 0.839373 0.912975 0.837414 0.911392 0.837414 0.909810 0.836435 0.909810 0.834476 0.911392 0.833497 0.914557 0.833497 0.914557 0.831538 0.916139 0.830558 0.920886 0.830558 0.920886 0.828599 0.919304 0.827620 0.919304 0.825661 0.916139 0.825661 0.909810 0.821743 0.909810 0.819785 0.906646 0.819785 0.901899 0.816846 0.901899 0.814887 0.903481 0.813908 0.905063 0.813908 0.906646 0.812929 0.914557 0.812929 0.916139 0.811949 0.920886 0.811949 0.922468 0.812929 0.927215 0.812929 0.928797 0.811949 0.928797 0.810970 0.930380 0.809990 0.931962 0.809990 0.931962 0.808031 0.933544 0.807052 0.955696 0.807052 0.957278 0.806072 0.960443 0.806072 0.962025 0.805093 0.963608 0.805093 0.966772 0.803134 0.968354 0.803134 0.971519 0.801175 0.973101 0.801175 0.977848 0.798237 0.979430 0.798237 0.981013 0.797258 0.982595 0.797258 0.985759 0.795299 0.987342 0.795299 0.988924 0.794319 0.990506 0.794319 0.993671 0.792360 0.995253 0.792360 0.996835 0.791381 0.998418 0.791381 0.998418 0.788443 0.996835 0.788443 0.995253 0.789422 0.993671 0.789422 0.992089 0.790402 0.990506 0.790402 0.987342 0.792360 0.985759 0.792360 0.984177 0.793340 0.982595 0.793340 0.981013 0.794319 0.979430 0.794319 0.976266 0.796278 0.974684 0.796278 0.971519 0.798237 0.969937 0.798237 0.965190 0.801175 0.963608 0.801175 0.960443 0.803134 0.955696 0.803134 0.954114 0.804114 0.939873 0.804114 0.938291 0.803134 0.928797 0.803134 0.927215 0.802155 0.920886 0.802155 0.919304 0.801175 0.911392 0.801175 0.909810 0.800196 0.905063 0.800196 0.903481 0.799216 0.901899 0.799216 0.900316 0.798237 0.897152 0.798237 0.895570 0.797258 0.886076 0.797258 0.884494 0.796278 0.882911 0.796278 0.881329 0.795299 0.878165 0.795299 0.876582 0.794319 0.875000 0.794319 0.871835 0.792360 0.871835 0.791381 0.868671 0.791381 0.867089 0.790402 0.867089 0.785504 0.868671 0.784525 0.871835 0.784525 0.871835 0.783546 0.873418 0.782566 0.876582 0.782566 0.878165 0.781587 0.881329 0.781587 0.881329 0.780607 0.882911 0.779628 0.886076 0.779628 0.887658 0.780607 0.887658 0.785504 0.892405 0.785504 0.892405 0.783546 0.893987 0.782566 0.906646 0.782566 0.908228 0.783546 0.908228 0.785504 0.914557 0.785504 0.916139 0.786484 0.916139 0.787463 0.919304 0.787463 0.920886 0.786484 0.930380 0.786484 0.931962 0.787463 0.935127 0.787463 0.936709 0.786484 0.941456 0.786484 0.941456 0.781587 0.936709 0.781587 0.933544 0.779628 0.933544 0.777669 0.925633 0.777669 0.924051 0.776690 0.920886 0.776690 0.919304 0.775710 0.912975 0.775710 0.911392 0.774731 0.906646 0.774731 0.905063 0.773751 0.900316 0.773751 0.898734 0.772772 0.892405 0.772772 0.890823 0.771792 0.887658 0.771792 0.886076 0.770813 0.882911 0.770813 0.881329 0.769833 0.876582 0.769833 0.875000 0.768854 0.873418 0.768854 0.871835 0.767875 0.871835 0.764936 0.875000 0.762977 0.875000 0.760039 0.876582 0.759060 0.876582 0.748286 0.878165 0.747307 0.886076 0.747307 0.887658 0.748286 0.887658 0.751224 0.890823 0.751224 0.890823 0.747307 0.892405 0.746327 0.914557 0.746327 0.916139 0.747307 0.930380 0.747307 0.931962 0.748286 0.935127 0.748286 0.936709 0.747307 0.939873 0.747307 0.941456 0.748286 0.943038 0.748286 0.944620 0.749265 0.952532 0.749265 0.954114 0.750245 0.960443 0.750245 0.962025 0.751224 0.966772 0.751224 0.973101 0.755142 0.974684 0.755142 0.981013 0.759060 0.981013 0.761019 0.984177 0.761019 0.984177 0.755142 0.985759 0.754163 0.998418 0.754163 0.998418 0.752204 0.988924 0.752204 0.988924 0.753183 0.987342 0.754163 0.984177 0.754163 0.982595 0.753183 0.982595 0.752204 0.977848 0.749265 0.977848 0.748286 0.976266 0.748286 0.971519 0.745348 0.969937 0.745348 0.968354 0.744368 0.966772 0.744368 0.965190 0.743389 0.962025 0.743389 0.960443 0.742409 0.958861 0.742409 0.957278 0.741430 0.955696 0.741430 0.954114 0.740451 0.949367 0.740451 0.947785 0.739471 0.943038 0.739471 0.941456 0.738492 0.935127 0.738492 0.933544 0.737512 0.930380 0.737512 0.928797 0.736533 0.924051 0.736533 0.922468 0.735553 0.914557 0.735553 0.912975 0.734574 0.906646 0.734574 0.905063 0.733595 0.892405 0.733595 0.890823 0.732615 0.878165 0.732615 0.876582 0.731636 0.876582 0.727718 0.873418 0.727718 0.871835 0.726738 0.871835 0.724780 0.873418 0.723800 0.876582 0.723800 0.876582 0.721841 0.878165 0.720862 0.881329 0.720862 0.882911 0.719882 0.886076 0.719882 0.887658 0.720862 0.887658 0.727718 0.892405 0.727718 0.892405 0.725759 0.890823 0.724780 0.890823 0.717924 0.892405 0.716944 0.900316 0.716944 0.901899 0.715965 0.911392 0.715965 0.912975 0.716944 0.912975 0.717924 0.920886 0.717924 0.922468 0.718903 0.930380 0.718903 0.931962 0.719882 0.933544 0.719882 0.935127 0.720862 0.936709 0.720862 0.938291 0.721841 0.941456 0.721841 0.941456 0.719882 0.936709 0.716944 0.933544 0.716944 0.931962 0.715965 0.930380 0.715965 0.928797 0.714985 0.927215 0.714985 0.925633 0.714006 0.922468 0.714006 0.920886 0.713026 0.919304 0.713026 0.917722 0.712047 0.914557 0.712047 0.912975 0.711068 0.911392 0.711068 0.908228 0.709109 0.905063 0.709109 0.901899 0.707150 0.901899 0.703232 0.906646 0.700294 0.909810 0.700294 0.909810 0.698335 0.912975 0.696376 0.912975 0.695397 0.914557 0.694417 0.914557 0.693438 0.916139 0.692458 0.917722 0.692458 0.917722 0.691479 0.919304 0.690500 0.924051 0.690500 0.925633 0.689520 0.925633 0.688541 0.927215 0.687561 0.930380 0.687561 0.930380 0.685602 0.931962 0.684623 0.933544 0.684623 0.933544 0.679726 0.935127 0.678746 0.947785 0.678746 0.947785 0.676787 0.954114 0.672870 0.954114 0.666993 0.952532 0.666014 0.947785 0.666014 0.946203 0.666993 0.943038 0.666993 0.941456 0.667973 0.938291 0.667973 0.938291 0.668952 0.936709 0.669931 0.930380 0.669931 0.928797 0.670911 0.927215 0.670911 0.925633 0.671890 0.919304 0.671890 0.917722 0.670911 0.917722 0.667973 0.919304 0.666993 0.919304 0.663075 0.916139 0.663075 0.914557 0.664055 0.912975 0.664055 0.912975 0.665034 0.911392 0.666014 0.903481 0.666014 0.903481 0.666993 0.901899 0.667973 0.895570 0.667973 0.893987 0.666993 0.893987 0.665034 0.897152 0.663075 0.898734 0.663075 0.906646 0.658178 0.908228 0.658178 0.908228 0.657199 0.917722 0.651322 0.917722 0.650343 0.920886 0.648384 0.920886 0.647405 0.922468 0.646425 0.922468 0.643487 0.919304 0.643487 0.919304 0.644466 0.916139 0.646425 0.916139 0.647405 0.914557 0.648384 0.914557 0.649363 0.909810 0.652302 0.908228 0.652302 0.903481 0.655240 0.903481 0.656219 0.901899 0.657199 0.898734 0.657199 0.895570 0.659158 0.892405 0.659158 0.890823 0.658178 0.890823 0.653281 0.887658 0.653281 0.887658 0.663075 0.882911 0.666014 0.879747 0.666014 0.879747 0.666993 0.873418 0.670911 0.870253 0.670911 0.867089 0.672870 0.867089 0.673849 0.865506 0.674829 0.865506 0.675808 0.863924 0.676787 0.860759 0.676787 0.860759 0.677767 0.859177 0.678746 0.856013 0.678746 0.854430 0.677767 0.851266 0.677767 0.851266 0.683643 0.849684 0.684623 0.848101 0.684623 0.848101 0.685602 0.846519 0.686582 0.843354 0.686582 0.841772 0.685602 0.841772 0.683643 0.838608 0.683643 0.837025 0.682664 0.837025 0.675808 0.838608 0.674829 0.841772 0.674829 0.841772 0.672870 0.843354 0.671890 0.848101 0.671890 0.848101 0.667973 0.849684 0.666993 0.854430 0.666993 0.856013 0.666014 0.856013 0.665034 0.857595 0.664055 0.857595 0.663075 0.859177 0.662096 0.862342 0.662096 0.862342 0.661117 0.867089 0.658178 0.867089 0.657199 0.868671 0.656219 0.870253 0.656219 0.870253 0.655240 0.875000 0.652302 0.875000 0.651322 0.876582 0.650343 0.876582 0.644466 0.875000 0.643487 0.871835 0.643487 0.863924 0.648384 0.862342 0.648384 0.860759 0.649363 0.860759 0.650343 0.859177 0.651322 0.857595 0.651322 0.854430 0.653281 0.852848 0.653281 0.849684 0.655240 0.846519 0.655240 0.844937 0.654261 0.844937 0.643487 0.840190 0.643487 0.840190 0.658178 0.835443 0.661117 0.832278 0.661117 0.832278 0.662096 0.830696 0.663075 0.822785 0.663075 0.822785 0.665034 0.821203 0.666014 0.819620 0.666014 0.818038 0.666993 0.813291 0.666993 0.813291 0.668952 0.811709 0.669931 0.810127 0.669931 0.808544 0.670911 0.803797 0.670911 0.802215 0.671890 0.799051 0.671890 0.797468 0.670911 0.797468 0.646425 0.799051 0.645446 0.802215 0.645446 0.802215 0.644466 0.803797 0.643487 0.805380 0.643487 0.805380 0.642507 0.808544 0.640548 0.814873 0.640548 0.814873 0.631734 0.816456 0.630754 0.819620 0.630754 0.821203 0.629775 0.824367 0.629775 0.825949 0.628795 0.829114 0.628795 0.830696 0.627816 0.833861 0.627816 0.833861 0.615083 0.835443 0.614104 0.837025 0.614104 0.837025 0.611166 0.838608 0.610186 0.840190 0.610186 0.840190 0.605289 0.841772 0.604310 0.848101 0.604310 0.848101 0.600392 0.849684 0.599412 0.857595 0.599412 0.859177 0.600392 0.862342 0.600392 0.862342 0.598433 0.863924 0.597453 0.863924 0.595495 0.862342 0.594515 0.862342 0.585700 0.859177 0.585700 0.857595 0.584721 0.857595 0.580803 0.851266 0.580803 0.851266 0.581783 0.848101 0.583741 0.841772 0.583741 0.840190 0.582762 0.840190 0.572968 0.835443 0.572968 0.833861 0.571988 0.833861 0.567091 0.830696 0.567091 0.829114 0.568071 0.829114 0.570029 0.827532 0.571009 0.827532 0.571988 0.825949 0.572968 0.822785 0.572968 0.822785 0.574927 0.819620 0.576885 0.819620 0.579824 0.818038 0.580803 0.818038 0.581783 0.816456 0.582762 0.814873 0.582762 0.814873 0.583741 0.813291 0.584721 0.813291 0.585700 0.811709 0.586680 0.811709 0.587659 0.810127 0.588639 0.810127 0.589618 0.806962 0.591577 0.805380 0.591577 0.803797 0.592556 0.803797 0.593536 0.802215 0.594515 0.799051 0.594515 0.797468 0.593536 0.797468 0.578844 0.794304 0.578844 0.794304 0.599412 0.792722 0.600392 0.791139 0.600392 0.789557 0.601371 0.786392 0.601371 0.786392 0.603330 0.784810 0.604310 0.781646 0.604310 0.781646 0.606268 0.780063 0.607248 0.776899 0.607248 0.775316 0.608227 0.768987 0.608227 0.767405 0.609207 0.767405 0.610186 0.765823 0.611166 0.764241 0.611166 0.761076 0.613124 0.759494 0.613124 0.757911 0.614104 0.756329 0.614104 0.756329 0.615083 0.754747 0.616063 0.754747 0.618022 0.753165 0.619001 0.750000 0.619001 0.748418 0.618022 0.748418 0.614104 0.745253 0.614104 0.745253 0.618022 0.743671 0.619001 0.734177 0.619001 0.732595 0.618022 0.729430 0.618022 0.729430 0.619980 0.727848 0.620960 0.726266 0.620960 0.724684 0.621939 0.716772 0.621939 0.715190 0.622919 0.707278 0.622919 0.705696 0.621939 0.705696 0.604310 0.707278 0.603330 0.708861 0.603330 0.710443 0.602351 0.713608 0.602351 0.713608 0.601371 0.715190 0.600392 0.718354 0.600392 0.718354 0.599412 0.719937 0.598433 0.724684 0.598433 0.726266 0.599412 0.727848 0.599412 0.729430 0.600392 0.735759 0.600392 0.737342 0.601371 0.740506 0.601371 0.740506 0.600392 0.742089 0.599412 0.742089 0.594515 0.743671 0.593536 0.745253 0.593536 0.746835 0.592556 0.748418 0.592556 0.748418 0.582762 0.746835 0.582762 0.745253 0.581783 0.745253 0.580803 0.743671 0.580803 0.742089 0.579824 0.742089 0.577865 0.743671 0.576885 0.745253 0.576885 0.748418 0.574927 0.751582 0.574927 0.753165 0.573947 0.761076 0.573947 0.761076 0.571009 0.748418 0.571009 0.748418 0.571988 0.746835 0.572968 0.745253 0.572968 0.743671 0.573947 0.738924 0.573947 0.737342 0.574927 0.731013 0.574927 0.731013 0.576885 0.729430 0.577865 0.727848 0.577865 0.726266 0.578844 0.726266 0.579824 0.724684 0.580803 0.721519 0.580803 0.719937 0.581783 0.718354 0.581783 0.715190 0.583741 0.712025 0.583741 0.712025 0.584721 0.710443 0.585700 0.707278 0.585700 0.705696 0.584721 0.705696 0.579824 0.707278 0.578844 0.708861 0.578844 0.708861 0.576885 0.710443 0.575906 0.718354 0.575906 0.718354 0.571988 0.719937 0.571009 0.723101 0.571009 0.723101 0.570029 0.724684 0.569050 0.727848 0.569050 0.729430 0.570029 0.729430 0.571009 0.732595 0.571009 0.732595 0.565132 0.734177 0.564153 0.735759 0.564153 0.735759 0.562194 0.737342 0.561214 0.742089 0.561214 0.742089 0.550441 0.743671 0.549461 0.745253 0.549461 0.745253 0.544564 0.746835 0.543585 0.748418 0.543585 0.748418 0.541626 0.750000 0.540646 0.753165 0.540646 0.754747 0.541626 0.759494 0.541626 0.759494 0.538688 0.762658 0.536729 0.762658 0.534770 0.759494 0.534770 0.757911 0.533790 0.757911 0.529873 0.751582 0.529873 0.750000 0.530852 0.748418 0.530852 0.746835 0.531832 0.745253 0.531832 0.743671 0.532811 0.740506 0.532811 0.735759 0.535749 0.732595 0.535749 0.726266 0.539667 0.724684 0.539667 0.723101 0.540646 0.721519 0.540646 0.721519 0.541626 0.716772 0.544564 0.716772 0.545544 0.715190 0.546523 0.713608 0.546523 0.708861 0.549461 0.708861 0.550441 0.707278 0.551420 0.707278 0.552400 0.705696 0.553379 0.704114 0.553379 0.702532 0.554358 0.702532 0.556317 0.699367 0.558276 0.699367 0.559256 0.696203 0.561214 0.694620 0.561214 0.694620 0.563173 0.693038 0.564153 0.693038 0.565132 0.689873 0.567091 0.689873 0.568071 0.688291 0.569050 0.688291 0.570029 0.686709 0.571009 0.685127 0.571009 0.685127 0.571988 0.683544 0.572968 0.683544 0.573947 0.681962 0.574927 0.680380 0.574927 0.680380 0.576885 0.677215 0.578844 0.674051 0.578844 0.674051 0.584721 0.666139 0.589618 0.666139 0.590597 0.662975 0.592556 0.662975 0.593536 0.659810 0.595495 0.655063 0.595495 0.655063 0.598433 0.650316 0.601371 0.645570 0.601371 0.645570 0.602351 0.634494 0.609207 0.626582 0.609207 0.626582 0.610186 0.625000 0.611166 0.618671 0.611166 0.617089 0.612145 0.613924 0.612145 0.612342 0.611166 0.612342 0.610186 0.609177 0.610186 0.609177 0.612145 0.606013 0.614104 0.599684 0.614104 0.598101 0.613124 0.598101 0.597453 0.596519 0.596474 0.596519 0.593536 0.599684 0.591577 0.599684 0.589618 0.601266 0.588639 0.602848 0.588639 0.602848 0.585700 0.606013 0.583741 0.612342 0.583741 0.612342 0.581783 0.613924 0.580803 0.623418 0.580803 0.625000 0.581783 0.625000 0.582762 0.626582 0.583741 0.631329 0.583741 0.634494 0.581783 0.634494 0.577865 0.632911 0.576885 0.632911 0.573947 0.631329 0.573947 0.629747 0.572968 0.629747 0.567091 0.631329 0.566112 0.634494 0.566112 0.636076 0.567091 0.636076 0.571988 0.639241 0.571988 0.639241 0.563173 0.640823 0.562194 0.643987 0.562194 0.645570 0.563173 0.645570 0.566112 0.647152 0.566112 0.648734 0.567091 0.651899 0.567091 0.651899 0.549461 0.650316 0.548482 0.650316 0.546523 0.648734 0.545544 0.648734 0.536729 0.650316 0.535749 0.650316 0.534770 0.653481 0.532811 0.655063 0.532811 0.655063 0.528893 0.653481 0.527914 0.648734 0.527914 0.648734 0.528893 0.647152 0.529873 0.647152 0.530852 0.645570 0.531832 0.636076 0.531832 0.636076 0.534770 0.643987 0.534770 0.645570 0.535749 0.645570 0.538688 0.643987 0.539667 0.631329 0.539667 0.629747 0.538688 0.629747 0.530852 0.626582 0.530852 0.625000 0.531832 0.609177 0.531832 0.609177 0.535749 0.607595 0.536729 0.606013 0.536729 0.604430 0.537708 0.604430 0.538688 0.602848 0.539667 0.599684 0.539667 0.599684 0.543585 0.598101 0.544564 0.594937 0.544564 0.593354 0.543585 0.593354 0.542605 0.590190 0.542605 0.590190 0.551420 0.588608 0.552400 0.588608 0.555338 0.587025 0.556317 0.583861 0.556317 0.582278 0.555338 0.582278 0.550441 0.580696 0.550441 0.579114 0.549461 0.579114 0.548482 0.577532 0.547502 0.577532 0.545544 0.575949 0.545544 0.574367 0.544564 0.574367 0.536729 0.571203 0.536729 0.569620 0.535749 0.563291 0.535749 0.561709 0.534770 0.561709 0.524976 0.560127 0.524976 0.556962 0.523017 0.556962 0.522037 0.549051 0.522037 0.547468 0.521058 0.547468 0.520078 0.545886 0.519099 0.545886 0.518119 0.544304 0.517140 0.544304 0.516161 0.541139 0.514202 0.541139 0.513222 0.537975 0.513222 0.537975 0.515181 0.539557 0.516161 0.539557 0.517140 0.541139 0.518119 0.541139 0.519099 0.542722 0.520078 0.542722 0.521058 0.544304 0.522037 0.544304 0.523017 0.545886 0.523996 0.545886 0.524976 0.547468 0.525955 0.547468 0.526934 0.549051 0.527914 0.549051 0.528893 0.550633 0.529873 0.550633 0.534770 0.552215 0.535749 0.552215 0.536729 0.553797 0.537708 0.553797 0.540646 0.552215 0.541626 0.541139 0.541626 0.541139 0.546523 0.539557 0.547502 0.534810 0.547502 0.533228 0.548482 0.533228 0.550441 0.531646 0.551420 0.531646 0.554358 0.530063 0.555338 0.530063 0.558276 0.528481 0.559256 0.522152 0.559256 0.518987 0.557297 0.518987 0.551420 0.515823 0.551420 0.515823 0.555338 0.514241 0.556317 0.504747 0.556317 0.503165 0.555338 0.501582 0.555338 0.500000 0.554358 0.485759 0.554358 0.482595 0.552400 0.482595 0.545544 0.481013 0.544564 0.481013 0.534770 0.479430 0.534770 0.477848 0.533790 0.471519 0.533790 0.469937 0.532811 0.465190 0.532811 0.463608 0.531832 0.449367 0.531832 0.447785 0.530852 0.447785 0.528893 0.446203 0.528893 0.444620 0.527914 0.444620 0.522037 0.441456 0.522037 0.439873 0.521058 0.439873 0.514202 0.438291 0.513222 0.438291 0.508325 0.436709 0.508325 0.435127 0.507346 0.435127 0.496572 0.436709 0.495593 0.439873 0.495593 0.441456 0.496572 0.441456 0.506366 0.444620 0.506366 0.444620 0.496572 0.446203 0.495593 0.449367 0.495593 0.450949 0.496572 0.454114 0.496572 0.455696 0.495593 0.463608 0.495593 0.465190 0.494613 0.469937 0.494613 0.469937 0.493634 0.471519 0.492654 0.474684 0.492654 0.476266 0.493634 0.481013 0.493634 0.482595 0.492654 0.485759 0.492654 0.487342 0.493634 0.514241 0.493634 0.515823 0.494613 0.518987 0.494613 0.518987 0.493634 0.520570 0.492654 0.523734 0.492654 0.525316 0.493634 0.536392 0.493634 0.537975 0.492654 0.550633 0.492654 0.552215 0.493634 0.558544 0.493634 0.560127 0.492654 0.561709 0.492654 0.561709 0.489716 0.560127 0.489716 0.558544 0.488737 0.515823 0.488737 0.514241 0.489716 0.511076 0.489716 0.509494 0.488737 0.506329 0.488737 0.504747 0.489716 0.501582 0.489716 0.500000 0.488737 0.496835 0.488737 0.495253 0.489716 0.492089 0.489716 0.490506 0.488737 0.487342 0.488737 0.485759 0.489716 0.477848 0.489716 0.476266 0.490695 0.471519 0.490695 0.469937 0.489716 0.466772 0.489716 0.465190 0.488737 0.457278 0.488737 0.454114 0.486778 0.454114 0.478942 0.457278 0.476983 0.458861 0.476983 0.458861 0.475024 0.462025 0.473066 0.462025 0.469148 0.463608 0.468168 0.463608 0.465230 0.465190 0.464251 0.465190 0.462292 0.463608 0.461312 0.463608 0.457395 0.462025 0.456415 0.462025 0.449559 0.466772 0.446621 0.468354 0.446621 0.468354 0.445642 0.469937 0.444662 0.476266 0.444662 0.477848 0.445642 0.477848 0.451518 0.481013 0.451518 0.481013 0.448580 0.482595 0.447600 0.490506 0.447600 0.490506 0.440744 0.492089 0.439765 0.495253 0.439765 0.496835 0.440744 0.496835 0.441724 0.500000 0.441724 0.500000 0.436827 0.501582 0.435847 0.504747 0.435847 0.506329 0.436827 0.506329 0.443683 0.509494 0.443683 0.509494 0.440744 0.511076 0.439765 0.511076 0.436827 0.512658 0.435847 0.512658 0.428012 0.514241 0.427032 0.515823 0.427032 0.517405 0.426053 0.518987 0.426053 0.518987 0.419197 0.517405 0.418217 0.517405 0.415279 0.518987 0.414300 0.523734 0.414300 0.525316 0.415279 0.525316 0.425073 0.528481 0.425073 0.528481 0.423115 0.530063 0.422135 0.536392 0.422135 0.536392 0.420176 0.537975 0.419197 0.537975 0.417238 0.539557 0.416259 0.539557 0.415279 0.541139 0.414300 0.541139 0.410382 0.542722 0.409403 0.545886 0.409403 0.545886 0.399608 0.547468 0.398629 0.550633 0.398629 0.552215 0.399608 0.552215 0.401567 0.555380 0.401567 0.555380 0.391773 0.558544 0.389814 0.558544 0.385896 0.560127 0.384917 0.561709 0.384917 0.561709 0.380020 0.563291 0.379040 0.566456 0.379040 0.568038 0.380020 0.571203 0.380020 0.572785 0.379040 0.574367 0.379040 0.574367 0.378061 0.575949 0.377081 0.579114 0.377081 0.580696 0.378061 0.580696 0.380020 0.583861 0.380020 0.585443 0.379040 0.585443 0.377081 0.587025 0.376102 0.587025 0.371205 0.588608 0.370225 0.596519 0.370225 0.598101 0.371205 0.598101 0.375122 0.606013 0.375122 0.607595 0.376102 0.607595 0.377081 0.610759 0.377081 0.610759 0.368266 0.612342 0.367287 0.620253 0.367287 0.623418 0.369246 0.623418 0.370225 0.625000 0.370225 0.626582 0.371205 0.626582 0.372184 0.629747 0.372184 0.632911 0.374143 0.632911 0.384917 0.634494 0.385896 0.634494 0.386876 0.636076 0.387855 0.636076 0.392752 0.637658 0.393732 0.637658 0.397649 0.639241 0.398629 0.639241 0.400588 0.640823 0.401567 0.640823 0.416259 0.645570 0.416259 0.647152 0.417238 0.647152 0.418217 0.648734 0.419197 0.648734 0.421156 0.650316 0.422135 0.650316 0.427032 0.655063 0.427032 0.655063 0.424094 0.653481 0.423115 0.653481 0.412341 0.655063 0.411361 0.659810 0.411361 0.659810 0.409403 0.656646 0.409403 0.655063 0.408423 0.655063 0.406464 0.653481 0.405485 0.653481 0.394711 0.651899 0.393732 0.651899 0.391773 0.653481 0.390793 0.658228 0.390793 0.658228 0.378061 0.651899 0.378061 0.650316 0.377081 0.650316 0.370225 0.651899 0.369246 0.656646 0.369246 0.658228 0.370225 0.659810 0.370225 0.661392 0.371205 0.661392 0.373164 0.666139 0.373164 0.666139 0.361410 0.667722 0.360431 0.670886 0.360431 0.670886 0.357493 0.672468 0.356513 0.675633 0.356513 0.678797 0.354554 0.680380 0.354554 0.681962 0.353575 0.685127 0.353575 0.688291 0.351616 0.689873 0.351616 0.693038 0.349657 0.694620 0.349657 0.697785 0.347698 0.697785 0.345739 0.694620 0.345739 0.689873 0.348678 0.688291 0.348678 0.685127 0.350637 0.681962 0.350637 0.680380 0.351616 0.678797 0.351616 0.677215 0.352595 0.669304 0.352595 0.669304 0.354554 0.667722 0.355534 0.662975 0.355534 0.661392 0.354554 0.655063 0.354554 0.655063 0.358472 0.650316 0.361410 0.639241 0.361410 0.637658 0.360431 0.637658 0.359452 0.634494 0.359452 0.632911 0.358472 0.632911 0.353575 0.634494 0.352595 0.639241 0.352595 0.639241 0.348678 0.637658 0.348678 0.636076 0.347698 0.636076 0.346719 0.634494 0.346719 0.632911 0.345739 0.632911 0.342801 0.631329 0.341822 0.631329 0.339863 0.632911 0.338883 0.632911 0.336925 0.629747 0.336925 0.628165 0.335945 0.628165 0.334966 0.626582 0.333986 0.625000 0.333986 0.623418 0.333007 0.623418 0.331048 0.621835 0.330069 0.621835 0.329089 0.620253 0.328110 0.620253 0.327130 0.617089 0.327130 0.617089 0.328110 0.615506 0.329089 0.612342 0.329089 0.610759 0.328110 0.610759 0.326151 0.606013 0.326151 0.602848 0.324192 0.602848 0.323213 0.601266 0.322233 0.601266 0.300686 0.598101 0.300686 0.598101 0.304603 0.596519 0.305583 0.593354 0.305583 0.591772 0.304603 0.591772 0.293830 0.594937 0.291871 0.601266 0.291871 0.602848 0.292850 0.606013 0.292850 0.606013 0.291871 0.607595 0.290891 0.610759 0.290891 0.610759 0.286974 0.609177 0.286974 0.607595 0.285994 0.607595 0.285015 0.604430 0.285015 0.601266 0.283056 0.601266 0.282076 0.588608 0.282076 0.587025 0.283056 0.580696 0.283056 0.579114 0.284035 0.575949 0.284035 0.572785 0.282076 0.572785 0.281097 0.571203 0.280118 0.571203 0.277179 0.572785 0.276200 0.572785 0.275220 0.574367 0.274241 0.580696 0.274241 0.582278 0.273262 0.583861 0.273262 0.583861 0.272282 0.587025 0.270323 0.591772 0.270323 0.593354 0.269344 0.601266 0.269344 0.601266 0.266405 0.599684 0.265426 0.599684 0.257591 0.596519 0.257591 0.593354 0.259549 0.587025 0.259549 0.585443 0.260529 0.580696 0.260529 0.579114 0.261508 0.574367 0.261508 0.572785 0.262488 0.569620 0.262488 0.568038 0.261508 0.561709 0.261508 0.560127 0.260529 0.560127 0.256611 0.561709 0.255632 0.561709 0.253673 0.560127 0.252693 0.560127 0.250735 0.556962 0.250735 0.555380 0.249755 0.555380 0.248776 0.553797 0.247796 0.553797 0.244858 0.547468 0.244858 0.545886 0.243879 0.545886 0.242899 0.542722 0.242899 0.541139 0.241920 0.541139 0.238981 0.537975 0.238981 0.536392 0.238002 0.536392 0.237023 0.530063 0.237023 0.526899 0.235064 0.526899 0.234084 0.518987 0.234084 0.517405 0.233105 0.517405 0.218413 0.514241 0.218413 0.514241 0.227228 0.512658 0.228208 0.507911 0.228208 0.506329 0.227228 0.504747 0.227228 0.503165 0.226249 0.503165 0.225269 0.501582 0.225269 0.500000 0.224290 0.500000 0.204701 0.498418 0.204701 0.496835 0.203722 0.496835 0.199804 0.498418 0.198825 0.500000 0.198825 0.500000 0.184133 0.501582 0.183154 0.501582 0.182174 0.503165 0.181195 0.503165 0.178257 0.501582 0.177277 0.501582 0.174339 0.496835 0.174339 0.495253 0.175318 0.492089 0.175318 0.492089 0.185113 0.493671 0.185113 0.495253 0.186092 0.495253 0.191969 0.493671 0.192948 0.492089 0.192948 0.490506 0.193928 0.482595 0.193928 0.482595 0.198825 0.492089 0.198825 0.493671 0.199804 0.493671 0.203722 0.492089 0.204701 0.487342 0.204701 0.487342 0.210578 0.485759 0.211557 0.482595 0.211557 0.481013 0.210578 0.477848 0.210578 0.477848 0.223310 0.476266 0.224290 0.469937 0.224290 0.468354 0.223310 0.468354 0.218413 0.463608 0.218413 0.462025 0.217434 0.462025 0.211557 0.457278 0.211557 0.455696 0.210578 0.455696 0.200784 0.457278 0.199804 0.462025 0.199804 0.463608 0.198825 0.463608 0.194907 0.465190 0.193928 0.465190 0.191969 0.463608 0.191969 0.462025 0.190989 0.462025 0.183154 0.463608 0.182174 0.465190 0.182174 0.465190 0.180215 0.463608 0.179236 0.463608 0.177277 0.465190 0.176298 0.465190 0.168462 0.466772 0.167483 0.468354 0.167483 0.468354 0.164545 0.469937 0.163565 0.474684 0.163565 0.474684 0.159647 0.476266 0.158668 0.481013 0.158668 0.481013 0.155730 0.482595 0.154750 0.485759 0.154750 0.487342 0.155730 0.487342 0.169442 0.490506 0.169442 0.490506 0.120470 0.488924 0.120470 0.487342 0.119491 0.487342 0.117532 0.482595 0.117532 0.481013 0.118511 0.477848 0.118511 0.476266 0.117532 0.476266 0.116552 0.473101 0.116552 0.473101 0.118511 0.471519 0.119491 0.471519 0.125367 0.469937 0.126347 0.468354 0.126347 0.468354 0.128306 0.466772 0.129285 0.466772 0.132223 0.465190 0.133203 0.465190 0.137120 0.463608 0.138100 0.458861 0.138100 0.458861 0.150833 0.457278 0.151812 0.450949 0.151812 0.450949 0.165524 0.449367 0.166503 0.449367 0.167483 0.446203 0.169442 0.441456 0.169442 0.439873 0.170421 0.438291 0.170421 0.438291 0.172380 0.436709 0.173359 0.428797 0.173359 0.428797 0.175318 0.427215 0.176298 0.422468 0.176298 0.422468 0.180215 0.420886 0.181195 0.417722 0.181195 0.414557 0.179236 0.414557 0.178257 0.412975 0.178257 0.411392 0.177277 0.411392 0.176298 0.408228 0.176298 0.406646 0.175318 0.406646 0.168462 0.400316 0.168462 0.398734 0.169442 0.389241 0.169442 0.387658 0.168462 0.387658 0.162586 0.384494 0.162586 0.382911 0.161606 0.376582 0.161606 0.375000 0.160627 0.375000 0.150833 0.371835 0.150833 0.370253 0.151812 0.360759 0.151812 0.359177 0.150833 0.359177 0.148874 0.360759 0.147894 0.368671 0.147894 0.368671 0.145935 0.360759 0.145935 0.359177 0.144956 0.359177 0.143976 0.351266 0.143976 0.349684 0.142997 0.349684 0.134182 0.346519 0.134182 0.344937 0.133203 0.344937 0.126347 0.343354 0.125367 0.343354 0.122429 0.341772 0.121450 0.341772 0.120470 0.338608 0.120470 0.338608 0.121450 0.337025 0.122429 0.333861 0.122429 0.332278 0.121450 0.332278 0.071499 0.329114 0.071499 0.329114 0.132223 0.327532 0.133203 0.324367 0.133203 0.322785 0.132223 0.322785 0.122429 0.319620 0.122429 0.319620 0.133203 0.318038 0.134182 0.308544 0.134182 0.306962 0.133203 0.306962 0.131244 0.308544 0.130264 0.311709 0.130264 0.311709 0.128306 0.306962 0.128306 0.305380 0.127326 0.305380 0.119491 0.300633 0.119491 0.299051 0.118511 0.299051 0.116552 0.295886 0.116552 0.295886 0.117532 0.294304 0.118511 0.291139 0.118511 0.291139 0.123408 0.289557 0.124388 0.289557 0.134182 0.287975 0.135162 0.284810 0.135162 0.283228 0.134182 0.283228 0.121450 0.278481 0.121450 0.276899 0.120470 0.276899 0.117532 0.273734 0.117532 0.272152 0.116552 0.272152 0.113614 0.273734 0.112635 0.276899 0.112635 0.276899 0.110676 0.278481 0.109696 0.280063 0.109696 0.281646 0.108717 0.283228 0.108717 0.283228 0.096964 0.284810 0.095984 0.287975 0.095984 0.289557 0.096964 0.289557 0.110676 0.291139 0.111655 0.295886 0.111655 0.295886 0.110676 0.297468 0.109696 0.297468 0.106758 0.299051 0.105779 0.299051 0.093046 0.300633 0.092067 0.302215 0.092067 0.303797 0.091087 0.303797 0.088149 0.302215 0.088149 0.300633 0.087169 0.300633 0.081293 0.302215 0.080313 0.303797 0.080313 0.303797 0.063663 0.302215 0.063663 0.300633 0.062684 0.300633 0.057786 0.299051 0.056807 0.299051 0.045054 0.300633 0.044074 0.300633 0.041136 0.299051 0.040157 0.299051 0.038198 0.302215 0.036239 0.303797 0.036239 0.303797 0.035260 0.305380 0.034280 0.305380 0.031342 0.303797 0.031342 0.302215 0.030362 0.300633 0.030362 0.299051 0.029383 0.299051 0.025465 0.297468 0.025465 0.295886 0.024486 0.295886 0.022527 0.294304 0.021548 0.294304 0.020568 0.284810 0.020568 0.283228 0.019589 0.281646 0.019589 0.278481 0.017630 0.273734 0.017630 0.272152 0.016650 0.272152 0.014691 0.259494 0.014691 0.257911 0.013712 0.250000 0.013712 0.248418 0.012733 0.248418 0.005877 0.245253 0.005877 0.245253 0.010774 0.243671 0.011753 0.240506 0.011753 0.238924 0.010774 0.238924 0.001959
0 0.607595 0.000000 0.607595 0.202742 0.610759 0.202742 0.610759 0.072478 0.612342 0.071499 0.618671 0.071499 0.618671 0.067581 0.620253 0.066601 0.621835 0.066601 0.621835 0.064643 0.612342 0.064643 0.610759 0.063663 0.610759 0.000000
0 0.514241 0.000000 0.514241 0.011753 0.512658 0.012733 0.506329 0.012733 0.506329 0.015671 0.512658 0.015671 0.514241 0.016650 0.514241 0.022527 0.512658 0.023506 0.506329 0.023506 0.506329 0.025465 0.509494 0.025465 0.511076 0.026445 0.511076 0.028404 0.512658 0.028404 0.514241 0.029383 0.514241 0.047013 0.512658 0.047992 0.509494 0.047992 0.507911 0.047013 0.507911 0.045054 0.506329 0.045054 0.504747 0.044074 0.504747 0.042116 0.506329 0.041136 0.507911 0.041136 0.507911 0.036239 0.504747 0.036239 0.503165 0.035260 0.503165 0.034280 0.500000 0.034280 0.498418 0.033301 0.498418 0.015671 0.495253 0.015671 0.495253 0.019589 0.493671 0.020568 0.492089 0.020568 0.492089 0.023506 0.493671 0.023506 0.495253 0.024486 0.495253 0.026445 0.492089 0.028404 0.492089 0.029383 0.490506 0.030362 0.485759 0.030362 0.484177 0.029383 0.484177 0.028404 0.482595 0.028404 0.481013 0.027424 0.481013 0.014691 0.477848 0.014691 0.477848 0.044074 0.481013 0.044074 0.481013 0.043095 0.482595 0.042116 0.488924 0.042116 0.490506 0.041136 0.493671 0.041136 0.495253 0.042116 0.495253 0.043095 0.496835 0.044074 0.496835 0.050930 0.501582 0.050930 0.503165 0.051910 0.503165 0.052889 0.504747 0.053869 0.504747 0.054848 0.506329 0.055828 0.506329 0.057786 0.507911 0.058766 0.507911 0.059745 0.509494 0.059745 0.511076 0.060725 0.511076 0.061704 0.512658 0.061704 0.514241 0.062684 0.514241 0.116552 0.517405 0.116552 0.517405 0.112635 0.518987 0.111655 0.518987 0.110676 0.520570 0.109696 0.526899 0.109696 0.526899 0.087169 0.523734 0.087169 0.523734 0.089128 0.522152 0.090108 0.518987 0.090108 0.517405 0.089128 0.517405 0.083252 0.518987 0.082272 0.518987 0.081293 0.520570 0.080313 0.526899 0.080313 0.526899 0.073457 0.523734 0.073457 0.523734 0.075416 0.522152 0.076396 0.518987 0.076396 0.517405 0.075416 0.517405 0.068560 0.518987 0.067581 0.522152 0.067581 0.523734 0.068560 0.525316 0.068560 0.526899 0.069540 0.531646 0.069540 0.533228 0.070519 0.537975 0.070519 0.542722 0.073457 0.542722 0.077375 0.545886 0.077375 0.547468 0.076396 0.550633 0.076396 0.552215 0.077375 0.552215 0.078355 0.555380 0.078355 0.555380 0.076396 0.556962 0.075416 0.556962 0.070519 0.555380 0.069540 0.555380 0.062684 0.556962 0.061704 0.563291 0.061704 0.564873 0.062684 0.564873 0.066601 0.566456 0.066601 0.569620 0.068560 0.569620 0.080313 0.572785 0.080313 0.572785 0.061704 0.571203 0.061704 0.568038 0.059745 0.561709 0.059745 0.560127 0.058766 0.560127 0.053869 0.556962 0.053869 0.555380 0.052889 0.555380 0.024486 0.550633 0.024486 0.550633 0.027424 0.549051 0.028404 0.549051 0.032321 0.550633 0.032321 0.552215 0.033301 0.552215 0.037218 0.550633 0.038198 0.550633 0.047013 0.552215 0.047992 0.552215 0.051910 0.550633 0.052889 0.547468 0.052889 0.545886 0.051910 0.545886 0.047992 0.544304 0.047013 0.544304 0.046033 0.541139 0.046033 0.539557 0.045054 0.539557 0.042116 0.537975 0.042116 0.536392 0.041136 0.536392 0.034280 0.533228 0.034280 0.531646 0.035260 0.528481 0.035260 0.526899 0.034280 0.526899 0.030362 0.518987 0.030362 0.517405 0.029383 0.517405 0.000000