0 0.580470 0.939956 0.580470 0.941048 0.578662 0.942140 0.578662 0.953057 0.576854 0.954148 0.576854 0.955240 0.575045 0.956332 0.575045 0.972707 0.573237 0.973799 0.573237 0.979258 0.575045 0.980349 0.575045 0.981441 0.580470 0.981441 0.580470 0.973799 0.582278 0.972707 0.582278 0.949782 0.584087 0.948690 0.584087 0.939956
0 0.840868 0.875546 0.840868 0.877729 0.842676 0.877729 0.844485 0.878821 0.853526 0.878821 0.855335 0.879913 0.877034 0.879913 0.878843 0.881004 0.893309 0.881004 0.893309 0.878821 0.884268 0.878821 0.882459 0.877729 0.858951 0.877729 0.857143 0.876638 0.846293 0.876638 0.844485 0.875546
0 0.206148 0.830786 0.204340 0.831878 0.197107 0.831878 0.195298 0.832969 0.195298 0.838428 0.204340 0.838428 0.206148 0.839520 0.209765 0.839520 0.209765 0.830786
0 0.193490 0.800218 0.191682 0.801310 0.162749 0.801310 0.160940 0.802402 0.153707 0.802402 0.151899 0.803493 0.148282 0.803493 0.146474 0.802402 0.142857 0.802402 0.142857 0.804585 0.148282 0.804585 0.150090 0.805677 0.155515 0.805677 0.157324 0.804585 0.162749 0.804585 0.164557 0.805677 0.177215 0.805677 0.177215 0.804585 0.179024 0.803493 0.182640 0.803493 0.184448 0.804585 0.184448 0.805677 0.188065 0.805677 0.188065 0.803493 0.189873 0.802402 0.200723 0.802402 0.200723 0.800218
0 0.132007 0.716157 0.130199 0.717249 0.121157 0.717249 0.121157 0.719432 0.128391 0.719432 0.130199 0.720524 0.130199 0.721616 0.132007 0.721616 0.133816 0.722707 0.135624 0.722707 0.137432 0.723799 0.139241 0.723799 0.141049 0.724891 0.150090 0.724891 0.151899 0.725983 0.155515 0.725983 0.155515 0.720524 0.148282 0.720524 0.144665 0.718341 0.144665 0.716157
0 0.857143 0.591703 0.855335 0.592795 0.855335 0.601528 0.853526 0.602620 0.853526 0.606987 0.858951 0.606987 0.860759 0.608079 0.860759 0.613537 0.862568 0.614629 0.862568 0.616812 0.860759 0.617904 0.858951 0.617904 0.858951 0.620087 0.857143 0.621179 0.853526 0.621179 0.851718 0.620087 0.851718 0.617904 0.848101 0.617904 0.848101 0.620087 0.846293 0.621179 0.846293 0.623362 0.851718 0.623362 0.853526 0.624454 0.853526 0.629913 0.851718 0.631004 0.851718 0.636463 0.855335 0.636463 0.857143 0.635371 0.857143 0.634279 0.858951 0.633188 0.862568 0.633188 0.862568 0.623362 0.864376 0.622271 0.864376 0.617904 0.866184 0.616812 0.866184 0.604803 0.867993 0.603712 0.867993 0.594978 0.862568 0.594978 0.860759 0.593886 0.860759 0.591703
0 0.173599 0.582969 0.173599 0.585153 0.179024 0.585153 0.180832 0.586245 0.180832 0.587336 0.182640 0.587336 0.184448 0.588428 0.189873 0.588428 0.191682 0.589520 0.193490 0.589520 0.195298 0.590611 0.195298 0.591703 0.197107 0.591703 0.200723 0.593886 0.200723 0.594978 0.206148 0.594978 0.206148 0.591703 0.200723 0.588428 0.197107 0.588428 0.195298 0.587336 0.189873 0.587336 0.188065 0.586245 0.188065 0.585153 0.186257 0.585153 0.184448 0.584061 0.182640 0.584061 0.180832 0.582969
0 0.558770 0.504367 0.558770 0.509825 0.556962 0.510917 0.549729 0.510917 0.549729 0.516376 0.553345 0.516376 0.556962 0.518559 0.556962 0.519651 0.558770 0.520742 0.562387 0.520742 0.562387 0.512009 0.564195 0.510917 0.567812 0.510917 0.569620 0.512009 0.569620 0.518559 0.573237 0.518559 0.573237 0.505459 0.566004 0.505459 0.564195 0.504367
0 0.415913 0.500000 0.415913 0.501092 0.414105 0.502183 0.406872 0.502183 0.403255 0.504367 0.394213 0.504367 0.392405 0.505459 0.392405 0.507642 0.390597 0.508734 0.385172 0.508734 0.383363 0.507642 0.383363 0.506550 0.377939 0.506550 0.377939 0.513100 0.383363 0.513100 0.385172 0.512009 0.388788 0.512009 0.390597 0.513100 0.390597 0.514192 0.397830 0.514192 0.399638 0.515284 0.399638 0.516376 0.403255 0.516376 0.403255 0.508734 0.405063 0.507642 0.414105 0.507642 0.414105 0.503275 0.415913 0.502183 0.419530 0.502183 0.419530 0.500000
0 0.377939 0.455240 0.377939 0.460699 0.383363 0.460699 0.385172 0.461790 0.385172 0.465066 0.383363 0.466157 0.381555 0.466157 0.379747 0.467249 0.379747 0.470524 0.377939 0.471616 0.377939 0.484716 0.381555 0.484716 0.381555 0.477074 0.383363 0.475983 0.386980 0.475983 0.388788 0.477074 0.388788 0.481441 0.394213 0.481441 0.396022 0.480349 0.403255 0.480349 0.403255 0.472707 0.399638 0.472707 0.397830 0.473799 0.394213 0.473799 0.392405 0.472707 0.392405 0.471616 0.390597 0.471616 0.388788 0.470524 0.388788 0.467249 0.390597 0.466157 0.397830 0.466157 0.399638 0.467249 0.403255 0.467249 0.403255 0.456332 0.399638 0.456332 0.399638 0.461790 0.397830 0.462882 0.394213 0.462882 0.392405 0.461790 0.392405 0.455240 0.388788 0.455240 0.388788 0.459607 0.386980 0.460699 0.383363 0.460699 0.381555 0.459607 0.381555 0.455240
0 0.654611 0.438865 0.654611 0.469432 0.658228 0.469432 0.658228 0.438865
0 0.104882 0.356987 0.104882 0.359170 0.108499 0.359170 0.112116 0.361354 0.112116 0.370087 0.115732 0.370087 0.115732 0.363537 0.117541 0.362445 0.128391 0.362445 0.128391 0.360262 0.126582 0.359170 0.122966 0.359170 0.121157 0.358079 0.117541 0.358079 0.115732 0.356987
0 0.019892 0.347162 0.019892 0.348253 0.018083 0.349345 0.018083 0.351528 0.021700 0.351528 0.023508 0.352620 0.028933 0.352620 0.030741 0.353712 0.039783 0.353712 0.041591 0.354803 0.047016 0.354803 0.048825 0.353712 0.052441 0.353712 0.054250 0.354803 0.054250 0.355895 0.063291 0.355895 0.065099 0.354803 0.066908 0.354803 0.068716 0.353712 0.075949 0.353712 0.079566 0.355895 0.079566 0.359170 0.083183 0.359170 0.083183 0.356987 0.084991 0.355895 0.088608 0.355895 0.092224 0.358079 0.092224 0.359170 0.095841 0.359170 0.095841 0.358079 0.097649 0.356987 0.097649 0.354803 0.094033 0.354803 0.092224 0.353712 0.088608 0.353712 0.086799 0.352620 0.079566 0.352620 0.077758 0.351528 0.066908 0.351528 0.065099 0.350437 0.063291 0.350437 0.061483 0.349345 0.047016 0.349345 0.045208 0.348253 0.027125 0.348253 0.025316 0.347162
0 0.141049 0.157205 0.139241 0.158297 0.139241 0.159389 0.137432 0.160480 0.132007 0.160480 0.132007 0.163755 0.144665 0.163755 0.146474 0.164847 0.146474 0.165939 0.150090 0.165939 0.150090 0.164847 0.151899 0.163755 0.151899 0.159389 0.148282 0.159389 0.144665 0.157205
0 0.963834 0.140830 0.963834 0.141921 0.962025 0.143013 0.960217 0.143013 0.958409 0.144105 0.958409 0.146288 0.956600 0.147380 0.954792 0.147380 0.951175 0.149563 0.949367 0.149563 0.947559 0.150655 0.945750 0.150655 0.943942 0.151747 0.943942 0.153930 0.940325 0.156114 0.938517 0.156114 0.934901 0.158297 0.934901 0.159389 0.931284 0.161572 0.929476 0.161572 0.929476 0.163755 0.927667 0.164847 0.927667 0.174672 0.933092 0.174672 0.933092 0.167031 0.934901 0.165939 0.942134 0.165939 0.942134 0.161572 0.947559 0.158297 0.949367 0.158297 0.949367 0.153930 0.951175 0.152838 0.956600 0.152838 0.958409 0.151747 0.962025 0.151747 0.962025 0.148472 0.963834 0.147380 0.965642 0.147380 0.967450 0.146288 0.967450 0.145197 0.969259 0.144105 0.969259 0.140830
0 0.121157 0.129913 0.121157 0.138646 0.119349 0.139738 0.115732 0.139738 0.113924 0.138646 0.113924 0.132096 0.110307 0.132096 0.110307 0.137555 0.112116 0.138646 0.112116 0.140830 0.110307 0.141921 0.110307 0.146288 0.113924 0.146288 0.113924 0.143013 0.115732 0.141921 0.119349 0.141921 0.121157 0.143013 0.121157 0.162664 0.124774 0.162664 0.124774 0.129913
0 0.018083 0.087336 0.018083 0.091703 0.016275 0.092795 0.014467 0.092795 0.014467 0.102620 0.018083 0.102620 0.018083 0.090611 0.019892 0.089520 0.023508 0.089520 0.025316 0.090611 0.025316 0.102620 0.028933 0.102620 0.028933 0.091703 0.030741 0.090611 0.032550 0.090611 0.032550 0.088428 0.025316 0.088428 0.023508 0.087336
0 0.077758 0.082969 0.077758 0.092795 0.074141 0.094978 0.074141 0.096070 0.072333 0.097162 0.068716 0.097162 0.068716 0.100437 0.075949 0.100437 0.077758 0.101528 0.077758 0.113537 0.081374 0.113537 0.081374 0.082969
0 0.236890 0.081878 0.236890 0.082969 0.235081 0.084061 0.226040 0.084061 0.226040 0.085153 0.224231 0.086245 0.216998 0.086245 0.216998 0.103712 0.220615 0.103712 0.220615 0.098253 0.222423 0.097162 0.231465 0.097162 0.231465 0.094978 0.222423 0.094978 0.220615 0.093886 0.220615 0.090611 0.222423 0.089520 0.231465 0.089520 0.231465 0.086245 0.233273 0.085153 0.240506 0.085153 0.240506 0.081878
0 0.184448 0.077511 0.184448 0.105895 0.188065 0.105895 0.188065 0.077511
0 0.162749 0.064410 0.162749 0.097162 0.166365 0.097162 0.166365 0.064410
0 0.759494 0.054585 0.759494 0.061135 0.757685 0.062227 0.757685 0.064410 0.759494 0.065502 0.759494 0.067686 0.763110 0.067686 0.763110 0.065502 0.764919 0.064410 0.772152 0.064410 0.773960 0.063319 0.777577 0.063319 0.779385 0.064410 0.779385 0.069869 0.783002 0.069869 0.783002 0.067686 0.784810 0.066594 0.784810 0.064410 0.783002 0.063319 0.783002 0.060044 0.775769 0.060044 0.773960 0.058952 0.773960 0.056769 0.764919 0.056769 0.763110 0.055677 0.763110 0.054585
0 0.226040 0.054585 0.224231 0.055677 0.216998 0.055677 0.216998 0.072052 0.220615 0.072052 0.220615 0.067686 0.222423 0.066594 0.229656 0.066594 0.231465 0.065502 0.231465 0.062227 0.222423 0.062227 0.220615 0.061135 0.220615 0.058952 0.222423 0.057860 0.231465 0.057860 0.231465 0.054585
0 0.396022 0.025109 0.396022 0.033843 0.394213 0.034934 0.386980 0.034934 0.386980 0.041485 0.394213 0.041485 0.396022 0.042576 0.396022 0.049127 0.401447 0.049127 0.401447 0.048035 0.403255 0.046943 0.410488 0.046943 0.410488 0.038210 0.403255 0.038210 0.401447 0.037118 0.401447 0.031659 0.403255 0.030568 0.410488 0.030568 0.410488 0.025109
0 0.269439 0.019651 0.269439 0.046943 0.273056 0.046943 0.273056 0.019651
0 0.779385 0.018559 0.779385 0.045852 0.783002 0.045852 0.783002 0.018559
0 0.291139 0.013100 0.291139 0.020742 0.287523 0.022926 0.280289 0.022926 0.280289 0.028384 0.289331 0.028384 0.291139 0.029476 0.291139 0.046943 0.294756 0.046943 0.294756 0.013100
0 0.694394 0.002183 0.694394 0.044760 0.703436 0.044760 0.705244 0.045852 0.708861 0.045852 0.708861 0.032751 0.705244 0.032751 0.705244 0.034934 0.703436 0.036026 0.699819 0.036026 0.698011 0.034934 0.698011 0.002183
0 0.215190 0.000000 0.215190 0.010917 0.213382 0.012009 0.207957 0.012009 0.207957 0.014192 0.209765 0.015284 0.209765 0.016376 0.211573 0.017467 0.211573 0.019651 0.213382 0.020742 0.213382 0.021834 0.215190 0.022926 0.216998 0.022926 0.220615 0.025109 0.220615 0.027293 0.218807 0.028384 0.216998 0.028384 0.216998 0.030568 0.218807 0.031659 0.218807 0.032751 0.222423 0.032751 0.224231 0.033843 0.224231 0.036026 0.226040 0.036026 0.231465 0.039301 0.231465 0.042576 0.233273 0.043668 0.233273 0.046943 0.235081 0.048035 0.235081 0.053493 0.236890 0.053493 0.238698 0.054585 0.238698 0.056769 0.240506 0.057860 0.240506 0.061135 0.242315 0.062227 0.242315 0.066594 0.240506 0.067686 0.240506 0.069869 0.238698 0.070961 0.236890 0.070961 0.236890 0.075328 0.240506 0.075328 0.240506 0.074236 0.242315 0.073144 0.247740 0.073144 0.249548 0.074236 0.249548 0.075328 0.251356 0.076419 0.251356 0.078603 0.253165 0.079694 0.260398 0.079694 0.262206 0.080786 0.262206 0.082969 0.260398 0.084061 0.247740 0.084061 0.247740 0.091703 0.245931 0.092795 0.242315 0.092795 0.242315 0.094978 0.244123 0.096070 0.245931 0.096070 0.247740 0.097162 0.247740 0.112445 0.251356 0.112445 0.251356 0.106987 0.253165 0.105895 0.256781 0.105895 0.256781 0.098253 0.258590 0.097162 0.262206 0.097162 0.264014 0.098253 0.264014 0.112445 0.265823 0.113537 0.265823 0.120087 0.264014 0.121179 0.264014 0.125546 0.262206 0.126638 0.262206 0.127729 0.260398 0.128821 0.260398 0.131004 0.258590 0.132096 0.253165 0.132096 0.251356 0.131004 0.251356 0.117904 0.247740 0.117904 0.247740 0.133188 0.251356 0.133188 0.253165 0.134279 0.253165 0.137555 0.251356 0.138646 0.251356 0.139738 0.249548 0.140830 0.247740 0.140830 0.244123 0.143013 0.233273 0.143013 0.231465 0.141921 0.231465 0.129913 0.227848 0.129913 0.227848 0.143013 0.226040 0.144105 0.222423 0.144105 0.220615 0.143013 0.220615 0.109170 0.216998 0.109170 0.216998 0.144105 0.224231 0.144105 0.226040 0.145197 0.226040 0.146288 0.227848 0.147380 0.227848 0.149563 0.226040 0.150655 0.222423 0.150655 0.220615 0.151747 0.220615 0.152838 0.215190 0.156114 0.207957 0.156114 0.206148 0.155022 0.206148 0.152838 0.204340 0.152838 0.198915 0.149563 0.198915 0.134279 0.195298 0.134279 0.195298 0.143013 0.193490 0.144105 0.186257 0.144105 0.184448 0.143013 0.184448 0.140830 0.186257 0.139738 0.188065 0.139738 0.188065 0.135371 0.184448 0.135371 0.184448 0.139738 0.182640 0.140830 0.179024 0.140830 0.177215 0.139738 0.177215 0.123362 0.173599 0.123362 0.173599 0.129913 0.171790 0.131004 0.168174 0.131004 0.166365 0.129913 0.166365 0.123362 0.162749 0.123362 0.160940 0.122271 0.153707 0.122271 0.151899 0.121179 0.151899 0.120087 0.150090 0.118996 0.150090 0.109170 0.148282 0.109170 0.146474 0.108079 0.146474 0.089520 0.137432 0.089520 0.135624 0.088428 0.135624 0.079694 0.126582 0.079694 0.124774 0.078603 0.124774 0.074236 0.126582 0.073144 0.130199 0.073144 0.130199 0.070961 0.124774 0.070961 0.122966 0.072052 0.121157 0.072052 0.121157 0.093886 0.119349 0.094978 0.113924 0.094978 0.113924 0.097162 0.119349 0.097162 0.121157 0.098253 0.121157 0.100437 0.122966 0.101528 0.122966 0.103712 0.124774 0.104803 0.124774 0.105895 0.126582 0.106987 0.126582 0.108079 0.132007 0.108079 0.133816 0.109170 0.133816 0.110262 0.135624 0.111354 0.135624 0.112445 0.137432 0.112445 0.139241 0.113537 0.139241 0.118996 0.137432 0.120087 0.135624 0.120087 0.135624 0.122271 0.144665 0.122271 0.146474 0.123362 0.146474 0.125546 0.144665 0.126638 0.144665 0.131004 0.142857 0.132096 0.142857 0.133188 0.141049 0.134279 0.137432 0.134279 0.137432 0.137555 0.139241 0.137555 0.141049 0.138646 0.141049 0.143013 0.142857 0.144105 0.144665 0.144105 0.146474 0.145197 0.146474 0.146288 0.150090 0.146288 0.150090 0.134279 0.151899 0.133188 0.155515 0.133188 0.157324 0.134279 0.157324 0.144105 0.159132 0.145197 0.159132 0.148472 0.162749 0.148472 0.162749 0.146288 0.164557 0.145197 0.168174 0.145197 0.169982 0.146288 0.175407 0.146288 0.177215 0.147380 0.177215 0.148472 0.179024 0.149563 0.179024 0.152838 0.177215 0.153930 0.173599 0.153930 0.173599 0.161572 0.171790 0.162664 0.164557 0.162664 0.164557 0.175764 0.168174 0.175764 0.168174 0.169214 0.169982 0.168122 0.177215 0.168122 0.177215 0.165939 0.179024 0.164847 0.182640 0.164847 0.184448 0.165939 0.184448 0.167031 0.188065 0.167031 0.189873 0.168122 0.189873 0.172489 0.188065 0.173581 0.188065 0.176856 0.186257 0.177948 0.184448 0.177948 0.184448 0.182314 0.182640 0.183406 0.180832 0.183406 0.180832 0.189956 0.179024 0.191048 0.179024 0.193231 0.177215 0.194323 0.177215 0.201965 0.179024 0.203057 0.179024 0.204148 0.180832 0.205240 0.180832 0.212882 0.184448 0.215066 0.184448 0.217249 0.180832 0.219432 0.175407 0.219432 0.175407 0.222707 0.173599 0.223799 0.169982 0.223799 0.168174 0.222707 0.168174 0.216157 0.166365 0.215066 0.166365 0.212882 0.168174 0.211790 0.168174 0.209607 0.162749 0.209607 0.162749 0.212882 0.164557 0.213974 0.164557 0.216157 0.162749 0.217249 0.159132 0.217249 0.157324 0.218341 0.153707 0.218341 0.151899 0.217249 0.151899 0.209607 0.148282 0.209607 0.146474 0.208515 0.146474 0.203057 0.133816 0.203057 0.132007 0.201965 0.132007 0.199782 0.133816 0.198690 0.135624 0.198690 0.135624 0.192140 0.132007 0.192140 0.130199 0.193231 0.126582 0.193231 0.124774 0.192140 0.124774 0.186681 0.121157 0.186681 0.119349 0.187773 0.112116 0.187773 0.110307 0.188865 0.110307 0.192140 0.113924 0.194323 0.113924 0.195415 0.115732 0.196507 0.115732 0.200873 0.117541 0.201965 0.122966 0.201965 0.124774 0.203057 0.124774 0.205240 0.121157 0.207424 0.121157 0.210699 0.119349 0.211790 0.119349 0.213974 0.122966 0.213974 0.122966 0.211790 0.124774 0.210699 0.133816 0.210699 0.135624 0.211790 0.135624 0.213974 0.137432 0.213974 0.139241 0.215066 0.139241 0.217249 0.141049 0.217249 0.142857 0.218341 0.142857 0.230349 0.146474 0.230349 0.146474 0.224891 0.148282 0.223799 0.151899 0.223799 0.155515 0.225983 0.155515 0.227074 0.157324 0.228166 0.157324 0.229258 0.159132 0.230349 0.159132 0.232533 0.157324 0.233624 0.157324 0.237991 0.159132 0.239083 0.159132 0.242358 0.166365 0.242358 0.171790 0.245633 0.171790 0.248908 0.173599 0.250000 0.173599 0.253275 0.171790 0.254367 0.169982 0.254367 0.168174 0.255459 0.166365 0.255459 0.164557 0.256550 0.164557 0.264192 0.177215 0.264192 0.179024 0.265284 0.179024 0.266376 0.180832 0.267467 0.180832 0.275109 0.179024 0.276201 0.168174 0.276201 0.166365 0.275109 0.162749 0.275109 0.162749 0.279476 0.160940 0.280568 0.157324 0.280568 0.157324 0.283843 0.160940 0.283843 0.162749 0.282751 0.162749 0.279476 0.164557 0.278384 0.169982 0.278384 0.171790 0.279476 0.171790 0.282751 0.169982 0.283843 0.169982 0.284934 0.168174 0.286026 0.168174 0.291485 0.166365 0.292576 0.166365 0.294760 0.164557 0.295852 0.160940 0.295852 0.160940 0.305677 0.166365 0.305677 0.169982 0.307860 0.169982 0.310044 0.173599 0.310044 0.173599 0.307860 0.175407 0.306769 0.179024 0.306769 0.180832 0.307860 0.180832 0.310044 0.188065 0.310044 0.189873 0.311135 0.189873 0.315502 0.188065 0.316594 0.179024 0.316594 0.179024 0.320961 0.177215 0.322052 0.175407 0.322052 0.175407 0.325328 0.173599 0.326419 0.173599 0.328603 0.175407 0.329694 0.175407 0.338428 0.179024 0.338428 0.180832 0.337336 0.189873 0.337336 0.189873 0.334061 0.191682 0.332969 0.195298 0.332969 0.197107 0.334061 0.197107 0.337336 0.198915 0.338428 0.198915 0.340611 0.202532 0.342795 0.202532 0.347162 0.204340 0.348253 0.204340 0.351528 0.200723 0.353712 0.197107 0.353712 0.197107 0.355895 0.195298 0.356987 0.188065 0.356987 0.184448 0.359170 0.180832 0.359170 0.179024 0.358079 0.179024 0.349345 0.175407 0.349345 0.175407 0.359170 0.173599 0.360262 0.169982 0.360262 0.168174 0.359170 0.168174 0.349345 0.164557 0.349345 0.164557 0.358079 0.166365 0.359170 0.166365 0.361354 0.164557 0.362445 0.159132 0.362445 0.159132 0.364629 0.162749 0.364629 0.164557 0.365721 0.164557 0.370087 0.168174 0.370087 0.168174 0.364629 0.169982 0.363537 0.177215 0.363537 0.179024 0.364629 0.179024 0.367904 0.177215 0.368996 0.177215 0.373362 0.182640 0.376638 0.182640 0.382096 0.184448 0.382096 0.186257 0.383188 0.186257 0.390830 0.191682 0.390830 0.191682 0.381004 0.193490 0.379913 0.200723 0.379913 0.200723 0.377729 0.195298 0.377729 0.193490 0.376638 0.193490 0.374454 0.197107 0.372271 0.197107 0.371179 0.198915 0.370087 0.200723 0.370087 0.202532 0.368996 0.218807 0.368996 0.222423 0.371179 0.222423 0.375546 0.220615 0.376638 0.218807 0.376638 0.218807 0.387555 0.222423 0.387555 0.222423 0.383188 0.224231 0.382096 0.227848 0.382096 0.229656 0.383188 0.229656 0.384279 0.233273 0.384279 0.235081 0.383188 0.242315 0.383188 0.244123 0.384279 0.244123 0.387555 0.242315 0.388646 0.238698 0.388646 0.238698 0.391921 0.240506 0.391921 0.242315 0.393013 0.242315 0.398472 0.244123 0.399563 0.247740 0.399563 0.247740 0.397380 0.249548 0.396288 0.254973 0.396288 0.256781 0.397380 0.260398 0.397380 0.262206 0.396288 0.269439 0.396288 0.271248 0.397380 0.271248 0.403930 0.274864 0.403930 0.274864 0.397380 0.276673 0.396288 0.280289 0.396288 0.282098 0.397380 0.282098 0.401747 0.285714 0.401747 0.287523 0.400655 0.291139 0.400655 0.292948 0.401747 0.292948 0.409389 0.296564 0.409389 0.296564 0.403930 0.298373 0.402838 0.301989 0.402838 0.303797 0.403930 0.303797 0.411572 0.307414 0.411572 0.307414 0.407205 0.309222 0.406114 0.318264 0.406114 0.318264 0.402838 0.320072 0.401747 0.323689 0.401747 0.325497 0.402838 0.325497 0.407205 0.323689 0.408297 0.323689 0.410480 0.327306 0.410480 0.327306 0.408297 0.329114 0.407205 0.329114 0.403930 0.330922 0.402838 0.336347 0.402838 0.338156 0.403930 0.345389 0.403930 0.347197 0.405022 0.347197 0.409389 0.345389 0.410480 0.341772 0.410480 0.339964 0.409389 0.334539 0.409389 0.334539 0.413755 0.339964 0.413755 0.341772 0.412664 0.349005 0.412664 0.349005 0.410480 0.350814 0.409389 0.354430 0.409389 0.356239 0.410480 0.356239 0.430131 0.354430 0.431223 0.347197 0.431223 0.347197 0.432314 0.345389 0.433406 0.341772 0.433406 0.339964 0.432314 0.339964 0.431223 0.325497 0.431223 0.323689 0.432314 0.318264 0.432314 0.318264 0.433406 0.316456 0.434498 0.309222 0.434498 0.309222 0.436681 0.314647 0.439956 0.323689 0.439956 0.325497 0.441048 0.338156 0.441048 0.339964 0.439956 0.343580 0.439956 0.347197 0.442140 0.359855 0.442140 0.361664 0.441048 0.365280 0.441048 0.367089 0.439956 0.370705 0.439956 0.372514 0.441048 0.376130 0.441048 0.377939 0.442140 0.377939 0.443231 0.381555 0.443231 0.381555 0.442140 0.383363 0.441048 0.386980 0.441048 0.388788 0.442140 0.388788 0.443231 0.392405 0.443231 0.392405 0.442140 0.394213 0.441048 0.397830 0.441048 0.399638 0.442140 0.403255 0.442140 0.405063 0.441048 0.408680 0.441048 0.410488 0.442140 0.410488 0.443231 0.414105 0.443231 0.414105 0.442140 0.415913 0.441048 0.428571 0.441048 0.430380 0.442140 0.430380 0.443231 0.446655 0.443231 0.446655 0.441048 0.448463 0.439956 0.448463 0.434498 0.446655 0.433406 0.446655 0.431223 0.444846 0.430131 0.444846 0.423581 0.446655 0.422489 0.448463 0.422489 0.448463 0.421397 0.450271 0.420306 0.461121 0.420306 0.462929 0.421397 0.462929 0.426856 0.464738 0.426856 0.466546 0.427948 0.470163 0.427948 0.471971 0.426856 0.475588 0.426856 0.477396 0.427948 0.477396 0.442140 0.479204 0.443231 0.479204 0.447598 0.477396 0.448690 0.477396 0.458515 0.475588 0.459607 0.471971 0.459607 0.471971 0.460699 0.470163 0.461790 0.466546 0.461790 0.466546 0.463974 0.468354 0.465066 0.468354 0.489083 0.466546 0.490175 0.462929 0.490175 0.461121 0.489083 0.461121 0.486900 0.459313 0.485808 0.459313 0.483624 0.453888 0.483624 0.453888 0.484716 0.452080 0.485808 0.448463 0.485808 0.446655 0.484716 0.446655 0.479258 0.448463 0.478166 0.457505 0.478166 0.457505 0.469432 0.455696 0.468341 0.455696 0.458515 0.452080 0.458515 0.450271 0.459607 0.446655 0.459607 0.444846 0.458515 0.437613 0.458515 0.435805 0.457424 0.432188 0.457424 0.432188 0.498908 0.435805 0.498908 0.435805 0.485808 0.437613 0.484716 0.441230 0.484716 0.443038 0.485808 0.446655 0.485808 0.448463 0.486900 0.448463 0.491266 0.446655 0.492358 0.446655 0.498908 0.444846 0.500000 0.443038 0.500000 0.443038 0.508734 0.446655 0.508734 0.446655 0.501092 0.448463 0.500000 0.455696 0.500000 0.457505 0.501092 0.457505 0.503275 0.455696 0.504367 0.453888 0.504367 0.453888 0.515284 0.457505 0.515284 0.457505 0.512009 0.459313 0.510917 0.462929 0.510917 0.464738 0.512009 0.464738 0.513100 0.468354 0.513100 0.471971 0.515284 0.475588 0.515284 0.477396 0.516376 0.479204 0.516376 0.481013 0.517467 0.481013 0.520742 0.484629 0.522926 0.486438 0.522926 0.488246 0.524017 0.488246 0.525109 0.490054 0.526201 0.490054 0.529476 0.491863 0.530568 0.491863 0.533843 0.488246 0.536026 0.488246 0.538210 0.490054 0.538210 0.491863 0.539301 0.491863 0.544760 0.493671 0.545852 0.493671 0.546943 0.495479 0.548035 0.495479 0.551310 0.493671 0.552402 0.491863 0.552402 0.490054 0.553493 0.484629 0.553493 0.482821 0.554585 0.481013 0.554585 0.481013 0.557860 0.484629 0.557860 0.486438 0.558952 0.488246 0.558952 0.490054 0.560044 0.490054 0.565502 0.488246 0.566594 0.481013 0.566594 0.481013 0.567686 0.479204 0.568777 0.475588 0.568777 0.471971 0.566594 0.471971 0.563319 0.473779 0.562227 0.473779 0.556769 0.471971 0.556769 0.468354 0.554585 0.468354 0.545852 0.462929 0.545852 0.461121 0.544760 0.461121 0.542576 0.459313 0.541485 0.459313 0.540393 0.457505 0.539301 0.457505 0.521834 0.453888 0.521834 0.453888 0.522926 0.452080 0.524017 0.448463 0.524017 0.446655 0.522926 0.446655 0.513100 0.441230 0.513100 0.439421 0.514192 0.437613 0.514192 0.437613 0.519651 0.435805 0.520742 0.433996 0.520742 0.433996 0.522926 0.435805 0.522926 0.437613 0.524017 0.437613 0.526201 0.439421 0.527293 0.439421 0.531659 0.441230 0.532751 0.441230 0.536026 0.443038 0.537118 0.443038 0.538210 0.444846 0.538210 0.446655 0.539301 0.446655 0.543668 0.448463 0.544760 0.448463 0.552402 0.450271 0.553493 0.450271 0.555677 0.452080 0.556769 0.452080 0.561135 0.448463 0.563319 0.448463 0.566594 0.452080 0.566594 0.453888 0.567686 0.453888 0.577511 0.452080 0.578603 0.448463 0.578603 0.446655 0.577511 0.446655 0.570961 0.443038 0.570961 0.443038 0.576419 0.441230 0.577511 0.437613 0.577511 0.435805 0.576419 0.435805 0.569869 0.432188 0.569869 0.432188 0.573144 0.430380 0.574236 0.424955 0.574236 0.419530 0.570961 0.419530 0.569869 0.417722 0.568777 0.412297 0.568777 0.406872 0.565502 0.406872 0.563319 0.405063 0.563319 0.403255 0.562227 0.403255 0.557860 0.399638 0.557860 0.397830 0.556769 0.397830 0.555677 0.396022 0.555677 0.394213 0.554585 0.394213 0.551310 0.392405 0.550218 0.392405 0.549127 0.388788 0.549127 0.388788 0.553493 0.390597 0.554585 0.390597 0.555677 0.392405 0.555677 0.394213 0.556769 0.394213 0.558952 0.396022 0.560044 0.396022 0.561135 0.397830 0.562227 0.401447 0.562227 0.403255 0.563319 0.403255 0.567686 0.405063 0.568777 0.405063 0.569869 0.412297 0.574236 0.412297 0.578603 0.410488 0.579694 0.406872 0.579694 0.405063 0.578603 0.405063 0.576419 0.396022 0.576419 0.394213 0.575328 0.394213 0.569869 0.390597 0.569869 0.390597 0.577511 0.388788 0.578603 0.385172 0.578603 0.383363 0.577511 0.383363 0.570961 0.379747 0.570961 0.379747 0.574236 0.377939 0.575328 0.368897 0.575328 0.367089 0.574236 0.367089 0.568777 0.365280 0.567686 0.356239 0.567686 0.354430 0.566594 0.354430 0.561135 0.352622 0.561135 0.350814 0.560044 0.350814 0.558952 0.349005 0.557860 0.345389 0.557860 0.341772 0.555677 0.341772 0.554585 0.336347 0.554585 0.334539 0.553493 0.334539 0.551310 0.332731 0.551310 0.329114 0.549127 0.329114 0.548035 0.325497 0.548035 0.321881 0.545852 0.316456 0.545852 0.314647 0.544760 0.314647 0.532751 0.311031 0.532751 0.311031 0.533843 0.309222 0.534934 0.309222 0.539301 0.307414 0.540393 0.303797 0.540393 0.298373 0.537118 0.298373 0.536026 0.296564 0.536026 0.291139 0.532751 0.289331 0.532751 0.287523 0.531659 0.287523 0.519651 0.283906 0.519651 0.283906 0.524017 0.282098 0.525109 0.278481 0.525109 0.276673 0.524017 0.276673 0.521834 0.269439 0.521834 0.269439 0.525109 0.273056 0.527293 0.274864 0.527293 0.276673 0.528384 0.276673 0.529476 0.280289 0.531659 0.280289 0.534934 0.283906 0.537118 0.285714 0.537118 0.287523 0.538210 0.287523 0.540393 0.285714 0.541485 0.283906 0.541485 0.283906 0.544760 0.282098 0.545852 0.278481 0.545852 0.274864 0.543668 0.271248 0.543668 0.269439 0.542576 0.260398 0.542576 0.258590 0.541485 0.258590 0.538210 0.256781 0.538210 0.253165 0.536026 0.251356 0.536026 0.249548 0.534934 0.242315 0.534934 0.240506 0.533843 0.240506 0.532751 0.235081 0.532751 0.235081 0.534934 0.236890 0.536026 0.244123 0.536026 0.247740 0.538210 0.247740 0.541485 0.251356 0.541485 0.254973 0.543668 0.254973 0.544760 0.264014 0.544760 0.267631 0.546943 0.267631 0.549127 0.269439 0.550218 0.274864 0.550218 0.276673 0.551310 0.276673 0.554585 0.278481 0.554585 0.282098 0.556769 0.289331 0.556769 0.291139 0.557860 0.291139 0.560044 0.296564 0.560044 0.301989 0.563319 0.303797 0.563319 0.309222 0.566594 0.309222 0.570961 0.311031 0.572052 0.318264 0.572052 0.320072 0.573144 0.320072 0.577511 0.321881 0.577511 0.329114 0.581878 0.329114 0.582969 0.330922 0.582969 0.332731 0.584061 0.332731 0.585153 0.338156 0.588428 0.339964 0.588428 0.341772 0.589520 0.341772 0.593886 0.343580 0.594978 0.343580 0.596070 0.345389 0.597162 0.345389 0.598253 0.347197 0.599345 0.350814 0.599345 0.352622 0.600437 0.352622 0.604803 0.356239 0.606987 0.356239 0.608079 0.361664 0.608079 0.363472 0.609170 0.363472 0.611354 0.361664 0.612445 0.359855 0.612445 0.359855 0.614629 0.363472 0.614629 0.365280 0.615721 0.370705 0.615721 0.376130 0.618996 0.376130 0.624454 0.377939 0.625546 0.383363 0.625546 0.385172 0.626638 0.385172 0.632096 0.383363 0.633188 0.383363 0.636463 0.381555 0.637555 0.374322 0.637555 0.372514 0.638646 0.368897 0.638646 0.367089 0.637555 0.367089 0.636463 0.365280 0.635371 0.363472 0.635371 0.361664 0.634279 0.361664 0.633188 0.356239 0.633188 0.354430 0.632096 0.349005 0.632096 0.347197 0.631004 0.347197 0.629913 0.341772 0.629913 0.341772 0.632096 0.339964 0.633188 0.336347 0.633188 0.332731 0.631004 0.332731 0.628821 0.330922 0.627729 0.330922 0.621179 0.327306 0.621179 0.327306 0.623362 0.325497 0.624454 0.316456 0.624454 0.312839 0.622271 0.311031 0.622271 0.309222 0.621179 0.309222 0.620087 0.307414 0.620087 0.305606 0.618996 0.300181 0.618996 0.298373 0.617904 0.298373 0.614629 0.294756 0.614629 0.292948 0.615721 0.289331 0.615721 0.287523 0.614629 0.287523 0.611354 0.283906 0.611354 0.283906 0.612445 0.282098 0.613537 0.278481 0.613537 0.276673 0.612445 0.276673 0.611354 0.264014 0.611354 0.262206 0.610262 0.262206 0.608079 0.258590 0.608079 0.253165 0.604803 0.249548 0.604803 0.247740 0.603712 0.245931 0.603712 0.244123 0.602620 0.240506 0.602620 0.236890 0.600437 0.233273 0.600437 0.233273 0.603712 0.235081 0.603712 0.236890 0.604803 0.236890 0.608079 0.235081 0.609170 0.227848 0.609170 0.226040 0.608079 0.224231 0.608079 0.222423 0.606987 0.209765 0.606987 0.207957 0.605895 0.207957 0.604803 0.206148 0.604803 0.202532 0.602620 0.193490 0.602620 0.193490 0.605895 0.195298 0.606987 0.202532 0.606987 0.204340 0.608079 0.204340 0.610262 0.207957 0.610262 0.209765 0.609170 0.215190 0.609170 0.216998 0.610262 0.216998 0.612445 0.218807 0.612445 0.222423 0.614629 0.224231 0.614629 0.226040 0.615721 0.229656 0.615721 0.231465 0.614629 0.235081 0.614629 0.236890 0.615721 0.236890 0.617904 0.238698 0.618996 0.240506 0.618996 0.244123 0.621179 0.247740 0.621179 0.249548 0.622271 0.253165 0.622271 0.256781 0.620087 0.262206 0.620087 0.264014 0.621179 0.264014 0.622271 0.267631 0.622271 0.269439 0.623362 0.269439 0.626638 0.271248 0.627729 0.285714 0.627729 0.287523 0.628821 0.287523 0.629913 0.289331 0.631004 0.289331 0.633188 0.291139 0.634279 0.291139 0.638646 0.292948 0.639738 0.292948 0.640830 0.294756 0.640830 0.296564 0.641921 0.296564 0.643013 0.298373 0.644105 0.298373 0.646288 0.300181 0.647380 0.300181 0.648472 0.301989 0.649563 0.301989 0.653930 0.303797 0.655022 0.303797 0.657205 0.305606 0.658297 0.307414 0.658297 0.309222 0.659389 0.309222 0.660480 0.311031 0.661572 0.311031 0.665939 0.309222 0.667031 0.305606 0.667031 0.305606 0.670306 0.303797 0.671397 0.300181 0.671397 0.298373 0.670306 0.298373 0.669214 0.294756 0.669214 0.291139 0.667031 0.289331 0.667031 0.287523 0.665939 0.287523 0.664847 0.285714 0.664847 0.282098 0.662664 0.278481 0.662664 0.276673 0.661572 0.276673 0.658297 0.273056 0.658297 0.271248 0.657205 0.267631 0.657205 0.265823 0.658297 0.262206 0.658297 0.260398 0.657205 0.260398 0.653930 0.256781 0.651747 0.254973 0.651747 0.253165 0.650655 0.253165 0.649563 0.249548 0.649563 0.247740 0.648472 0.245931 0.648472 0.244123 0.647380 0.242315 0.647380 0.240506 0.646288 0.236890 0.646288 0.236890 0.648472 0.238698 0.648472 0.240506 0.649563 0.240506 0.650655 0.242315 0.651747 0.245931 0.651747 0.247740 0.652838 0.247740 0.653930 0.251356 0.653930 0.256781 0.657205 0.256781 0.659389 0.264014 0.659389 0.269439 0.662664 0.269439 0.663755 0.274864 0.663755 0.276673 0.664847 0.276673 0.665939 0.280289 0.668122 0.280289 0.671397 0.287523 0.671397 0.291139 0.673581 0.291139 0.677948 0.289331 0.679039 0.285714 0.679039 0.283906 0.680131 0.274864 0.680131 0.273056 0.681223 0.269439 0.681223 0.269439 0.688865 0.282098 0.688865 0.283906 0.689956 0.283906 0.691048 0.300181 0.691048 0.301989 0.692140 0.301989 0.695415 0.296564 0.698690 0.291139 0.698690 0.289331 0.699782 0.287523 0.699782 0.287523 0.700873 0.285714 0.701965 0.280289 0.701965 0.278481 0.700873 0.278481 0.697598 0.274864 0.697598 0.274864 0.701965 0.269439 0.705240 0.269439 0.707424 0.267631 0.708515 0.247740 0.708515 0.245931 0.707424 0.245931 0.703057 0.242315 0.703057 0.242315 0.705240 0.240506 0.706332 0.236890 0.706332 0.235081 0.705240 0.235081 0.703057 0.229656 0.703057 0.227848 0.701965 0.226040 0.701965 0.224231 0.700873 0.224231 0.698690 0.207957 0.698690 0.207957 0.703057 0.206148 0.704148 0.193490 0.704148 0.191682 0.703057 0.171790 0.703057 0.169982 0.701965 0.169982 0.699782 0.164557 0.699782 0.164557 0.704148 0.166365 0.705240 0.169982 0.705240 0.171790 0.706332 0.171790 0.707424 0.177215 0.707424 0.177215 0.706332 0.179024 0.705240 0.182640 0.705240 0.184448 0.706332 0.184448 0.708515 0.186257 0.708515 0.189873 0.710699 0.202532 0.710699 0.204340 0.711790 0.204340 0.713974 0.206148 0.715066 0.206148 0.720524 0.204340 0.721616 0.200723 0.721616 0.198915 0.720524 0.198915 0.718341 0.195298 0.718341 0.195298 0.720524 0.193490 0.721616 0.189873 0.721616 0.188065 0.720524 0.188065 0.717249 0.184448 0.717249 0.184448 0.720524 0.182640 0.721616 0.179024 0.721616 0.177215 0.720524 0.173599 0.720524 0.171790 0.721616 0.164557 0.721616 0.164557 0.722707 0.162749 0.723799 0.162749 0.727074 0.164557 0.728166 0.164557 0.730349 0.169982 0.730349 0.173599 0.732533 0.173599 0.734716 0.177215 0.734716 0.177215 0.725983 0.179024 0.724891 0.182640 0.724891 0.184448 0.725983 0.184448 0.730349 0.191682 0.730349 0.193490 0.731441 0.197107 0.731441 0.200723 0.733624 0.200723 0.737991 0.204340 0.737991 0.206148 0.736900 0.213382 0.736900 0.215190 0.737991 0.215190 0.741266 0.213382 0.742358 0.211573 0.742358 0.209765 0.743450 0.200723 0.743450 0.198915 0.744541 0.179024 0.744541 0.177215 0.743450 0.173599 0.743450 0.171790 0.742358 0.166365 0.742358 0.166365 0.744541 0.168174 0.744541 0.169982 0.745633 0.171790 0.745633 0.173599 0.746725 0.173599 0.748908 0.180832 0.748908 0.182640 0.750000 0.182640 0.753275 0.184448 0.753275 0.186257 0.754367 0.186257 0.756550 0.184448 0.757642 0.173599 0.757642 0.171790 0.756550 0.164557 0.756550 0.164557 0.758734 0.171790 0.758734 0.173599 0.759825 0.173599 0.762009 0.175407 0.763100 0.182640 0.763100 0.184448 0.764192 0.184448 0.766376 0.209765 0.766376 0.209765 0.765284 0.211573 0.764192 0.215190 0.764192 0.216998 0.765284 0.216998 0.766376 0.245931 0.766376 0.247740 0.767467 0.251356 0.767467 0.253165 0.768559 0.253165 0.769651 0.256781 0.769651 0.256781 0.768559 0.258590 0.767467 0.262206 0.767467 0.262206 0.764192 0.264014 0.763100 0.267631 0.763100 0.269439 0.764192 0.269439 0.769651 0.273056 0.769651 0.274864 0.770742 0.274864 0.771834 0.278481 0.771834 0.278481 0.770742 0.280289 0.769651 0.292948 0.769651 0.294756 0.770742 0.294756 0.771834 0.296564 0.772926 0.300181 0.772926 0.301989 0.771834 0.305606 0.771834 0.307414 0.772926 0.311031 0.772926 0.311031 0.771834 0.312839 0.770742 0.316456 0.770742 0.318264 0.769651 0.321881 0.769651 0.323689 0.770742 0.323689 0.771834 0.330922 0.771834 0.332731 0.772926 0.336347 0.772926 0.336347 0.770742 0.338156 0.769651 0.341772 0.769651 0.343580 0.770742 0.343580 0.774017 0.345389 0.775109 0.350814 0.775109 0.352622 0.776201 0.352622 0.778384 0.350814 0.779476 0.349005 0.779476 0.349005 0.782751 0.347197 0.783843 0.345389 0.783843 0.345389 0.786026 0.343580 0.787118 0.343580 0.790393 0.341772 0.791485 0.338156 0.791485 0.336347 0.790393 0.336347 0.787118 0.327306 0.787118 0.325497 0.788210 0.323689 0.788210 0.323689 0.791485 0.321881 0.792576 0.318264 0.792576 0.316456 0.791485 0.316456 0.790393 0.312839 0.790393 0.312839 0.791485 0.311031 0.792576 0.307414 0.792576 0.307414 0.795852 0.305606 0.796943 0.300181 0.796943 0.300181 0.798035 0.298373 0.799127 0.296564 0.799127 0.296564 0.805677 0.294756 0.806769 0.291139 0.806769 0.291139 0.807860 0.289331 0.808952 0.280289 0.808952 0.280289 0.811135 0.278481 0.812227 0.271248 0.812227 0.267631 0.814410 0.258590 0.814410 0.258590 0.815502 0.256781 0.816594 0.249548 0.816594 0.249548 0.817686 0.247740 0.818777 0.244123 0.818777 0.242315 0.819869 0.238698 0.819869 0.236890 0.820961 0.229656 0.820961 0.229656 0.823144 0.227848 0.824236 0.222423 0.824236 0.220615 0.825328 0.218807 0.825328 0.218807 0.830786 0.216998 0.831878 0.216998 0.839520 0.222423 0.839520 0.224231 0.840611 0.233273 0.840611 0.235081 0.841703 0.235081 0.843886 0.245931 0.843886 0.247740 0.844978 0.254973 0.844978 0.254973 0.843886 0.256781 0.842795 0.262206 0.842795 0.262206 0.841703 0.264014 0.840611 0.267631 0.840611 0.269439 0.841703 0.269439 0.844978 0.271248 0.846070 0.274864 0.846070 0.276673 0.847162 0.276673 0.852620 0.280289 0.852620 0.280289 0.851528 0.282098 0.850437 0.289331 0.850437 0.291139 0.851528 0.291139 0.852620 0.292948 0.853712 0.292948 0.856987 0.296564 0.856987 0.296564 0.853712 0.298373 0.852620 0.305606 0.852620 0.307414 0.853712 0.312839 0.853712 0.312839 0.851528 0.314647 0.850437 0.316456 0.850437 0.316456 0.848253 0.318264 0.847162 0.321881 0.847162 0.323689 0.848253 0.323689 0.849345 0.329114 0.849345 0.330922 0.848253 0.334539 0.848253 0.336347 0.849345 0.339964 0.849345 0.339964 0.847162 0.341772 0.846070 0.347197 0.846070 0.349005 0.844978 0.352622 0.844978 0.354430 0.843886 0.363472 0.843886 0.365280 0.842795 0.368897 0.842795 0.368897 0.837336 0.370705 0.836245 0.376130 0.836245 0.377939 0.837336 0.377939 0.841703 0.381555 0.841703 0.381555 0.840611 0.383363 0.839520 0.396022 0.839520 0.396022 0.838428 0.397830 0.837336 0.401447 0.837336 0.403255 0.838428 0.403255 0.840611 0.405063 0.841703 0.405063 0.844978 0.403255 0.846070 0.401447 0.846070 0.399638 0.847162 0.397830 0.847162 0.397830 0.849345 0.396022 0.850437 0.392405 0.850437 0.390597 0.851528 0.377939 0.851528 0.377939 0.852620 0.376130 0.853712 0.368897 0.853712 0.365280 0.855895 0.361664 0.855895 0.359855 0.854803 0.359855 0.853712 0.323689 0.853712 0.323689 0.859170 0.321881 0.860262 0.312839 0.860262 0.312839 0.862445 0.311031 0.863537 0.307414 0.863537 0.305606 0.862445 0.305606 0.861354 0.280289 0.861354 0.280289 0.865721 0.289331 0.865721 0.291139 0.866812 0.311031 0.866812 0.312839 0.867904 0.312839 0.868996 0.316456 0.868996 0.316456 0.866812 0.318264 0.865721 0.321881 0.865721 0.323689 0.866812 0.323689 0.868996 0.336347 0.868996 0.336347 0.867904 0.338156 0.866812 0.358047 0.866812 0.359855 0.865721 0.368897 0.865721 0.368897 0.861354 0.370705 0.860262 0.376130 0.860262 0.377939 0.861354 0.377939 0.863537 0.379747 0.863537 0.381555 0.864629 0.381555 0.865721 0.385172 0.865721 0.385172 0.863537 0.386980 0.862445 0.390597 0.862445 0.392405 0.863537 0.392405 0.864629 0.396022 0.864629 0.396022 0.863537 0.397830 0.862445 0.401447 0.862445 0.403255 0.863537 0.403255 0.864629 0.406872 0.864629 0.406872 0.861354 0.408680 0.860262 0.412297 0.860262 0.414105 0.861354 0.414105 0.863537 0.417722 0.863537 0.417722 0.858079 0.419530 0.856987 0.423146 0.856987 0.423146 0.854803 0.424955 0.853712 0.428571 0.853712 0.430380 0.854803 0.430380 0.855895 0.443038 0.855895 0.443038 0.854803 0.448463 0.851528 0.450271 0.851528 0.452080 0.850437 0.459313 0.850437 0.459313 0.849345 0.464738 0.846070 0.470163 0.846070 0.470163 0.844978 0.473779 0.842795 0.475588 0.842795 0.475588 0.834061 0.477396 0.832969 0.481013 0.832969 0.482821 0.834061 0.482821 0.839520 0.491863 0.839520 0.493671 0.840611 0.493671 0.844978 0.491863 0.846070 0.488246 0.846070 0.488246 0.847162 0.486438 0.848253 0.486438 0.850437 0.484629 0.851528 0.484629 0.854803 0.482821 0.855895 0.482821 0.856987 0.481013 0.858079 0.475588 0.858079 0.471971 0.860262 0.471971 0.862445 0.470163 0.863537 0.466546 0.863537 0.462929 0.865721 0.461121 0.865721 0.457505 0.867904 0.455696 0.867904 0.450271 0.871179 0.448463 0.871179 0.446655 0.872271 0.446655 0.873362 0.444846 0.874454 0.441230 0.874454 0.439421 0.875546 0.439421 0.876638 0.437613 0.877729 0.435805 0.877729 0.435805 0.879913 0.437613 0.879913 0.439421 0.881004 0.439421 0.885371 0.444846 0.885371 0.446655 0.884279 0.446655 0.883188 0.448463 0.882096 0.459313 0.882096 0.461121 0.883188 0.461121 0.885371 0.459313 0.886463 0.457505 0.886463 0.457505 0.888646 0.455696 0.889738 0.452080 0.889738 0.452080 0.890830 0.450271 0.891921 0.450271 0.895197 0.448463 0.896288 0.444846 0.896288 0.443038 0.897380 0.443038 0.899563 0.441230 0.900655 0.441230 0.901747 0.439421 0.902838 0.435805 0.902838 0.433996 0.903930 0.433996 0.905022 0.432188 0.906114 0.432188 0.909389 0.430380 0.910480 0.430380 0.914847 0.428571 0.915939 0.421338 0.915939 0.417722 0.918122 0.412297 0.918122 0.412297 0.920306 0.406872 0.923581 0.401447 0.923581 0.397830 0.925764 0.394213 0.925764 0.390597 0.927948 0.388788 0.927948 0.386980 0.929039 0.385172 0.929039 0.379747 0.932314 0.379747 0.933406 0.377939 0.934498 0.377939 0.939956 0.383363 0.939956 0.383363 0.936681 0.385172 0.935590 0.390597 0.935590 0.392405 0.934498 0.394213 0.934498 0.394213 0.933406 0.396022 0.932314 0.405063 0.932314 0.405063 0.930131 0.406872 0.929039 0.410488 0.929039 0.414105 0.926856 0.417722 0.926856 0.417722 0.925764 0.419530 0.924672 0.421338 0.924672 0.421338 0.923581 0.423146 0.922489 0.423146 0.919214 0.424955 0.918122 0.424955 0.917031 0.426763 0.915939 0.433996 0.915939 0.435805 0.914847 0.435805 0.911572 0.437613 0.910480 0.443038 0.910480 0.443038 0.909389 0.444846 0.908297 0.444846 0.906114 0.446655 0.905022 0.450271 0.905022 0.450271 0.901747 0.452080 0.900655 0.453888 0.900655 0.457505 0.898472 0.459313 0.898472 0.459313 0.894105 0.461121 0.893013 0.464738 0.893013 0.464738 0.891921 0.466546 0.890830 0.466546 0.884279 0.468354 0.883188 0.468354 0.882096 0.470163 0.881004 0.475588 0.881004 0.477396 0.879913 0.477396 0.872271 0.479204 0.871179 0.479204 0.870087 0.481013 0.868996 0.486438 0.868996 0.488246 0.867904 0.491863 0.867904 0.491863 0.863537 0.495479 0.861354 0.499096 0.861354 0.499096 0.860262 0.500904 0.859170 0.504521 0.859170 0.506329 0.860262 0.506329 0.862445 0.504521 0.863537 0.504521 0.864629 0.502712 0.865721 0.500904 0.865721 0.499096 0.866812 0.499096 0.868996 0.497288 0.870087 0.497288 0.871179 0.495479 0.872271 0.495479 0.876638 0.493671 0.877729 0.493671 0.878821 0.491863 0.879913 0.490054 0.879913 0.488246 0.881004 0.488246 0.882096 0.486438 0.883188 0.486438 0.887555 0.482821 0.889738 0.482821 0.890830 0.479204 0.893013 0.477396 0.893013 0.473779 0.895197 0.473779 0.896288 0.471971 0.897380 0.471971 0.901747 0.470163 0.902838 0.464738 0.902838 0.464738 0.903930 0.462929 0.905022 0.462929 0.907205 0.459313 0.909389 0.455696 0.909389 0.455696 0.910480 0.453888 0.911572 0.453888 0.914847 0.452080 0.915939 0.446655 0.915939 0.443038 0.918122 0.443038 0.920306 0.439421 0.922489 0.435805 0.922489 0.433996 0.923581 0.433996 0.924672 0.432188 0.925764 0.432188 0.927948 0.428571 0.930131 0.423146 0.930131 0.421338 0.931223 0.421338 0.933406 0.417722 0.935590 0.414105 0.935590 0.412297 0.936681 0.412297 0.941048 0.414105 0.941048 0.415913 0.942140 0.417722 0.942140 0.419530 0.943231 0.423146 0.943231 0.423146 0.934498 0.424955 0.933406 0.428571 0.933406 0.430380 0.934498 0.430380 0.936681 0.433996 0.936681 0.433996 0.935590 0.435805 0.934498 0.439421 0.934498 0.439421 0.933406 0.444846 0.930131 0.444846 0.929039 0.446655 0.927948 0.450271 0.927948 0.450271 0.926856 0.457505 0.922489 0.461121 0.922489 0.461121 0.918122 0.462929 0.917031 0.464738 0.917031 0.464738 0.915939 0.466546 0.914847 0.466546 0.910480 0.470163 0.908297 0.475588 0.908297 0.475588 0.901747 0.477396 0.900655 0.479204 0.900655 0.481013 0.899563 0.486438 0.899563 0.490054 0.897380 0.493671 0.897380 0.495479 0.898472 0.495479 0.905022 0.493671 0.906114 0.493671 0.920306 0.491863 0.921397 0.490054 0.921397 0.490054 0.929039 0.491863 0.930131 0.491863 0.932314 0.490054 0.933406 0.488246 0.933406 0.488246 0.936681 0.493671 0.936681 0.495479 0.937773 0.495479 0.945415 0.497288 0.946507 0.497288 0.948690 0.500904 0.948690 0.502712 0.947598 0.506329 0.947598 0.508137 0.948690 0.515371 0.948690 0.517179 0.949782 0.517179 0.951965 0.513562 0.954148 0.506329 0.954148 0.506329 0.957424 0.504521 0.958515 0.504521 0.959607 0.502712 0.960699 0.500904 0.960699 0.499096 0.961790 0.499096 0.962882 0.497288 0.963974 0.497288 0.965066 0.495479 0.966157 0.495479 0.969432 0.493671 0.970524 0.493671 0.971616 0.491863 0.972707 0.491863 0.975983 0.493671 0.977074 0.493671 0.979258 0.497288 0.979258 0.497288 0.978166 0.499096 0.977074 0.499096 0.969432 0.500904 0.968341 0.506329 0.968341 0.506329 0.967249 0.509946 0.965066 0.509946 0.962882 0.511754 0.961790 0.529837 0.961790 0.529837 0.958515 0.533454 0.956332 0.535262 0.956332 0.535262 0.951965 0.537071 0.950873 0.538879 0.950873 0.538879 0.949782 0.540687 0.948690 0.546112 0.948690 0.547920 0.949782 0.547920 0.958515 0.546112 0.959607 0.544304 0.959607 0.544304 0.966157 0.542495 0.967249 0.542495 0.972707 0.540687 0.973799 0.540687 0.975983 0.546112 0.975983 0.547920 0.977074 0.547920 0.981441 0.551537 0.981441 0.551537 0.978166 0.553345 0.977074 0.553345 0.975983 0.555154 0.974891 0.555154 0.966157 0.553345 0.965066 0.553345 0.962882 0.555154 0.961790 0.556962 0.961790 0.556962 0.951965 0.558770 0.950873 0.558770 0.946507 0.562387 0.944323 0.566004 0.944323 0.567812 0.945415 0.567812 0.947598 0.571429 0.947598 0.571429 0.930131 0.566004 0.930131 0.564195 0.929039 0.564195 0.920306 0.562387 0.919214 0.562387 0.915939 0.564195 0.914847 0.571429 0.914847 0.571429 0.905022 0.569620 0.903930 0.569620 0.901747 0.571429 0.900655 0.571429 0.887555 0.573237 0.886463 0.576854 0.886463 0.578662 0.887555 0.578662 0.900655 0.580470 0.901747 0.580470 0.905022 0.584087 0.905022 0.585895 0.906114 0.585895 0.935590 0.589512 0.935590 0.589512 0.933406 0.591320 0.932314 0.591320 0.900655 0.593128 0.899563 0.598553 0.899563 0.600362 0.900655 0.600362 0.902838 0.602170 0.903930 0.602170 0.909389 0.603978 0.910480 0.603978 0.911572 0.605787 0.912664 0.611212 0.912664 0.611212 0.909389 0.609403 0.908297 0.609403 0.907205 0.607595 0.906114 0.607595 0.901747 0.605787 0.901747 0.603978 0.900655 0.603978 0.898472 0.602170 0.897380 0.602170 0.895197 0.600362 0.894105 0.600362 0.891921 0.598553 0.890830 0.598553 0.887555 0.596745 0.886463 0.596745 0.882096 0.594937 0.881004 0.594937 0.876638 0.593128 0.875546 0.593128 0.867904 0.591320 0.866812 0.591320 0.841703 0.594937 0.839520 0.598553 0.839520 0.600362 0.840611 0.600362 0.846070 0.602170 0.847162 0.602170 0.849345 0.603978 0.850437 0.603978 0.851528 0.605787 0.851528 0.607595 0.852620 0.607595 0.855895 0.609403 0.856987 0.609403 0.859170 0.611212 0.860262 0.611212 0.863537 0.613020 0.864629 0.613020 0.871179 0.614828 0.872271 0.614828 0.874454 0.616637 0.875546 0.616637 0.876638 0.618445 0.876638 0.620253 0.877729 0.620253 0.881004 0.623870 0.881004 0.627486 0.878821 0.627486 0.871179 0.629295 0.870087 0.632911 0.870087 0.634720 0.871179 0.634720 0.873362 0.636528 0.873362 0.640145 0.875546 0.640145 0.876638 0.641953 0.877729 0.641953 0.883188 0.647378 0.883188 0.650995 0.885371 0.650995 0.886463 0.652803 0.887555 0.652803 0.888646 0.654611 0.889738 0.654611 0.890830 0.658228 0.893013 0.658228 0.896288 0.660036 0.896288 0.661844 0.897380 0.661844 0.898472 0.663653 0.899563 0.663653 0.901747 0.665461 0.902838 0.665461 0.903930 0.667269 0.905022 0.667269 0.909389 0.669078 0.910480 0.670886 0.910480 0.672694 0.911572 0.672694 0.912664 0.674503 0.913755 0.674503 0.914847 0.676311 0.915939 0.676311 0.917031 0.678119 0.918122 0.678119 0.921397 0.679928 0.922489 0.681736 0.922489 0.685353 0.924672 0.688969 0.924672 0.688969 0.922489 0.687161 0.921397 0.687161 0.919214 0.685353 0.918122 0.685353 0.917031 0.683544 0.915939 0.683544 0.914847 0.681736 0.913755 0.681736 0.910480 0.679928 0.910480 0.678119 0.909389 0.678119 0.907205 0.681736 0.905022 0.688969 0.905022 0.688969 0.903930 0.690778 0.902838 0.694394 0.902838 0.696203 0.903930 0.696203 0.908297 0.694394 0.909389 0.694394 0.911572 0.696203 0.912664 0.696203 0.913755 0.698011 0.914847 0.698011 0.915939 0.705244 0.915939 0.705244 0.913755 0.703436 0.913755 0.701627 0.912664 0.701627 0.910480 0.703436 0.909389 0.705244 0.909389 0.705244 0.908297 0.707052 0.907205 0.710669 0.907205 0.712477 0.908297 0.712477 0.909389 0.714286 0.909389 0.716094 0.910480 0.721519 0.910480 0.721519 0.909389 0.723327 0.908297 0.726944 0.908297 0.728752 0.909389 0.728752 0.912664 0.730561 0.913755 0.734177 0.913755 0.735986 0.912664 0.741410 0.912664 0.741410 0.911572 0.743219 0.910480 0.746835 0.910480 0.748644 0.911572 0.748644 0.913755 0.746835 0.914847 0.743219 0.914847 0.743219 0.919214 0.748644 0.919214 0.752260 0.921397 0.752260 0.925764 0.754069 0.926856 0.757685 0.926856 0.759494 0.927948 0.759494 0.929039 0.761302 0.930131 0.764919 0.930131 0.764919 0.929039 0.766727 0.927948 0.770344 0.927948 0.772152 0.929039 0.772152 0.933406 0.775769 0.935590 0.781193 0.935590 0.781193 0.931223 0.779385 0.931223 0.777577 0.930131 0.777577 0.925764 0.770344 0.921397 0.766727 0.921397 0.764919 0.920306 0.764919 0.919214 0.763110 0.918122 0.763110 0.912664 0.759494 0.912664 0.757685 0.911572 0.757685 0.905022 0.754069 0.905022 0.748644 0.901747 0.743219 0.901747 0.741410 0.900655 0.741410 0.894105 0.739602 0.893013 0.739602 0.891921 0.737794 0.891921 0.735986 0.890830 0.735986 0.888646 0.730561 0.888646 0.728752 0.887555 0.728752 0.884279 0.726944 0.883188 0.726944 0.882096 0.725136 0.881004 0.725136 0.878821 0.721519 0.878821 0.717902 0.876638 0.717902 0.875546 0.716094 0.874454 0.716094 0.873362 0.714286 0.872271 0.714286 0.867904 0.716094 0.866812 0.716094 0.864629 0.717902 0.863537 0.721519 0.863537 0.723327 0.864629 0.723327 0.867904 0.726944 0.867904 0.728752 0.866812 0.732369 0.866812 0.734177 0.867904 0.734177 0.871179 0.737794 0.871179 0.737794 0.868996 0.739602 0.867904 0.746835 0.867904 0.750452 0.870087 0.750452 0.873362 0.755877 0.876638 0.759494 0.876638 0.761302 0.877729 0.761302 0.879913 0.763110 0.881004 0.768535 0.881004 0.773960 0.884279 0.777577 0.884279 0.779385 0.883188 0.784810 0.883188 0.786618 0.884279 0.786618 0.886463 0.784810 0.887555 0.783002 0.887555 0.783002 0.891921 0.788427 0.891921 0.790235 0.893013 0.790235 0.895197 0.795660 0.895197 0.795660 0.893013 0.797468 0.891921 0.804702 0.891921 0.804702 0.889738 0.801085 0.889738 0.799277 0.888646 0.799277 0.885371 0.795660 0.883188 0.795660 0.878821 0.792043 0.878821 0.790235 0.877729 0.790235 0.868996 0.792043 0.867904 0.795660 0.867904 0.795660 0.863537 0.793852 0.863537 0.790235 0.861354 0.790235 0.855895 0.792043 0.854803 0.795660 0.854803 0.795660 0.844978 0.797468 0.843886 0.801085 0.843886 0.802893 0.844978 0.802893 0.855895 0.806510 0.855895 0.808318 0.856987 0.808318 0.858079 0.817360 0.858079 0.819168 0.859170 0.819168 0.860262 0.822785 0.860262 0.824593 0.859170 0.831826 0.859170 0.833635 0.860262 0.840868 0.860262 0.842676 0.861354 0.855335 0.861354 0.857143 0.862445 0.869801 0.862445 0.871609 0.863537 0.871609 0.864629 0.875226 0.864629 0.875226 0.863537 0.877034 0.862445 0.880651 0.862445 0.882459 0.863537 0.886076 0.863537 0.887884 0.862445 0.895118 0.862445 0.896926 0.861354 0.898734 0.861354 0.900542 0.860262 0.900542 0.858079 0.887884 0.858079 0.886076 0.856987 0.866184 0.856987 0.864376 0.855895 0.857143 0.855895 0.855335 0.854803 0.851718 0.854803 0.849910 0.853712 0.849910 0.851528 0.848101 0.851528 0.844485 0.849345 0.840868 0.849345 0.839060 0.848253 0.839060 0.840611 0.835443 0.840611 0.835443 0.841703 0.833635 0.842795 0.828210 0.842795 0.826401 0.841703 0.826401 0.840611 0.813743 0.840611 0.811935 0.839520 0.797468 0.839520 0.795660 0.838428 0.793852 0.838428 0.792043 0.837336 0.790235 0.837336 0.788427 0.836245 0.788427 0.835153 0.784810 0.835153 0.783002 0.834061 0.781193 0.834061 0.779385 0.832969 0.779385 0.824236 0.775769 0.824236 0.773960 0.823144 0.773960 0.819869 0.775769 0.818777 0.779385 0.818777 0.781193 0.819869 0.788427 0.819869 0.790235 0.820961 0.790235 0.822052 0.793852 0.822052 0.793852 0.814410 0.795660 0.813319 0.801085 0.813319 0.802893 0.814410 0.802893 0.818777 0.806510 0.818777 0.808318 0.817686 0.819168 0.817686 0.820976 0.818777 0.822785 0.818777 0.824593 0.819869 0.824593 0.822052 0.826401 0.823144 0.828210 0.823144 0.831826 0.825328 0.842676 0.825328 0.844485 0.826419 0.844485 0.827511 0.846293 0.828603 0.848101 0.828603 0.851718 0.830786 0.855335 0.830786 0.857143 0.831878 0.862568 0.831878 0.864376 0.832969 0.864376 0.834061 0.866184 0.835153 0.867993 0.835153 0.869801 0.836245 0.871609 0.836245 0.873418 0.837336 0.873418 0.838428 0.884268 0.838428 0.886076 0.839520 0.886076 0.841703 0.887884 0.842795 0.893309 0.842795 0.893309 0.838428 0.891501 0.838428 0.887884 0.836245 0.886076 0.836245 0.884268 0.835153 0.884268 0.834061 0.880651 0.834061 0.877034 0.831878 0.875226 0.831878 0.873418 0.830786 0.873418 0.829694 0.869801 0.829694 0.866184 0.827511 0.864376 0.827511 0.862568 0.826419 0.860759 0.826419 0.858951 0.825328 0.849910 0.825328 0.848101 0.824236 0.844485 0.824236 0.842676 0.823144 0.842676 0.820961 0.844485 0.819869 0.846293 0.819869 0.849910 0.817686 0.862568 0.817686 0.864376 0.816594 0.869801 0.816594 0.871609 0.817686 0.880651 0.817686 0.880651 0.815502 0.877034 0.813319 0.877034 0.811135 0.880651 0.808952 0.895118 0.808952 0.896926 0.807860 0.900542 0.807860 0.900542 0.804585 0.902351 0.803493 0.907776 0.803493 0.909584 0.804585 0.909584 0.806769 0.913201 0.806769 0.915009 0.805677 0.920434 0.805677 0.922242 0.804585 0.927667 0.804585 0.929476 0.803493 0.936709 0.803493 0.938517 0.802402 0.942134 0.802402 0.942134 0.799127 0.943942 0.798035 0.947559 0.798035 0.949367 0.799127 0.949367 0.801310 0.952984 0.801310 0.956600 0.799127 0.965642 0.799127 0.965642 0.796943 0.956600 0.796943 0.954792 0.795852 0.954792 0.794760 0.945750 0.794760 0.943942 0.793668 0.931284 0.793668 0.929476 0.792576 0.922242 0.792576 0.920434 0.791485 0.916817 0.791485 0.915009 0.790393 0.907776 0.790393 0.907776 0.795852 0.909584 0.796943 0.911392 0.796943 0.913201 0.798035 0.913201 0.800218 0.911392 0.801310 0.902351 0.801310 0.900542 0.800218 0.900542 0.791485 0.893309 0.791485 0.891501 0.790393 0.891501 0.788210 0.887884 0.788210 0.886076 0.787118 0.875226 0.787118 0.873418 0.786026 0.858951 0.786026 0.857143 0.784934 0.846293 0.784934 0.842676 0.782751 0.842676 0.778384 0.844485 0.777293 0.848101 0.777293 0.849910 0.778384 0.849910 0.780568 0.853526 0.780568 0.853526 0.778384 0.855335 0.777293 0.869801 0.777293 0.869801 0.775109 0.871609 0.774017 0.875226 0.774017 0.877034 0.775109 0.877034 0.777293 0.889693 0.777293 0.891501 0.778384 0.900542 0.778384 0.900542 0.774017 0.898734 0.774017 0.896926 0.772926 0.891501 0.772926 0.889693 0.771834 0.886076 0.771834 0.884268 0.770742 0.884268 0.768559 0.886076 0.767467 0.889693 0.767467 0.891501 0.766376 0.895118 0.766376 0.896926 0.765284 0.898734 0.765284 0.898734 0.763100 0.891501 0.763100 0.889693 0.762009 0.889693 0.759825 0.880651 0.759825 0.878843 0.758734 0.878843 0.755459 0.880651 0.754367 0.887884 0.754367 0.887884 0.753275 0.889693 0.752183 0.895118 0.752183 0.895118 0.750000 0.900542 0.746725 0.900542 0.741266 0.902351 0.740175 0.905967 0.740175 0.907776 0.741266 0.907776 0.744541 0.911392 0.744541 0.911392 0.743450 0.915009 0.741266 0.916817 0.741266 0.916817 0.740175 0.918626 0.739083 0.920434 0.739083 0.922242 0.737991 0.922242 0.736900 0.924051 0.735808 0.927667 0.735808 0.933092 0.732533 0.933092 0.731441 0.934901 0.730349 0.940325 0.730349 0.943942 0.728166 0.947559 0.728166 0.947559 0.725983 0.945750 0.724891 0.945750 0.721616 0.942134 0.721616 0.940325 0.722707 0.938517 0.722707 0.938517 0.723799 0.936709 0.724891 0.933092 0.724891 0.931284 0.723799 0.931284 0.722707 0.925859 0.722707 0.924051 0.721616 0.924051 0.719432 0.925859 0.718341 0.929476 0.718341 0.933092 0.716157 0.936709 0.716157 0.936709 0.711790 0.934901 0.711790 0.933092 0.710699 0.929476 0.710699 0.929476 0.712882 0.924051 0.716157 0.918626 0.716157 0.918626 0.718341 0.915009 0.720524 0.909584 0.720524 0.907776 0.721616 0.907776 0.723799 0.904159 0.725983 0.904159 0.727074 0.902351 0.728166 0.884268 0.728166 0.884268 0.730349 0.882459 0.731441 0.869801 0.731441 0.867993 0.730349 0.867993 0.727074 0.858951 0.727074 0.857143 0.728166 0.855335 0.728166 0.855335 0.730349 0.853526 0.731441 0.848101 0.731441 0.846293 0.730349 0.846293 0.728166 0.837251 0.728166 0.835443 0.727074 0.835443 0.724891 0.831826 0.724891 0.830018 0.725983 0.822785 0.725983 0.820976 0.727074 0.817360 0.727074 0.815552 0.725983 0.811935 0.725983 0.810127 0.724891 0.810127 0.719432 0.815552 0.716157 0.820976 0.716157 0.820976 0.712882 0.822785 0.711790 0.831826 0.711790 0.831826 0.708515 0.833635 0.707424 0.840868 0.707424 0.840868 0.705240 0.844485 0.703057 0.851718 0.703057 0.851718 0.699782 0.853526 0.698690 0.857143 0.698690 0.858951 0.699782 0.862568 0.699782 0.862568 0.694323 0.864376 0.693231 0.867993 0.693231 0.867993 0.691048 0.871609 0.688865 0.875226 0.688865 0.878843 0.686681 0.880651 0.686681 0.880651 0.685590 0.882459 0.684498 0.884268 0.684498 0.884268 0.682314 0.887884 0.680131 0.893309 0.680131 0.893309 0.675764 0.895118 0.674672 0.896926 0.674672 0.898734 0.673581 0.898734 0.670306 0.900542 0.669214 0.905967 0.669214 0.905967 0.668122 0.909584 0.665939 0.915009 0.665939 0.915009 0.662664 0.913201 0.662664 0.911392 0.661572 0.911392 0.659389 0.913201 0.658297 0.918626 0.658297 0.918626 0.656114 0.920434 0.655022 0.922242 0.655022 0.922242 0.652838 0.924051 0.651747 0.925859 0.651747 0.925859 0.649563 0.924051 0.649563 0.922242 0.648472 0.922242 0.646288 0.924051 0.645197 0.925859 0.645197 0.925859 0.637555 0.927667 0.636463 0.929476 0.636463 0.929476 0.633188 0.927667 0.632096 0.925859 0.632096 0.924051 0.631004 0.924051 0.629913 0.918626 0.629913 0.905967 0.637555 0.905967 0.638646 0.904159 0.639738 0.898734 0.639738 0.896926 0.640830 0.896926 0.643013 0.895118 0.644105 0.884268 0.644105 0.882459 0.645197 0.880651 0.645197 0.878843 0.646288 0.877034 0.646288 0.875226 0.647380 0.873418 0.647380 0.873418 0.652838 0.877034 0.652838 0.878843 0.653930 0.878843 0.657205 0.875226 0.659389 0.875226 0.661572 0.873418 0.662664 0.873418 0.663755 0.871609 0.664847 0.867993 0.664847 0.864376 0.667031 0.864376 0.668122 0.862568 0.669214 0.860759 0.669214 0.860759 0.670306 0.857143 0.672489 0.857143 0.673581 0.855335 0.674672 0.855335 0.677948 0.851718 0.680131 0.846293 0.680131 0.844485 0.681223 0.844485 0.682314 0.840868 0.684498 0.839060 0.684498 0.830018 0.689956 0.830018 0.691048 0.828210 0.692140 0.826401 0.692140 0.824593 0.693231 0.824593 0.695415 0.822785 0.696507 0.813743 0.696507 0.811935 0.697598 0.811935 0.698690 0.808318 0.700873 0.804702 0.700873 0.801085 0.703057 0.801085 0.704148 0.799277 0.705240 0.797468 0.705240 0.793852 0.707424 0.790235 0.707424 0.788427 0.708515 0.784810 0.708515 0.783002 0.709607 0.783002 0.711790 0.779385 0.713974 0.775769 0.713974 0.768535 0.718341 0.764919 0.718341 0.763110 0.717249 0.763110 0.715066 0.759494 0.715066 0.757685 0.716157 0.754069 0.716157 0.752260 0.717249 0.745027 0.717249 0.743219 0.718341 0.737794 0.718341 0.735986 0.717249 0.735986 0.707424 0.737794 0.706332 0.737794 0.705240 0.739602 0.704148 0.741410 0.704148 0.741410 0.696507 0.743219 0.695415 0.750452 0.695415 0.752260 0.696507 0.752260 0.700873 0.755877 0.700873 0.755877 0.696507 0.752260 0.696507 0.750452 0.695415 0.750452 0.692140 0.752260 0.691048 0.755877 0.691048 0.757685 0.692140 0.757685 0.694323 0.761302 0.694323 0.761302 0.691048 0.764919 0.688865 0.770344 0.688865 0.772152 0.687773 0.777577 0.687773 0.777577 0.686681 0.781193 0.684498 0.788427 0.684498 0.788427 0.681223 0.790235 0.680131 0.792043 0.680131 0.792043 0.676856 0.795660 0.674672 0.810127 0.674672 0.810127 0.672489 0.811935 0.671397 0.819168 0.671397 0.819168 0.669214 0.826401 0.664847 0.830018 0.664847 0.830018 0.662664 0.831826 0.661572 0.835443 0.661572 0.837251 0.662664 0.837251 0.663755 0.840868 0.663755 0.840868 0.661572 0.842676 0.660480 0.846293 0.660480 0.848101 0.659389 0.857143 0.659389 0.860759 0.657205 0.862568 0.657205 0.864376 0.656114 0.866184 0.656114 0.866184 0.650655 0.853526 0.650655 0.851718 0.649563 0.849910 0.649563 0.848101 0.648472 0.848101 0.639738 0.844485 0.639738 0.842676 0.638646 0.842676 0.633188 0.839060 0.633188 0.839060 0.634279 0.837251 0.635371 0.837251 0.636463 0.835443 0.637555 0.835443 0.638646 0.833635 0.639738 0.833635 0.643013 0.831826 0.644105 0.828210 0.644105 0.828210 0.645197 0.826401 0.646288 0.826401 0.647380 0.822785 0.649563 0.804702 0.649563 0.802893 0.648472 0.802893 0.644105 0.804702 0.643013 0.808318 0.643013 0.808318 0.639738 0.810127 0.638646 0.810127 0.637555 0.811935 0.636463 0.811935 0.635371 0.813743 0.634279 0.813743 0.632096 0.815552 0.631004 0.815552 0.626638 0.817360 0.625546 0.819168 0.625546 0.819168 0.623362 0.822785 0.621179 0.822785 0.620087 0.824593 0.618996 0.824593 0.617904 0.826401 0.616812 0.830018 0.616812 0.830018 0.614629 0.831826 0.613537 0.831826 0.612445 0.837251 0.609170 0.839060 0.609170 0.839060 0.605895 0.840868 0.604803 0.840868 0.603712 0.842676 0.602620 0.842676 0.599345 0.844485 0.598253 0.844485 0.596070 0.846293 0.594978 0.846293 0.582969 0.848101 0.581878 0.849910 0.581878 0.849910 0.578603 0.846293 0.578603 0.844485 0.579694 0.844485 0.581878 0.842676 0.582969 0.842676 0.590611 0.840868 0.591703 0.840868 0.593886 0.839060 0.594978 0.837251 0.594978 0.835443 0.596070 0.835443 0.598253 0.833635 0.599345 0.830018 0.599345 0.828210 0.598253 0.828210 0.596070 0.830018 0.594978 0.830018 0.591703 0.822785 0.591703 0.820976 0.590611 0.817360 0.590611 0.817360 0.593886 0.815552 0.594978 0.815552 0.603712 0.813743 0.604803 0.810127 0.604803 0.808318 0.603712 0.808318 0.588428 0.806510 0.587336 0.801085 0.587336 0.801085 0.588428 0.797468 0.590611 0.793852 0.590611 0.792043 0.589520 0.788427 0.589520 0.784810 0.587336 0.784810 0.582969 0.783002 0.581878 0.783002 0.580786 0.781193 0.579694 0.781193 0.564410 0.779385 0.563319 0.779385 0.558952 0.777577 0.557860 0.777577 0.555677 0.775769 0.554585 0.775769 0.552402 0.777577 0.551310 0.777577 0.546943 0.779385 0.545852 0.779385 0.542576 0.781193 0.541485 0.781193 0.540393 0.784810 0.538210 0.784810 0.533843 0.786618 0.532751 0.786618 0.529476 0.788427 0.528384 0.788427 0.526201 0.783002 0.526201 0.779385 0.528384 0.779385 0.529476 0.777577 0.530568 0.775769 0.530568 0.773960 0.531659 0.773960 0.532751 0.768535 0.536026 0.768535 0.537118 0.766727 0.538210 0.764919 0.538210 0.764919 0.539301 0.763110 0.540393 0.763110 0.541485 0.761302 0.542576 0.761302 0.543668 0.757685 0.545852 0.757685 0.550218 0.755877 0.551310 0.755877 0.552402 0.754069 0.553493 0.752260 0.553493 0.752260 0.554585 0.750452 0.555677 0.750452 0.556769 0.748644 0.557860 0.748644 0.558952 0.746835 0.560044 0.746835 0.563319 0.743219 0.565502 0.743219 0.566594 0.741410 0.567686 0.739602 0.567686 0.739602 0.568777 0.735986 0.570961 0.735986 0.573144 0.734177 0.574236 0.732369 0.574236 0.725136 0.578603 0.725136 0.580786 0.723327 0.581878 0.719711 0.581878 0.717902 0.582969 0.716094 0.582969 0.716094 0.585153 0.714286 0.586245 0.707052 0.586245 0.705244 0.585153 0.705244 0.584061 0.699819 0.584061 0.698011 0.585153 0.698011 0.587336 0.696203 0.588428 0.692586 0.588428 0.688969 0.590611 0.683544 0.590611 0.681736 0.591703 0.679928 0.591703 0.672694 0.596070 0.672694 0.598253 0.670886 0.599345 0.658228 0.599345 0.656420 0.600437 0.654611 0.600437 0.650995 0.602620 0.647378 0.602620 0.645570 0.603712 0.634720 0.603712 0.632911 0.602620 0.632911 0.590611 0.631103 0.589520 0.631103 0.588428 0.629295 0.587336 0.629295 0.582969 0.627486 0.581878 0.627486 0.574236 0.623870 0.574236 0.623870 0.588428 0.622061 0.589520 0.614828 0.589520 0.614828 0.592795 0.616637 0.592795 0.618445 0.593886 0.618445 0.597162 0.614828 0.599345 0.614828 0.601528 0.613020 0.602620 0.598553 0.602620 0.596745 0.601528 0.596745 0.599345 0.591320 0.599345 0.591320 0.601528 0.593128 0.602620 0.593128 0.604803 0.591320 0.605895 0.587703 0.605895 0.587703 0.608079 0.584087 0.610262 0.580470 0.610262 0.578662 0.609170 0.578662 0.605895 0.576854 0.605895 0.575045 0.604803 0.575045 0.596070 0.569620 0.596070 0.567812 0.594978 0.567812 0.587336 0.569620 0.586245 0.571429 0.586245 0.571429 0.577511 0.573237 0.576419 0.573237 0.573144 0.571429 0.572052 0.571429 0.570961 0.569620 0.569869 0.569620 0.568777 0.567812 0.567686 0.567812 0.565502 0.562387 0.565502 0.560579 0.564410 0.560579 0.562227 0.562387 0.561135 0.564195 0.561135 0.564195 0.551310 0.555154 0.551310 0.553345 0.550218 0.553345 0.543668 0.549729 0.543668 0.549729 0.549127 0.547920 0.550218 0.544304 0.550218 0.542495 0.549127 0.542495 0.507642 0.544304 0.506550 0.544304 0.503275 0.546112 0.502183 0.547920 0.502183 0.547920 0.498908 0.549729 0.497817 0.562387 0.497817 0.562387 0.468341 0.564195 0.467249 0.564195 0.462882 0.562387 0.461790 0.562387 0.438865 0.558770 0.438865 0.558770 0.459607 0.556962 0.460699 0.553345 0.460699 0.551537 0.459607 0.551537 0.438865 0.547920 0.438865 0.546112 0.437773 0.546112 0.435590 0.547920 0.434498 0.551537 0.434498 0.553345 0.435590 0.553345 0.436681 0.556962 0.436681 0.556962 0.434498 0.560579 0.432314 0.562387 0.432314 0.562387 0.429039 0.564195 0.427948 0.567812 0.427948 0.569620 0.429039 0.569620 0.433406 0.573237 0.433406 0.573237 0.425764 0.575045 0.424672 0.578662 0.424672 0.578662 0.422489 0.580470 0.421397 0.587703 0.421397 0.589512 0.422489 0.589512 0.427948 0.591320 0.429039 0.598553 0.429039 0.600362 0.430131 0.600362 0.432314 0.620253 0.432314 0.622061 0.433406 0.625678 0.433406 0.625678 0.430131 0.627486 0.429039 0.641953 0.429039 0.643761 0.430131 0.643761 0.432314 0.652803 0.432314 0.654611 0.433406 0.658228 0.433406 0.658228 0.418122 0.660036 0.417031 0.663653 0.417031 0.665461 0.418122 0.665461 0.423581 0.669078 0.423581 0.669078 0.417031 0.670886 0.415939 0.674503 0.415939 0.676311 0.417031 0.676311 0.421397 0.679928 0.421397 0.679928 0.415939 0.681736 0.414847 0.683544 0.414847 0.683544 0.413755 0.685353 0.412664 0.685353 0.403930 0.687161 0.402838 0.690778 0.402838 0.692586 0.403930 0.694394 0.403930 0.696203 0.405022 0.696203 0.409389 0.701627 0.409389 0.701627 0.403930 0.703436 0.402838 0.716094 0.402838 0.717902 0.403930 0.717902 0.406114 0.721519 0.406114 0.721519 0.397380 0.717902 0.397380 0.717902 0.399563 0.716094 0.400655 0.712477 0.400655 0.710669 0.399563 0.710669 0.387555 0.712477 0.386463 0.716094 0.386463 0.717902 0.387555 0.717902 0.390830 0.721519 0.390830 0.721519 0.386463 0.714286 0.386463 0.712477 0.385371 0.712477 0.371179 0.714286 0.370087 0.721519 0.370087 0.721519 0.328603 0.723327 0.327511 0.723327 0.323144 0.725136 0.322052 0.732369 0.322052 0.732369 0.289301 0.734177 0.288210 0.737794 0.288210 0.739602 0.289301 0.739602 0.300218 0.743219 0.300218 0.743219 0.287118 0.741410 0.286026 0.741410 0.283843 0.739602 0.283843 0.737794 0.282751 0.737794 0.272926 0.739602 0.271834 0.745027 0.271834 0.745027 0.268559 0.743219 0.267467 0.743219 0.262009 0.745027 0.260917 0.745027 0.253275 0.746835 0.252183 0.746835 0.251092 0.748644 0.250000 0.752260 0.250000 0.754069 0.251092 0.754069 0.252183 0.755877 0.253275 0.755877 0.254367 0.757685 0.255459 0.757685 0.256550 0.759494 0.257642 0.759494 0.258734 0.761302 0.258734 0.763110 0.259825 0.763110 0.263100 0.764919 0.264192 0.764919 0.272926 0.766727 0.274017 0.766727 0.289301 0.768535 0.290393 0.768535 0.292576 0.770344 0.293668 0.770344 0.296943 0.768535 0.298035 0.763110 0.298035 0.763110 0.300218 0.761302 0.301310 0.759494 0.301310 0.759494 0.303493 0.757685 0.304585 0.757685 0.306769 0.764919 0.306769 0.766727 0.307860 0.766727 0.311135 0.764919 0.312227 0.761302 0.312227 0.757685 0.314410 0.757685 0.316594 0.761302 0.316594 0.763110 0.315502 0.766727 0.315502 0.768535 0.316594 0.768535 0.325328 0.770344 0.326419 0.770344 0.330786 0.773960 0.330786 0.773960 0.322052 0.775769 0.320961 0.775769 0.317686 0.779385 0.315502 0.783002 0.315502 0.783002 0.313319 0.784810 0.312227 0.786618 0.312227 0.786618 0.310044 0.784810 0.308952 0.783002 0.308952 0.781193 0.307860 0.781193 0.304585 0.783002 0.303493 0.784810 0.303493 0.784810 0.286026 0.775769 0.286026 0.773960 0.284934 0.773960 0.279476 0.772152 0.278384 0.772152 0.277293 0.770344 0.276201 0.770344 0.274017 0.772152 0.272926 0.772152 0.267467 0.770344 0.267467 0.768535 0.266376 0.768535 0.264192 0.766727 0.263100 0.766727 0.256550 0.768535 0.255459 0.773960 0.255459 0.773960 0.250000 0.775769 0.248908 0.779385 0.248908 0.781193 0.250000 0.781193 0.266376 0.784810 0.266376 0.784810 0.244541 0.786618 0.243450 0.788427 0.243450 0.788427 0.213974 0.790235 0.212882 0.790235 0.210699 0.792043 0.209607 0.795660 0.209607 0.797468 0.210699 0.797468 0.213974 0.795660 0.215066 0.795660 0.217249 0.797468 0.218341 0.797468 0.224891 0.804702 0.224891 0.804702 0.223799 0.806510 0.222707 0.806510 0.218341 0.808318 0.217249 0.815552 0.217249 0.815552 0.213974 0.819168 0.211790 0.820976 0.211790 0.822785 0.210699 0.826401 0.210699 0.826401 0.206332 0.828210 0.205240 0.831826 0.205240 0.833635 0.206332 0.833635 0.210699 0.837251 0.210699 0.837251 0.204148 0.840868 0.201965 0.840868 0.200873 0.842676 0.199782 0.842676 0.193231 0.840868 0.192140 0.840868 0.182314 0.842676 0.181223 0.842676 0.162664 0.844485 0.161572 0.846293 0.161572 0.846293 0.159389 0.844485 0.158297 0.844485 0.153930 0.840868 0.153930 0.839060 0.155022 0.839060 0.156114 0.837251 0.157205 0.837251 0.160480 0.835443 0.161572 0.835443 0.162664 0.833635 0.163755 0.833635 0.167031 0.831826 0.168122 0.830018 0.168122 0.830018 0.173581 0.828210 0.174672 0.828210 0.177948 0.826401 0.179039 0.826401 0.181223 0.824593 0.182314 0.817360 0.182314 0.817360 0.184498 0.819168 0.185590 0.819168 0.192140 0.817360 0.193231 0.811935 0.193231 0.808318 0.195415 0.802893 0.195415 0.801085 0.196507 0.797468 0.196507 0.795660 0.197598 0.786618 0.197598 0.784810 0.196507 0.784810 0.193231 0.779385 0.193231 0.779385 0.196507 0.775769 0.198690 0.764919 0.198690 0.764919 0.199782 0.763110 0.200873 0.759494 0.200873 0.757685 0.201965 0.743219 0.201965 0.741410 0.200873 0.741410 0.186681 0.735986 0.186681 0.734177 0.185590 0.734177 0.181223 0.728752 0.181223 0.726944 0.180131 0.726944 0.175764 0.728752 0.174672 0.732369 0.174672 0.732369 0.172489 0.730561 0.171397 0.730561 0.149563 0.732369 0.148472 0.732369 0.147380 0.734177 0.146288 0.734177 0.141921 0.732369 0.140830 0.732369 0.138646 0.734177 0.137555 0.741410 0.137555 0.741410 0.135371 0.739602 0.135371 0.737794 0.134279 0.737794 0.127729 0.739602 0.126638 0.745027 0.126638 0.746835 0.127729 0.746835 0.132096 0.748644 0.133188 0.748644 0.160480 0.752260 0.160480 0.752260 0.135371 0.754069 0.134279 0.757685 0.134279 0.759494 0.135371 0.759494 0.165939 0.763110 0.165939 0.763110 0.149563 0.764919 0.148472 0.773960 0.148472 0.773960 0.139738 0.775769 0.138646 0.784810 0.138646 0.784810 0.133188 0.786618 0.132096 0.788427 0.132096 0.788427 0.126638 0.790235 0.125546 0.793852 0.125546 0.795660 0.126638 0.795660 0.128821 0.802893 0.128821 0.802893 0.118996 0.790235 0.118996 0.788427 0.117904 0.788427 0.114629 0.784810 0.112445 0.784810 0.109170 0.775769 0.109170 0.773960 0.108079 0.773960 0.096070 0.764919 0.096070 0.763110 0.094978 0.763110 0.075328 0.759494 0.075328 0.759494 0.077511 0.757685 0.078603 0.757685 0.094978 0.759494 0.096070 0.759494 0.104803 0.757685 0.105895 0.754069 0.105895 0.752260 0.104803 0.752260 0.102620 0.745027 0.102620 0.741410 0.100437 0.741410 0.098253 0.743219 0.097162 0.750452 0.097162 0.750452 0.093886 0.746835 0.093886 0.745027 0.094978 0.732369 0.094978 0.730561 0.093886 0.730561 0.033843 0.732369 0.032751 0.735986 0.032751 0.737794 0.033843 0.737794 0.040393 0.745027 0.040393 0.746835 0.041485 0.746835 0.046943 0.750452 0.046943 0.750452 0.020742 0.746835 0.020742 0.745027 0.021834 0.732369 0.021834 0.730561 0.020742 0.730561 0.014192 0.732369 0.013100 0.745027 0.013100 0.746835 0.014192 0.746835 0.016376 0.750452 0.016376 0.750452 0.006550 0.743219 0.006550 0.741410 0.005459 0.741410 0.000000 0.716094 0.000000 0.716094 0.044760 0.719711 0.044760 0.719711 0.029476 0.721519 0.028384 0.725136 0.028384 0.726944 0.029476 0.726944 0.090611 0.725136 0.091703 0.721519 0.091703 0.719711 0.090611 0.719711 0.063319 0.716094 0.063319 0.716094 0.092795 0.714286 0.093886 0.710669 0.093886 0.708861 0.092795 0.708861 0.054585 0.701627 0.054585 0.699819 0.053493 0.694394 0.053493 0.694394 0.088428 0.692586 0.089520 0.688969 0.089520 0.688969 0.093886 0.687161 0.094978 0.679928 0.094978 0.678119 0.093886 0.678119 0.077511 0.676311 0.076419 0.676311 0.053493 0.661844 0.053493 0.661844 0.076419 0.660036 0.077511 0.656420 0.077511 0.654611 0.076419 0.654611 0.067686 0.647378 0.067686 0.645570 0.066594 0.645570 0.057860 0.647378 0.056769 0.654611 0.056769 0.654611 0.053493 0.652803 0.052402 0.652803 0.049127 0.654611 0.048035 0.656420 0.048035 0.658228 0.046943 0.667269 0.046943 0.667269 0.045852 0.669078 0.044760 0.676311 0.044760 0.676311 0.017467 0.678119 0.016376 0.678119 0.007642 0.676311 0.006550 0.676311 0.000000 0.672694 0.000000 0.672694 0.004367 0.670886 0.005459 0.667269 0.005459 0.665461 0.004367 0.665461 0.000000 0.661844 0.000000 0.661844 0.013100 0.660036 0.014192 0.656420 0.014192 0.654611 0.013100 0.654611 0.000000 0.641953 0.000000 0.641953 0.013100 0.649186 0.013100 0.650995 0.014192 0.650995 0.016376 0.649186 0.017467 0.640145 0.017467 0.640145 0.020742 0.641953 0.021834 0.641953 0.045852 0.649186 0.045852 0.650995 0.046943 0.650995 0.050218 0.649186 0.051310 0.649186 0.053493 0.647378 0.054585 0.641953 0.054585 0.641953 0.078603 0.640145 0.079694 0.636528 0.079694 0.634720 0.078603 0.634720 0.056769 0.625678 0.056769 0.623870 0.055677 0.623870 0.051310 0.625678 0.050218 0.629295 0.050218 0.629295 0.048035 0.625678 0.048035 0.623870 0.046943 0.623870 0.000000 0.620253 0.000000 0.620253 0.009825 0.618445 0.010917 0.614828 0.010917 0.613020 0.009825 0.613020 0.000000 0.609403 0.000000 0.609403 0.045852 0.607595 0.046943 0.603978 0.046943 0.602170 0.045852 0.602170 0.003275 0.598553 0.003275 0.598553 0.004367 0.596745 0.005459 0.593128 0.005459 0.591320 0.004367 0.591320 0.000000 0.587703 0.000000 0.587703 0.043668 0.589512 0.043668 0.591320 0.044760 0.591320 0.048035 0.589512 0.049127 0.584087 0.049127 0.584087 0.052402 0.585895 0.052402 0.589512 0.054585 0.589512 0.061135 0.587703 0.062227 0.587703 0.076419 0.585895 0.077511 0.582278 0.077511 0.582278 0.079694 0.580470 0.080786 0.576854 0.080786 0.575045 0.079694 0.575045 0.076419 0.576854 0.075328 0.576854 0.073144 0.575045 0.072052 0.575045 0.069869 0.573237 0.069869 0.571429 0.068777 0.571429 0.053493 0.573237 0.052402 0.573237 0.051310 0.575045 0.050218 0.575045 0.048035 0.573237 0.048035 0.571429 0.046943 0.571429 0.000000 0.567812 0.000000 0.567812 0.045852 0.566004 0.046943 0.562387 0.046943 0.560579 0.045852 0.560579 0.000000 0.546112 0.000000 0.546112 0.044760 0.549729 0.044760 0.549729 0.042576 0.551537 0.041485 0.555154 0.041485 0.556962 0.042576 0.556962 0.045852 0.558770 0.045852 0.560579 0.046943 0.560579 0.053493 0.558770 0.054585 0.556962 0.054585 0.556962 0.056769 0.555154 0.057860 0.551537 0.057860 0.549729 0.056769 0.549729 0.053493 0.547920 0.053493 0.546112 0.052402 0.546112 0.050218 0.544304 0.049127 0.540687 0.049127 0.538879 0.048035 0.538879 0.000000 0.535262 0.000000 0.535262 0.025109 0.533454 0.026201 0.533454 0.028384 0.535262 0.029476 0.535262 0.045852 0.533454 0.046943 0.529837 0.046943 0.529837 0.054585 0.533454 0.054585 0.535262 0.055677 0.535262 0.061135 0.533454 0.062227 0.528029 0.062227 0.528029 0.068777 0.526221 0.069869 0.522604 0.069869 0.520796 0.068777 0.520796 0.065502 0.517179 0.063319 0.517179 0.054585 0.513562 0.054585 0.513562 0.055677 0.511754 0.056769 0.504521 0.056769 0.502712 0.055677 0.502712 0.051310 0.500904 0.050218 0.500904 0.046943 0.502712 0.045852 0.511754 0.045852 0.513562 0.046943 0.513562 0.048035 0.517179 0.048035 0.517179 0.020742 0.518987 0.019651 0.518987 0.017467 0.517179 0.016376 0.517179 0.000000 0.513562 0.000000 0.513562 0.018559 0.511754 0.019651 0.508137 0.019651 0.506329 0.018559 0.506329 0.000000 0.502712 0.000000 0.502712 0.045852 0.500904 0.046943 0.497288 0.046943 0.495479 0.045852 0.495479 0.008734 0.488246 0.008734 0.486438 0.007642 0.486438 0.000000 0.482821 0.000000 0.482821 0.003275 0.481013 0.004367 0.481013 0.028384 0.482821 0.029476 0.482821 0.039301 0.481013 0.040393 0.481013 0.043668 0.482821 0.044760 0.484629 0.044760 0.486438 0.045852 0.486438 0.048035 0.484629 0.049127 0.477396 0.049127 0.477396 0.054585 0.479204 0.054585 0.481013 0.055677 0.481013 0.056769 0.482821 0.057860 0.482821 0.060044 0.481013 0.061135 0.481013 0.065502 0.479204 0.066594 0.479204 0.072052 0.477396 0.073144 0.475588 0.073144 0.475588 0.076419 0.473779 0.077511 0.468354 0.077511 0.466546 0.076419 0.466546 0.075328 0.464738 0.074236 0.464738 0.054585 0.459313 0.054585 0.457505 0.053493 0.457505 0.049127 0.459313 0.048035 0.464738 0.048035 0.464738 0.030568 0.461121 0.030568 0.461121 0.044760 0.459313 0.045852 0.455696 0.045852 0.453888 0.044760 0.453888 0.005459 0.450271 0.005459 0.450271 0.048035 0.448463 0.049127 0.444846 0.049127 0.443038 0.048035 0.443038 0.000000 0.439421 0.000000 0.439421 0.045852 0.437613 0.046943 0.433996 0.046943 0.432188 0.045852 0.432188 0.000000 0.428571 0.000000 0.428571 0.032751 0.426763 0.033843 0.426763 0.036026 0.428571 0.037118 0.428571 0.046943 0.433996 0.046943 0.435805 0.048035 0.435805 0.049127 0.443038 0.049127 0.444846 0.050218 0.444846 0.052402 0.448463 0.052402 0.450271 0.053493 0.450271 0.063319 0.448463 0.064410 0.444846 0.064410 0.443038 0.063319 0.443038 0.054585 0.439421 0.054585 0.439421 0.068777 0.437613 0.069869 0.433996 0.069869 0.432188 0.068777 0.432188 0.054585 0.428571 0.054585 0.428571 0.070961 0.424955 0.073144 0.421338 0.073144 0.421338 0.074236 0.419530 0.075328 0.414105 0.075328 0.412297 0.074236 0.412297 0.054585 0.403255 0.054585 0.401447 0.053493 0.396022 0.053493 0.394213 0.054585 0.386980 0.054585 0.386980 0.081878 0.388788 0.081878 0.390597 0.082969 0.390597 0.087336 0.388788 0.088428 0.381555 0.088428 0.379747 0.087336 0.379747 0.064410 0.376130 0.064410 0.376130 0.096070 0.374322 0.097162 0.374322 0.098253 0.372514 0.099345 0.368897 0.099345 0.368897 0.105895 0.370705 0.106987 0.370705 0.110262 0.368897 0.111354 0.365280 0.111354 0.363472 0.110262 0.363472 0.109170 0.359855 0.109170 0.358047 0.108079 0.358047 0.103712 0.359855 0.102620 0.361664 0.102620 0.361664 0.099345 0.359855 0.099345 0.358047 0.098253 0.358047 0.055677 0.354430 0.055677 0.354430 0.097162 0.356239 0.097162 0.358047 0.098253 0.358047 0.101528 0.356239 0.102620 0.354430 0.102620 0.354430 0.108079 0.352622 0.109170 0.349005 0.109170 0.347197 0.108079 0.347197 0.089520 0.343580 0.089520 0.341772 0.088428 0.341772 0.086245 0.343580 0.085153 0.347197 0.085153 0.347197 0.055677 0.343580 0.055677 0.343580 0.080786 0.341772 0.081878 0.338156 0.081878 0.336347 0.080786 0.336347 0.060044 0.332731 0.060044 0.332731 0.061135 0.330922 0.062227 0.325497 0.062227 0.323689 0.061135 0.321881 0.061135 0.320072 0.060044 0.320072 0.058952 0.316456 0.058952 0.316456 0.060044 0.314647 0.061135 0.307414 0.061135 0.305606 0.060044 0.305606 0.058952 0.301989 0.058952 0.301989 0.061135 0.305606 0.061135 0.307414 0.062227 0.307414 0.065502 0.305606 0.066594 0.305606 0.073144 0.301989 0.075328 0.296564 0.075328 0.294756 0.074236 0.294756 0.055677 0.291139 0.055677 0.291139 0.077511 0.294756 0.077511 0.296564 0.078603 0.296564 0.080786 0.294756 0.081878 0.294756 0.088428 0.292948 0.089520 0.291139 0.089520 0.289331 0.090611 0.285714 0.090611 0.283906 0.089520 0.283906 0.055677 0.280289 0.055677 0.280289 0.077511 0.278481 0.078603 0.274864 0.078603 0.273056 0.077511 0.273056 0.054585 0.269439 0.054585 0.269439 0.073144 0.267631 0.074236 0.258590 0.074236 0.256781 0.073144 0.256781 0.050218 0.253165 0.048035 0.253165 0.046943 0.251356 0.045852 0.251356 0.021834 0.247740 0.021834 0.247740 0.029476 0.245931 0.030568 0.242315 0.030568 0.240506 0.029476 0.240506 0.000000 0.236890 0.000000 0.236890 0.025109 0.235081 0.026201 0.231465 0.026201 0.229656 0.025109 0.229656 0.010917 0.222423 0.010917 0.220615 0.009825 0.220615 0.008734 0.218807 0.007642 0.218807 0.000000