0 0.797583 0.947123 0.797583 0.984448 0.803625 0.984448 0.803625 0.959565 0.806647 0.958009 0.812689 0.958009 0.815710 0.959565 0.815710 0.982893 0.821752 0.982893 0.821752 0.947123
0 0.975831 0.902022 0.975831 0.912908 0.972810 0.914463 0.966767 0.914463 0.963746 0.912908 0.963746 0.908243 0.957704 0.908243 0.957704 0.933126 0.963746 0.933126 0.963746 0.920684 0.966767 0.919129 0.972810 0.919129 0.975831 0.920684 0.975831 0.940902 0.981873 0.940902 0.981873 0.939347 0.984894 0.937792 0.996979 0.937792 0.996979 0.930016 0.984894 0.930016 0.981873 0.928460 0.981873 0.925350 0.984894 0.923795 0.996979 0.923795 0.996979 0.902022
0 0.939577 0.900467 0.939577 0.939347 0.945619 0.939347 0.945619 0.900467
0 0.975831 0.718507 0.975831 0.757387 0.996979 0.757387 0.996979 0.748056 0.984894 0.748056 0.981873 0.746501 0.981873 0.735614 0.984894 0.734059 0.996979 0.734059 0.996979 0.730949 0.984894 0.730949 0.981873 0.729393 0.981873 0.724728 0.984894 0.723173 0.996979 0.723173 0.996979 0.718507
0 0.015106 0.718507 0.015106 0.794712 0.021148 0.794712 0.021148 0.718507
0 0.069486 0.679627 0.069486 0.712286 0.075529 0.712286 0.075529 0.699844 0.078550 0.698289 0.084592 0.698289 0.087613 0.699844 0.087613 0.710731 0.111782 0.710731 0.111782 0.692068 0.105740 0.692068 0.105740 0.696734 0.102719 0.698289 0.096677 0.698289 0.093656 0.696734 0.093656 0.690513 0.087613 0.690513 0.087613 0.693624 0.084592 0.695179 0.078550 0.695179 0.075529 0.693624 0.075529 0.679627
0 0.975831 0.657854 0.975831 0.706065 0.981873 0.706065 0.981873 0.657854
0 0.105740 0.636081 0.105740 0.656299 0.102719 0.657854 0.096677 0.657854 0.093656 0.656299 0.093656 0.651633 0.087613 0.651633 0.087613 0.665630 0.093656 0.665630 0.093656 0.662519 0.096677 0.660964 0.111782 0.660964 0.111782 0.636081
0 0.939577 0.629860 0.939577 0.685848 0.945619 0.685848 0.945619 0.629860
0 0.069486 0.525661 0.069486 0.528771 0.066465 0.530327 0.060423 0.530327 0.060423 0.533437 0.057402 0.534992 0.051360 0.534992 0.048338 0.533437 0.048338 0.530327 0.042296 0.530327 0.042296 0.533437 0.048338 0.533437 0.051360 0.534992 0.051360 0.538103 0.057402 0.538103 0.057402 0.536547 0.060423 0.534992 0.066465 0.534992 0.069486 0.536547 0.069486 0.538103 0.075529 0.538103 0.075529 0.534992 0.078550 0.533437 0.084592 0.533437 0.087613 0.534992 0.087613 0.538103 0.093656 0.538103 0.093656 0.536547 0.096677 0.534992 0.099698 0.534992 0.099698 0.530327 0.078550 0.530327 0.075529 0.528771 0.075529 0.525661
0 0.848943 0.398134 0.848943 0.399689 0.845921 0.401244 0.845921 0.405910 0.848943 0.407465 0.848943 0.418351 0.858006 0.418351 0.858006 0.402799 0.861027 0.401244 0.882175 0.401244 0.885196 0.402799 0.885196 0.435459 0.891239 0.435459 0.891239 0.398134
0 0.842900 0.300156 0.842900 0.304821 0.845921 0.304821 0.848943 0.306376 0.848943 0.309487 0.845921 0.311042 0.845921 0.321928 0.848943 0.323484 0.848943 0.326594 0.858006 0.326594 0.858006 0.318818 0.861027 0.317263 0.882175 0.317263 0.885196 0.318818 0.885196 0.323484 0.891239 0.323484 0.891239 0.314152 0.879154 0.314152 0.876133 0.312597 0.876133 0.306376 0.879154 0.304821 0.885196 0.304821 0.885196 0.300156
0 0.450151 0.080871 0.450151 0.083981 0.447130 0.085537 0.441088 0.085537 0.438066 0.083981 0.438066 0.082426 0.432024 0.082426 0.432024 0.083981 0.429003 0.085537 0.422961 0.085537 0.419940 0.083981 0.419940 0.082426 0.413897 0.082426 0.413897 0.083981 0.410876 0.085537 0.407855 0.085537 0.407855 0.087092 0.404834 0.088647 0.401813 0.088647 0.401813 0.094868 0.404834 0.094868 0.407855 0.096423 0.407855 0.097978 0.413897 0.097978 0.413897 0.096423 0.416918 0.094868 0.419940 0.094868 0.422961 0.093313 0.441088 0.093313 0.444109 0.094868 0.444109 0.097978 0.447130 0.097978 0.450151 0.099533 0.450151 0.102644 0.447130 0.104199 0.444109 0.104199 0.444109 0.107309 0.447130 0.107309 0.450151 0.108865 0.450151 0.111975 0.474320 0.111975 0.474320 0.107309 0.459215 0.107309 0.456193 0.105754 0.456193 0.087092 0.459215 0.085537 0.459215 0.080871
0 0.555891 0.017107 0.555891 0.020218 0.558912 0.021773 0.558912 0.029549 0.555891 0.031104 0.549849 0.031104 0.546828 0.029549 0.546828 0.026439 0.540785 0.026439 0.540785 0.032659 0.537764 0.034215 0.489426 0.034215 0.489426 0.038880 0.492447 0.038880 0.495468 0.040435 0.495468 0.043546 0.492447 0.045101 0.489426 0.045101 0.489426 0.048212 0.492447 0.048212 0.495468 0.049767 0.495468 0.052877 0.501511 0.052877 0.501511 0.049767 0.504532 0.048212 0.510574 0.048212 0.513595 0.049767 0.513595 0.051322 0.522659 0.051322 0.525680 0.052877 0.525680 0.055988 0.528701 0.057543 0.528701 0.060653 0.525680 0.062208 0.522659 0.062208 0.522659 0.065319 0.528701 0.068429 0.534743 0.068429 0.540785 0.071540 0.546828 0.071540 0.549849 0.069984 0.549849 0.068429 0.552870 0.066874 0.564955 0.066874 0.564955 0.017107
0 0.592145 0.000000 0.592145 0.001555 0.607251 0.001555 0.610272 0.003110 0.610272 0.006221 0.607251 0.007776 0.592145 0.007776 0.592145 0.015552 0.589124 0.017107 0.577039 0.017107 0.577039 0.038880 0.589124 0.038880 0.592145 0.040435 0.592145 0.043546 0.589124 0.045101 0.577039 0.045101 0.577039 0.071540 0.583082 0.071540 0.586103 0.069984 0.625378 0.069984 0.628399 0.071540 0.628399 0.076205 0.625378 0.077760 0.619335 0.077760 0.616314 0.076205 0.595166 0.076205 0.589124 0.079316 0.574018 0.079316 0.570997 0.080871 0.558912 0.080871 0.555891 0.079316 0.555891 0.077760 0.549849 0.077760 0.549849 0.079316 0.546828 0.080871 0.540785 0.080871 0.540785 0.083981 0.546828 0.083981 0.549849 0.085537 0.549849 0.088647 0.546828 0.090202 0.531722 0.090202 0.528701 0.088647 0.528701 0.080871 0.501511 0.080871 0.501511 0.085537 0.504532 0.087092 0.504532 0.096423 0.501511 0.097978 0.489426 0.097978 0.489426 0.104199 0.501511 0.104199 0.504532 0.105754 0.504532 0.113530 0.501511 0.115086 0.501511 0.118196 0.504532 0.119751 0.504532 0.124417 0.501511 0.125972 0.489426 0.125972 0.489426 0.160187 0.498489 0.160187 0.504532 0.163297 0.504532 0.166407 0.498489 0.169518 0.489426 0.169518 0.489426 0.174184 0.486405 0.175739 0.486405 0.180404 0.489426 0.181960 0.489426 0.185070 0.486405 0.186625 0.486405 0.189736 0.483384 0.191291 0.477341 0.191291 0.474320 0.189736 0.474320 0.125972 0.468278 0.125972 0.465257 0.127527 0.444109 0.127527 0.441088 0.125972 0.432024 0.125972 0.432024 0.129082 0.429003 0.130638 0.425982 0.130638 0.425982 0.133748 0.422961 0.135303 0.413897 0.135303 0.413897 0.143079 0.410876 0.144635 0.380665 0.144635 0.380665 0.147745 0.392749 0.147745 0.398792 0.150855 0.398792 0.157076 0.404834 0.157076 0.407855 0.158631 0.407855 0.160187 0.410876 0.160187 0.413897 0.161742 0.419940 0.161742 0.422961 0.160187 0.429003 0.160187 0.432024 0.161742 0.438066 0.161742 0.441088 0.160187 0.447130 0.160187 0.450151 0.161742 0.465257 0.161742 0.468278 0.163297 0.468278 0.166407 0.465257 0.167963 0.435045 0.167963 0.429003 0.171073 0.398792 0.171073 0.398792 0.194401 0.395770 0.195956 0.389728 0.195956 0.386707 0.194401 0.386707 0.174184 0.383686 0.172628 0.383686 0.171073 0.377644 0.171073 0.374622 0.172628 0.362538 0.172628 0.362538 0.175739 0.368580 0.175739 0.371601 0.177294 0.371601 0.180404 0.368580 0.181960 0.356495 0.181960 0.353474 0.180404 0.344411 0.180404 0.341390 0.178849 0.341390 0.177294 0.338369 0.177294 0.335347 0.175739 0.335347 0.169518 0.332326 0.167963 0.332326 0.166407 0.329305 0.164852 0.329305 0.158631 0.332326 0.157076 0.332326 0.153966 0.329305 0.152411 0.329305 0.141524 0.332326 0.139969 0.335347 0.139969 0.335347 0.135303 0.329305 0.135303 0.326284 0.133748 0.326284 0.130638 0.329305 0.129082 0.335347 0.129082 0.335347 0.125972 0.329305 0.125972 0.329305 0.129082 0.326284 0.130638 0.314199 0.130638 0.314199 0.150855 0.317221 0.152411 0.317221 0.160187 0.320242 0.161742 0.320242 0.167963 0.317221 0.169518 0.314199 0.169518 0.314199 0.175739 0.317221 0.177294 0.317221 0.178849 0.320242 0.178849 0.323263 0.180404 0.323263 0.183515 0.326284 0.185070 0.326284 0.188180 0.329305 0.189736 0.329305 0.206843 0.326284 0.208398 0.326284 0.213064 0.323263 0.214619 0.317221 0.214619 0.317221 0.227061 0.323263 0.227061 0.326284 0.228616 0.326284 0.230171 0.341390 0.230171 0.344411 0.231726 0.344411 0.248834 0.359517 0.248834 0.362538 0.250389 0.362538 0.253499 0.368580 0.253499 0.371601 0.251944 0.386707 0.251944 0.386707 0.228616 0.389728 0.227061 0.395770 0.227061 0.398792 0.228616 0.398792 0.250389 0.410876 0.250389 0.413897 0.251944 0.447130 0.251944 0.450151 0.253499 0.474320 0.253499 0.474320 0.209953 0.477341 0.208398 0.483384 0.208398 0.486405 0.209953 0.486405 0.245723 0.489426 0.247278 0.489426 0.251944 0.498489 0.251944 0.504532 0.255054 0.504532 0.258165 0.498489 0.261275 0.489426 0.261275 0.489426 0.265941 0.486405 0.267496 0.486405 0.278383 0.483384 0.279938 0.477341 0.279938 0.474320 0.278383 0.474320 0.261275 0.459215 0.261275 0.456193 0.259720 0.450151 0.259720 0.447130 0.261275 0.407855 0.261275 0.404834 0.259720 0.398792 0.259720 0.398792 0.262830 0.395770 0.264386 0.389728 0.264386 0.386707 0.262830 0.386707 0.261275 0.371601 0.261275 0.368580 0.259720 0.362538 0.259720 0.359517 0.261275 0.353474 0.261275 0.350453 0.259720 0.344411 0.259720 0.344411 0.267496 0.341390 0.269051 0.341390 0.272162 0.338369 0.273717 0.326284 0.273717 0.326284 0.286159 0.323263 0.287714 0.320242 0.287714 0.314199 0.290824 0.314199 0.293935 0.320242 0.293935 0.323263 0.295490 0.323263 0.297045 0.326284 0.298600 0.326284 0.335925 0.323263 0.337481 0.311178 0.337481 0.311178 0.340591 0.341390 0.340591 0.344411 0.342146 0.350453 0.342146 0.353474 0.343701 0.353474 0.345257 0.383686 0.345257 0.383686 0.343701 0.386707 0.342146 0.386707 0.337481 0.389728 0.335925 0.395770 0.335925 0.398792 0.337481 0.398792 0.359253 0.395770 0.360809 0.389728 0.360809 0.386707 0.359253 0.386707 0.351477 0.377644 0.351477 0.377644 0.353033 0.374622 0.354588 0.365559 0.354588 0.362538 0.353033 0.341390 0.353033 0.341390 0.354588 0.338369 0.356143 0.311178 0.356143 0.311178 0.359253 0.314199 0.359253 0.317221 0.360809 0.317221 0.363919 0.323263 0.363919 0.326284 0.365474 0.326284 0.377916 0.338369 0.377916 0.341390 0.379471 0.341390 0.382582 0.338369 0.384137 0.326284 0.384137 0.326284 0.399689 0.323263 0.401244 0.311178 0.401244 0.311178 0.405910 0.314199 0.405910 0.317221 0.407465 0.317221 0.409020 0.323263 0.409020 0.326284 0.410575 0.326284 0.413686 0.323263 0.415241 0.317221 0.415241 0.317221 0.418351 0.314199 0.419907 0.311178 0.419907 0.311178 0.423017 0.323263 0.423017 0.326284 0.424572 0.326284 0.433904 0.356495 0.433904 0.362538 0.437014 0.368580 0.437014 0.371601 0.435459 0.395770 0.435459 0.398792 0.437014 0.425982 0.437014 0.429003 0.438569 0.429003 0.441680 0.425982 0.443235 0.359517 0.443235 0.356495 0.444790 0.350453 0.444790 0.347432 0.443235 0.326284 0.443235 0.326284 0.444790 0.323263 0.446345 0.308157 0.446345 0.308157 0.451011 0.311178 0.452566 0.311178 0.458787 0.323263 0.458787 0.326284 0.460342 0.326284 0.463453 0.323263 0.465008 0.311178 0.465008 0.311178 0.468118 0.308157 0.469673 0.308157 0.483670 0.305136 0.485226 0.299094 0.485226 0.296073 0.483670 0.296073 0.465008 0.293051 0.465008 0.290030 0.463453 0.290030 0.461897 0.283988 0.461897 0.280967 0.460342 0.280967 0.452566 0.283988 0.451011 0.296073 0.451011 0.296073 0.446345 0.290030 0.446345 0.287009 0.444790 0.287009 0.443235 0.280967 0.443235 0.277946 0.444790 0.265861 0.444790 0.262840 0.446345 0.253776 0.446345 0.253776 0.451011 0.259819 0.451011 0.262840 0.452566 0.262840 0.463453 0.259819 0.465008 0.259819 0.469673 0.262840 0.469673 0.265861 0.471229 0.265861 0.472784 0.268882 0.472784 0.271903 0.474339 0.271903 0.479005 0.274924 0.480560 0.274924 0.489891 0.271903 0.491446 0.265861 0.491446 0.262840 0.489891 0.262840 0.483670 0.253776 0.483670 0.253776 0.491446 0.250755 0.493002 0.241692 0.493002 0.241692 0.497667 0.244713 0.497667 0.247734 0.499222 0.247734 0.510109 0.250755 0.511664 0.250755 0.517885 0.247734 0.519440 0.238671 0.519440 0.235650 0.517885 0.235650 0.516330 0.229607 0.516330 0.229607 0.519440 0.241692 0.519440 0.244713 0.520995 0.244713 0.528771 0.241692 0.530327 0.241692 0.536547 0.250755 0.536547 0.253776 0.538103 0.253776 0.542768 0.250755 0.544323 0.247734 0.544323 0.247734 0.547434 0.250755 0.547434 0.253776 0.548989 0.253776 0.561431 0.250755 0.562986 0.247734 0.562986 0.247734 0.575428 0.250755 0.575428 0.253776 0.576983 0.253776 0.580093 0.250755 0.581649 0.247734 0.581649 0.247734 0.601866 0.244713 0.603421 0.241692 0.603421 0.241692 0.606532 0.244713 0.606532 0.247734 0.608087 0.247734 0.618974 0.253776 0.618974 0.253776 0.590980 0.256798 0.589425 0.262840 0.589425 0.265861 0.590980 0.265861 0.594090 0.268882 0.594090 0.271903 0.595645 0.271903 0.597201 0.277946 0.597201 0.280967 0.598756 0.280967 0.601866 0.277946 0.603421 0.271903 0.603421 0.271903 0.606532 0.274924 0.606532 0.277946 0.608087 0.277946 0.615863 0.280967 0.617418 0.280967 0.618974 0.290030 0.618974 0.290030 0.608087 0.293051 0.606532 0.293051 0.601866 0.290030 0.600311 0.290030 0.589425 0.293051 0.587869 0.296073 0.587869 0.296073 0.534992 0.283988 0.534992 0.280967 0.533437 0.280967 0.530327 0.283988 0.528771 0.296073 0.528771 0.296073 0.508554 0.299094 0.506998 0.305136 0.506998 0.308157 0.508554 0.308157 0.520995 0.311178 0.522551 0.311178 0.533437 0.308157 0.534992 0.308157 0.544323 0.311178 0.545879 0.311178 0.580093 0.314199 0.580093 0.317221 0.581649 0.317221 0.583204 0.323263 0.583204 0.326284 0.584759 0.326284 0.587869 0.338369 0.587869 0.341390 0.589425 0.341390 0.592535 0.338369 0.594090 0.326284 0.594090 0.326284 0.597201 0.338369 0.597201 0.341390 0.598756 0.341390 0.606532 0.338369 0.608087 0.335347 0.608087 0.335347 0.609642 0.332326 0.611198 0.326284 0.611198 0.323263 0.609642 0.323263 0.608087 0.317221 0.608087 0.317221 0.611198 0.320242 0.611198 0.323263 0.612753 0.323263 0.615863 0.329305 0.615863 0.329305 0.612753 0.332326 0.611198 0.341390 0.611198 0.341390 0.608087 0.344411 0.606532 0.350453 0.606532 0.353474 0.608087 0.353474 0.617418 0.356495 0.617418 0.359517 0.618974 0.365559 0.618974 0.368580 0.617418 0.374622 0.617418 0.377644 0.618974 0.386707 0.618974 0.386707 0.617418 0.389728 0.615863 0.398792 0.615863 0.401813 0.617418 0.401813 0.618974 0.410876 0.618974 0.413897 0.620529 0.413897 0.625194 0.410876 0.626750 0.377644 0.626750 0.374622 0.628305 0.371601 0.628305 0.368580 0.629860 0.362538 0.629860 0.359517 0.628305 0.353474 0.628305 0.353474 0.639191 0.350453 0.640747 0.344411 0.640747 0.341390 0.639191 0.341390 0.628305 0.335347 0.628305 0.335347 0.639191 0.332326 0.640747 0.326284 0.640747 0.323263 0.639191 0.323263 0.636081 0.317221 0.636081 0.317221 0.639191 0.314199 0.640747 0.311178 0.640747 0.311178 0.665630 0.323263 0.665630 0.326284 0.667185 0.326284 0.673406 0.323263 0.674961 0.311178 0.674961 0.311178 0.687403 0.323263 0.687403 0.326284 0.688958 0.338369 0.688958 0.341390 0.690513 0.341390 0.693624 0.338369 0.695179 0.311178 0.695179 0.311178 0.720062 0.308157 0.721617 0.308157 0.746501 0.305136 0.748056 0.299094 0.748056 0.296073 0.746501 0.296073 0.721617 0.293051 0.721617 0.290030 0.720062 0.274924 0.720062 0.271903 0.718507 0.265861 0.718507 0.262840 0.716952 0.256798 0.716952 0.253776 0.715397 0.253776 0.710731 0.256798 0.709176 0.262840 0.709176 0.265861 0.710731 0.287009 0.710731 0.290030 0.709176 0.290030 0.707621 0.293051 0.706065 0.293051 0.690513 0.296073 0.688958 0.296073 0.674961 0.280967 0.674961 0.277946 0.673406 0.277946 0.668740 0.280967 0.667185 0.280967 0.662519 0.283988 0.660964 0.296073 0.660964 0.296073 0.646967 0.287009 0.646967 0.283988 0.645412 0.283988 0.640747 0.287009 0.639191 0.290030 0.639191 0.290030 0.636081 0.280967 0.636081 0.280967 0.642302 0.277946 0.643857 0.277946 0.645412 0.274924 0.646967 0.271903 0.646967 0.268882 0.648523 0.253776 0.648523 0.253776 0.651633 0.268882 0.651633 0.271903 0.653188 0.271903 0.656299 0.268882 0.657854 0.238671 0.657854 0.235650 0.656299 0.235650 0.645412 0.229607 0.645412 0.229607 0.656299 0.232628 0.656299 0.235650 0.657854 0.235650 0.660964 0.238671 0.660964 0.241692 0.662519 0.241692 0.665630 0.238671 0.667185 0.238671 0.673406 0.235650 0.674961 0.235650 0.682737 0.232628 0.684292 0.223565 0.684292 0.223565 0.688958 0.226586 0.688958 0.229607 0.690513 0.229607 0.693624 0.226586 0.695179 0.223565 0.695179 0.223565 0.698289 0.226586 0.699844 0.226586 0.702955 0.220544 0.706065 0.220544 0.709176 0.223565 0.710731 0.223565 0.715397 0.220544 0.716952 0.220544 0.724728 0.217523 0.726283 0.211480 0.726283 0.208459 0.724728 0.208459 0.718507 0.193353 0.718507 0.190332 0.716952 0.181269 0.716952 0.178248 0.715397 0.178248 0.713841 0.175227 0.712286 0.175227 0.709176 0.178248 0.707621 0.208459 0.707621 0.208459 0.704510 0.202417 0.704510 0.199396 0.702955 0.199396 0.688958 0.193353 0.688958 0.193353 0.692068 0.190332 0.693624 0.184290 0.693624 0.181269 0.692068 0.181269 0.673406 0.184290 0.671851 0.190332 0.671851 0.193353 0.673406 0.193353 0.676516 0.199396 0.676516 0.199396 0.673406 0.193353 0.673406 0.190332 0.671851 0.190332 0.667185 0.166163 0.667185 0.163142 0.665630 0.163142 0.636081 0.157100 0.636081 0.157100 0.651633 0.154079 0.653188 0.138973 0.653188 0.138973 0.656299 0.154079 0.656299 0.157100 0.657854 0.157100 0.665630 0.163142 0.665630 0.166163 0.667185 0.166163 0.671851 0.172205 0.671851 0.175227 0.673406 0.175227 0.692068 0.172205 0.693624 0.166163 0.693624 0.163142 0.692068 0.163142 0.679627 0.157100 0.679627 0.157100 0.693624 0.154079 0.695179 0.148036 0.695179 0.145015 0.693624 0.145015 0.690513 0.138973 0.690513 0.138973 0.702955 0.145015 0.702955 0.148036 0.704510 0.148036 0.712286 0.151057 0.713841 0.151057 0.724728 0.148036 0.726283 0.138973 0.726283 0.138973 0.740280 0.135952 0.741835 0.132931 0.741835 0.132931 0.752722 0.135952 0.752722 0.138973 0.754277 0.138973 0.757387 0.141994 0.757387 0.145015 0.758942 0.145015 0.763608 0.141994 0.765163 0.135952 0.765163 0.135952 0.768274 0.141994 0.768274 0.145015 0.769829 0.145015 0.772939 0.141994 0.774495 0.135952 0.774495 0.132931 0.776050 0.132931 0.777605 0.129909 0.779160 0.129909 0.793157 0.132931 0.794712 0.132931 0.802488 0.145015 0.802488 0.148036 0.804044 0.154079 0.804044 0.157100 0.802488 0.172205 0.802488 0.175227 0.804044 0.175227 0.807154 0.172205 0.808709 0.166163 0.808709 0.163142 0.810264 0.126888 0.810264 0.123867 0.811820 0.117825 0.811820 0.114804 0.810264 0.111782 0.810264 0.105740 0.807154 0.105740 0.804044 0.108761 0.802488 0.117825 0.802488 0.117825 0.776050 0.114804 0.776050 0.111782 0.774495 0.111782 0.765163 0.117825 0.762053 0.117825 0.758942 0.114804 0.757387 0.114804 0.749611 0.111782 0.748056 0.111782 0.718507 0.087613 0.718507 0.087613 0.729393 0.084592 0.730949 0.078550 0.730949 0.075529 0.729393 0.075529 0.718507 0.069486 0.718507 0.069486 0.757387 0.066465 0.758942 0.060423 0.758942 0.060423 0.763608 0.057402 0.765163 0.051360 0.765163 0.051360 0.777605 0.048338 0.779160 0.048338 0.782271 0.051360 0.783826 0.051360 0.794712 0.057402 0.794712 0.060423 0.796267 0.060423 0.802488 0.063444 0.802488 0.072508 0.807154 0.072508 0.810264 0.069486 0.811820 0.051360 0.811820 0.051360 0.819596 0.048338 0.821151 0.048338 0.825816 0.063444 0.825816 0.066465 0.827372 0.066465 0.832037 0.069486 0.833593 0.069486 0.835148 0.081571 0.835148 0.084592 0.836703 0.084592 0.841369 0.087613 0.842924 0.087613 0.849145 0.090634 0.849145 0.093656 0.850700 0.093656 0.853810 0.090634 0.855365 0.069486 0.855365 0.069486 0.867807 0.075529 0.867807 0.075529 0.864697 0.078550 0.863142 0.099698 0.863142 0.102719 0.864697 0.102719 0.884914 0.099698 0.886470 0.087613 0.886470 0.087613 0.894246 0.111782 0.894246 0.111782 0.855365 0.105740 0.855365 0.102719 0.853810 0.102719 0.850700 0.105740 0.849145 0.108761 0.849145 0.108761 0.828927 0.111782 0.827372 0.114804 0.827372 0.117825 0.825816 0.117825 0.819596 0.120846 0.818040 0.126888 0.818040 0.129909 0.819596 0.129909 0.827372 0.132931 0.828927 0.132931 0.835148 0.138973 0.838258 0.138973 0.841369 0.141994 0.841369 0.145015 0.842924 0.145015 0.846034 0.148036 0.847589 0.148036 0.853810 0.154079 0.853810 0.157100 0.855365 0.157100 0.858476 0.154079 0.860031 0.148036 0.860031 0.145015 0.858476 0.145015 0.856921 0.138973 0.856921 0.138973 0.884914 0.141994 0.884914 0.145015 0.886470 0.145015 0.891135 0.135952 0.895801 0.132931 0.895801 0.132931 0.911353 0.135952 0.912908 0.135952 0.919129 0.138973 0.920684 0.138973 0.922240 0.145015 0.922240 0.145015 0.919129 0.148036 0.917574 0.154079 0.917574 0.157100 0.919129 0.157100 0.922240 0.154079 0.923795 0.151057 0.923795 0.151057 0.928460 0.154079 0.928460 0.157100 0.930016 0.157100 0.933126 0.163142 0.933126 0.163142 0.920684 0.166163 0.919129 0.172205 0.919129 0.175227 0.920684 0.175227 0.922240 0.178248 0.922240 0.181269 0.923795 0.181269 0.926905 0.178248 0.928460 0.175227 0.928460 0.175227 0.933126 0.172205 0.934681 0.169184 0.934681 0.169184 0.939347 0.166163 0.940902 0.163142 0.940902 0.160121 0.942457 0.148036 0.942457 0.145015 0.940902 0.145015 0.930016 0.138973 0.930016 0.138973 0.942457 0.135952 0.944012 0.129909 0.944012 0.126888 0.945568 0.114804 0.945568 0.114804 0.948678 0.129909 0.948678 0.132931 0.950233 0.132931 0.964230 0.135952 0.964230 0.138973 0.965785 0.138973 0.976672 0.145015 0.976672 0.145015 0.965785 0.148036 0.964230 0.154079 0.964230 0.157100 0.965785 0.157100 0.986003 0.163142 0.986003 0.163142 0.975117 0.166163 0.973561 0.172205 0.973561 0.175227 0.975117 0.175227 0.986003 0.181269 0.986003 0.181269 0.965785 0.184290 0.964230 0.190332 0.964230 0.193353 0.965785 0.193353 0.967341 0.199396 0.967341 0.199396 0.964230 0.202417 0.962675 0.214502 0.962675 0.217523 0.964230 0.226586 0.964230 0.229607 0.965785 0.229607 0.968896 0.226586 0.970451 0.223565 0.970451 0.223565 0.973561 0.226586 0.973561 0.229607 0.975117 0.229607 0.976672 0.241692 0.976672 0.244713 0.978227 0.250755 0.978227 0.253776 0.979782 0.253776 0.982893 0.262840 0.982893 0.265861 0.981337 0.283988 0.981337 0.287009 0.982893 0.293051 0.982893 0.293051 0.975117 0.296073 0.973561 0.296073 0.940902 0.299094 0.939347 0.305136 0.939347 0.308157 0.940902 0.308157 0.962675 0.314199 0.962675 0.317221 0.964230 0.317221 0.976672 0.323263 0.976672 0.323263 0.975117 0.326284 0.973561 0.332326 0.973561 0.335347 0.975117 0.335347 0.982893 0.341390 0.982893 0.341390 0.965785 0.344411 0.964230 0.350453 0.964230 0.353474 0.965785 0.353474 0.986003 0.359517 0.986003 0.359517 0.976672 0.362538 0.975117 0.368580 0.975117 0.371601 0.976672 0.371601 0.984448 0.377644 0.984448 0.377644 0.982893 0.380665 0.981337 0.392749 0.981337 0.395770 0.982893 0.401813 0.982893 0.404834 0.984448 0.413897 0.984448 0.416918 0.982893 0.438066 0.982893 0.441088 0.984448 0.447130 0.984448 0.450151 0.982893 0.456193 0.982893 0.459215 0.984448 0.465257 0.984448 0.465257 0.973561 0.468278 0.972006 0.474320 0.972006 0.474320 0.937792 0.477341 0.936236 0.483384 0.936236 0.486405 0.937792 0.486405 0.970451 0.489426 0.972006 0.492447 0.972006 0.495468 0.973561 0.495468 0.978227 0.492447 0.979782 0.489426 0.979782 0.489426 0.982893 0.510574 0.982893 0.513595 0.984448 0.555891 0.984448 0.555891 0.964230 0.558912 0.962675 0.558912 0.959565 0.561934 0.958009 0.564955 0.958009 0.564955 0.956454 0.567976 0.954899 0.580060 0.954899 0.583082 0.956454 0.583082 0.982893 0.598187 0.982893 0.601208 0.984448 0.607251 0.984448 0.607251 0.956454 0.610272 0.954899 0.616314 0.954899 0.619335 0.956454 0.619335 0.984448 0.625378 0.984448 0.625378 0.956454 0.628399 0.954899 0.634441 0.954899 0.637462 0.956454 0.637462 0.984448 0.643505 0.984448 0.643505 0.950233 0.649547 0.947123 0.649547 0.931571 0.652568 0.930016 0.661631 0.930016 0.664653 0.931571 0.664653 0.947123 0.670695 0.947123 0.673716 0.948678 0.673716 0.984448 0.679758 0.984448 0.679758 0.956454 0.682779 0.954899 0.688822 0.954899 0.691843 0.956454 0.691843 0.986003 0.697885 0.986003 0.700906 0.984448 0.722054 0.984448 0.725076 0.986003 0.734139 0.986003 0.734139 0.981337 0.731118 0.979782 0.731118 0.967341 0.734139 0.965785 0.749245 0.965785 0.752266 0.967341 0.752266 0.986003 0.761329 0.986003 0.764350 0.984448 0.767372 0.984448 0.767372 0.954899 0.764350 0.954899 0.761329 0.953344 0.761329 0.936236 0.764350 0.934681 0.776435 0.934681 0.779456 0.936236 0.779456 0.939347 0.785498 0.939347 0.785498 0.928460 0.788520 0.926905 0.794562 0.926905 0.797583 0.928460 0.797583 0.939347 0.803625 0.939347 0.803625 0.928460 0.806647 0.926905 0.812689 0.926905 0.815710 0.928460 0.815710 0.939347 0.821752 0.939347 0.821752 0.928460 0.824773 0.926905 0.836858 0.926905 0.839879 0.928460 0.839879 0.944012 0.854985 0.944012 0.858006 0.945568 0.858006 0.947123 0.870091 0.947123 0.873112 0.948678 0.873112 0.953344 0.870091 0.954899 0.861027 0.954899 0.858006 0.953344 0.848943 0.953344 0.848943 0.982893 0.854985 0.982893 0.854985 0.970451 0.858006 0.968896 0.864048 0.968896 0.867069 0.970451 0.867069 0.978227 0.873112 0.978227 0.873112 0.965785 0.876133 0.964230 0.882175 0.964230 0.885196 0.965785 0.885196 0.984448 0.891239 0.984448 0.891239 0.975117 0.894260 0.973561 0.900302 0.973561 0.903323 0.975117 0.903323 0.978227 0.909366 0.978227 0.909366 0.973561 0.897281 0.973561 0.894260 0.972006 0.894260 0.968896 0.897281 0.967341 0.909366 0.967341 0.909366 0.947123 0.906344 0.947123 0.903323 0.945568 0.903323 0.940902 0.894260 0.940902 0.891239 0.939347 0.891239 0.902022 0.894260 0.900467 0.900302 0.900467 0.903323 0.902022 0.903323 0.933126 0.909366 0.933126 0.909366 0.902022 0.912387 0.900467 0.915408 0.900467 0.915408 0.881804 0.918429 0.880249 0.924471 0.880249 0.927492 0.881804 0.927492 0.891135 0.936556 0.891135 0.939577 0.892691 0.939577 0.894246 0.945619 0.894246 0.945619 0.874028 0.948640 0.872473 0.954683 0.872473 0.957704 0.874028 0.957704 0.886470 0.963746 0.886470 0.963746 0.884914 0.966767 0.883359 0.972810 0.883359 0.975831 0.884914 0.975831 0.894246 0.996979 0.894246 0.996979 0.810264 0.957704 0.810264 0.954683 0.808709 0.954683 0.804044 0.957704 0.802488 0.969789 0.802488 0.972810 0.800933 0.996979 0.800933 0.996979 0.763608 0.975831 0.763608 0.975831 0.766719 0.972810 0.768274 0.966767 0.768274 0.963746 0.766719 0.963746 0.763608 0.954683 0.763608 0.951662 0.762053 0.951662 0.758942 0.948640 0.758942 0.945619 0.757387 0.945619 0.718507 0.939577 0.718507 0.939577 0.755832 0.936556 0.757387 0.930514 0.757387 0.930514 0.762053 0.936556 0.762053 0.939577 0.763608 0.939577 0.768274 0.936556 0.769829 0.924471 0.769829 0.918429 0.766719 0.918429 0.758942 0.912387 0.758942 0.909366 0.757387 0.909366 0.726283 0.903323 0.726283 0.903323 0.746501 0.900302 0.748056 0.894260 0.748056 0.891239 0.746501 0.891239 0.720062 0.885196 0.720062 0.885196 0.746501 0.882175 0.748056 0.876133 0.748056 0.873112 0.746501 0.873112 0.724728 0.858006 0.724728 0.854985 0.723173 0.854985 0.718507 0.858006 0.716952 0.867069 0.716952 0.867069 0.713841 0.870091 0.712286 0.873112 0.712286 0.873112 0.701400 0.876133 0.699844 0.882175 0.699844 0.885196 0.701400 0.885196 0.710731 0.891239 0.710731 0.891239 0.671851 0.885196 0.671851 0.885196 0.687403 0.882175 0.688958 0.876133 0.688958 0.873112 0.687403 0.873112 0.682737 0.867069 0.682737 0.867069 0.692068 0.864048 0.693624 0.858006 0.693624 0.854985 0.692068 0.854985 0.678072 0.858006 0.676516 0.858006 0.667185 0.861027 0.665630 0.873112 0.665630 0.873112 0.662519 0.861027 0.662519 0.858006 0.660964 0.858006 0.656299 0.854985 0.654743 0.854985 0.651633 0.858006 0.650078 0.864048 0.650078 0.867069 0.651633 0.867069 0.653188 0.873112 0.653188 0.873112 0.628305 0.867069 0.628305 0.867069 0.631415 0.864048 0.632970 0.848943 0.632970 0.848943 0.710731 0.845921 0.712286 0.839879 0.712286 0.839879 0.716952 0.845921 0.716952 0.848943 0.718507 0.848943 0.757387 0.845921 0.758942 0.833837 0.758942 0.830816 0.757387 0.830816 0.751166 0.824773 0.751166 0.821752 0.749611 0.821752 0.718507 0.824773 0.716952 0.827795 0.716952 0.827795 0.712286 0.824773 0.712286 0.821752 0.710731 0.821752 0.671851 0.824773 0.670295 0.830816 0.670295 0.830816 0.667185 0.824773 0.667185 0.821752 0.665630 0.821752 0.654743 0.824773 0.653188 0.824773 0.645412 0.827795 0.643857 0.830816 0.643857 0.830816 0.639191 0.824773 0.639191 0.821752 0.637636 0.821752 0.634526 0.824773 0.632970 0.830816 0.632970 0.830816 0.626750 0.815710 0.626750 0.812689 0.625194 0.812689 0.620529 0.815710 0.618974 0.821752 0.618974 0.821752 0.617418 0.824773 0.615863 0.830816 0.615863 0.830816 0.612753 0.824773 0.612753 0.821752 0.611198 0.821752 0.608087 0.827795 0.604977 0.836858 0.604977 0.839879 0.606532 0.845921 0.606532 0.848943 0.608087 0.848943 0.617418 0.858006 0.617418 0.858006 0.604977 0.861027 0.603421 0.882175 0.603421 0.885196 0.604977 0.885196 0.609642 0.891239 0.609642 0.891239 0.589425 0.894260 0.587869 0.900302 0.587869 0.903323 0.589425 0.903323 0.592535 0.909366 0.592535 0.909366 0.581649 0.912387 0.580093 0.915408 0.580093 0.915408 0.575428 0.912387 0.573872 0.912387 0.558320 0.909366 0.556765 0.909366 0.553655 0.912387 0.552100 0.915408 0.552100 0.915408 0.548989 0.912387 0.548989 0.909366 0.547434 0.909366 0.544323 0.912387 0.542768 0.915408 0.542768 0.915408 0.541213 0.918429 0.539658 0.933535 0.539658 0.936556 0.541213 0.936556 0.545879 0.933535 0.547434 0.933535 0.552100 0.936556 0.552100 0.939577 0.553655 0.939577 0.573872 0.945619 0.573872 0.945619 0.541213 0.948640 0.539658 0.954683 0.539658 0.957704 0.541213 0.957704 0.564541 0.963746 0.564541 0.963746 0.541213 0.966767 0.539658 0.972810 0.539658 0.975831 0.541213 0.975831 0.573872 0.981873 0.573872 0.981873 0.553655 0.984894 0.552100 0.996979 0.552100 0.996979 0.545879 0.993958 0.545879 0.990937 0.547434 0.984894 0.547434 0.981873 0.545879 0.981873 0.520995 0.984894 0.519440 0.996979 0.519440 0.996979 0.506998 0.984894 0.506998 0.981873 0.505443 0.981873 0.502333 0.984894 0.500778 0.996979 0.500778 0.996979 0.489891 0.975831 0.489891 0.975831 0.491446 0.972810 0.493002 0.966767 0.493002 0.963746 0.491446 0.963746 0.488336 0.960725 0.488336 0.957704 0.486781 0.957704 0.483670 0.960725 0.482115 0.963746 0.482115 0.963746 0.480560 0.966767 0.479005 0.972810 0.479005 0.975831 0.480560 0.975831 0.483670 0.981873 0.483670 0.984894 0.482115 0.996979 0.482115 0.996979 0.444790 0.993958 0.444790 0.990937 0.446345 0.984894 0.446345 0.981873 0.444790 0.981873 0.443235 0.975831 0.443235 0.975831 0.472784 0.972810 0.474339 0.966767 0.474339 0.963746 0.472784 0.963746 0.469673 0.957704 0.469673 0.957704 0.472784 0.960725 0.472784 0.963746 0.474339 0.963746 0.477449 0.960725 0.479005 0.954683 0.479005 0.951662 0.477449 0.951662 0.475894 0.942598 0.475894 0.939577 0.474339 0.933535 0.474339 0.933535 0.482115 0.930514 0.483670 0.930514 0.486781 0.936556 0.486781 0.939577 0.488336 0.939577 0.491446 0.936556 0.493002 0.918429 0.493002 0.915408 0.491446 0.915408 0.488336 0.918429 0.486781 0.918429 0.483670 0.915408 0.482115 0.915408 0.474339 0.912387 0.474339 0.909366 0.472784 0.909366 0.471229 0.903323 0.471229 0.903323 0.472784 0.900302 0.474339 0.894260 0.474339 0.891239 0.472784 0.891239 0.469673 0.864048 0.469673 0.861027 0.468118 0.861027 0.465008 0.858006 0.463453 0.858006 0.460342 0.848943 0.460342 0.848943 0.482115 0.845921 0.483670 0.842900 0.483670 0.842900 0.489891 0.839879 0.491446 0.833837 0.491446 0.830816 0.489891 0.830816 0.488336 0.827795 0.486781 0.827795 0.480560 0.830816 0.479005 0.830816 0.475894 0.824773 0.475894 0.821752 0.474339 0.821752 0.449456 0.818731 0.449456 0.815710 0.447900 0.809668 0.447900 0.803625 0.444790 0.803625 0.443235 0.791541 0.443235 0.788520 0.444790 0.779456 0.444790 0.776435 0.446345 0.755287 0.446345 0.752266 0.447900 0.746224 0.447900 0.743202 0.446345 0.734139 0.446345 0.731118 0.444790 0.731118 0.443235 0.664653 0.443235 0.664653 0.620529 0.670695 0.620529 0.673716 0.618974 0.685801 0.618974 0.688822 0.617418 0.694864 0.617418 0.700906 0.620529 0.712991 0.620529 0.716012 0.622084 0.716012 0.625194 0.712991 0.626750 0.664653 0.626750 0.664653 0.774495 0.661631 0.776050 0.661631 0.777605 0.658610 0.779160 0.652568 0.779160 0.649547 0.777605 0.649547 0.762053 0.652568 0.760498 0.652568 0.746501 0.649547 0.744946 0.649547 0.730949 0.652568 0.729393 0.652568 0.718507 0.649547 0.716952 0.649547 0.707621 0.652568 0.706065 0.652568 0.673406 0.649547 0.671851 0.649547 0.667185 0.652568 0.665630 0.652568 0.634526 0.649547 0.632970 0.649547 0.626750 0.619335 0.626750 0.616314 0.625194 0.616314 0.620529 0.619335 0.618974 0.625378 0.618974 0.628399 0.620529 0.634441 0.620529 0.637462 0.618974 0.649547 0.618974 0.649547 0.608087 0.652568 0.606532 0.652568 0.525661 0.649547 0.524106 0.649547 0.520995 0.652568 0.519440 0.652568 0.496112 0.649547 0.494557 0.649547 0.482115 0.652568 0.480560 0.652568 0.444790 0.649547 0.443235 0.637462 0.443235 0.634441 0.441680 0.634441 0.438569 0.640483 0.435459 0.649547 0.435459 0.649547 0.432348 0.652568 0.430793 0.652568 0.412131 0.655589 0.410575 0.661631 0.410575 0.664653 0.412131 0.664653 0.435459 0.725076 0.435459 0.728097 0.433904 0.731118 0.433904 0.731118 0.430793 0.734139 0.429238 0.734139 0.426128 0.740181 0.423017 0.740181 0.412131 0.743202 0.410575 0.749245 0.410575 0.752266 0.412131 0.752266 0.423017 0.755287 0.424572 0.755287 0.435459 0.761329 0.435459 0.761329 0.432348 0.764350 0.430793 0.770393 0.430793 0.773414 0.432348 0.773414 0.433904 0.779456 0.433904 0.779456 0.429238 0.770393 0.429238 0.767372 0.427683 0.767372 0.424572 0.770393 0.423017 0.794562 0.423017 0.797583 0.424572 0.797583 0.427683 0.803625 0.427683 0.803625 0.416796 0.806647 0.415241 0.812689 0.415241 0.815710 0.416796 0.815710 0.418351 0.821752 0.418351 0.821752 0.416796 0.824773 0.415241 0.830816 0.415241 0.830816 0.412131 0.824773 0.412131 0.821752 0.410575 0.821752 0.398134 0.815710 0.398134 0.812689 0.396579 0.812689 0.393468 0.815710 0.391913 0.821752 0.391913 0.821752 0.354588 0.818731 0.354588 0.812689 0.351477 0.812689 0.345257 0.815710 0.343701 0.821752 0.343701 0.821752 0.314152 0.824773 0.312597 0.830816 0.312597 0.830816 0.303266 0.827795 0.301711 0.827795 0.300156 0.818731 0.300156 0.815710 0.298600 0.815710 0.295490 0.818731 0.293935 0.830816 0.293935 0.830816 0.287714 0.833837 0.286159 0.845921 0.286159 0.848943 0.287714 0.848943 0.292379 0.854985 0.292379 0.858006 0.293935 0.867069 0.293935 0.867069 0.290824 0.870091 0.289269 0.876133 0.289269 0.876133 0.286159 0.861027 0.286159 0.858006 0.284603 0.858006 0.281493 0.861027 0.279938 0.876133 0.279938 0.876133 0.276827 0.861027 0.276827 0.858006 0.275272 0.858006 0.267496 0.861027 0.265941 0.873112 0.265941 0.876133 0.267496 0.882175 0.267496 0.885196 0.269051 0.885196 0.270607 0.891239 0.270607 0.891239 0.267496 0.894260 0.265941 0.897281 0.265941 0.897281 0.262830 0.900302 0.261275 0.900302 0.255054 0.903323 0.253499 0.903323 0.251944 0.906344 0.250389 0.921450 0.250389 0.921450 0.233281 0.924471 0.231726 0.936556 0.231726 0.939577 0.233281 0.939577 0.244168 0.945619 0.244168 0.945619 0.233281 0.948640 0.231726 0.951662 0.231726 0.954683 0.230171 0.969789 0.230171 0.969789 0.227061 0.966767 0.227061 0.963746 0.225505 0.963746 0.222395 0.957704 0.222395 0.957704 0.225505 0.954683 0.227061 0.924471 0.227061 0.921450 0.225505 0.921450 0.219285 0.915408 0.219285 0.912387 0.217729 0.912387 0.214619 0.915408 0.213064 0.918429 0.213064 0.918429 0.209953 0.915408 0.208398 0.915408 0.195956 0.906344 0.195956 0.903323 0.194401 0.903323 0.191291 0.900302 0.191291 0.897281 0.189736 0.897281 0.186625 0.900302 0.185070 0.939577 0.185070 0.939577 0.180404 0.942598 0.178849 0.945619 0.178849 0.948640 0.177294 0.951662 0.177294 0.954683 0.175739 0.969789 0.175739 0.969789 0.169518 0.957704 0.169518 0.954683 0.167963 0.954683 0.164852 0.957704 0.163297 0.957704 0.153966 0.954683 0.153966 0.951662 0.152411 0.951662 0.149300 0.954683 0.147745 0.960725 0.147745 0.963746 0.149300 0.972810 0.149300 0.975831 0.150855 0.975831 0.160187 0.981873 0.160187 0.981873 0.158631 0.984894 0.157076 0.990937 0.157076 0.993958 0.158631 0.993958 0.160187 0.996979 0.160187 0.996979 0.077760 0.993958 0.077760 0.990937 0.076205 0.990937 0.069984 0.993958 0.068429 0.996979 0.068429 0.996979 0.000000 0.842900 0.000000 0.842900 0.069984 0.867069 0.069984 0.870091 0.068429 0.876133 0.068429 0.879154 0.069984 0.894260 0.069984 0.897281 0.071540 0.897281 0.076205 0.894260 0.077760 0.888218 0.077760 0.885196 0.076205 0.879154 0.076205 0.876133 0.077760 0.870091 0.077760 0.867069 0.076205 0.842900 0.076205 0.842900 0.102644 0.839879 0.104199 0.833837 0.104199 0.830816 0.102644 0.830816 0.000000 0.755287 0.000000 0.755287 0.001555 0.752266 0.003110 0.746224 0.003110 0.743202 0.001555 0.743202 0.000000 0.667674 0.000000 0.667674 0.003110 0.664653 0.004666 0.664653 0.006221 0.661631 0.007776 0.655589 0.007776 0.652568 0.006221 0.652568 0.000000