0 0.829322 0.864865 0.829322 0.868108 0.833698 0.870270 0.835886 0.870270 0.840263 0.872432 0.840263 0.877838 0.842451 0.878919 0.842451 0.880000 0.851204 0.884324 0.853392 0.884324 0.855580 0.885405 0.855580 0.887568 0.862144 0.890811 0.862144 0.891892 0.864333 0.892973 0.864333 0.896216 0.868709 0.896216 0.875274 0.899459 0.879650 0.899459 0.881838 0.900541 0.881838 0.902703 0.888403 0.902703 0.888403 0.896216 0.886214 0.896216 0.884026 0.895135 0.884026 0.894054 0.881838 0.892973 0.881838 0.891892 0.879650 0.890811 0.879650 0.885405 0.870897 0.885405 0.868709 0.884324 0.868709 0.883243 0.866521 0.882162 0.866521 0.878919 0.862144 0.878919 0.859956 0.877838 0.859956 0.876757 0.851204 0.876757 0.849015 0.875676 0.849015 0.871351 0.846827 0.871351 0.842451 0.869189 0.842451 0.868108 0.840263 0.867027 0.840263 0.865946 0.835886 0.865946 0.833698 0.864865
0 0.074398 0.625946 0.074398 0.684324 0.078775 0.684324 0.078775 0.638919 0.080963 0.637838 0.085339 0.637838 0.087527 0.638919 0.087527 0.684324 0.091904 0.684324 0.091904 0.657297 0.094092 0.656216 0.098468 0.656216 0.100656 0.657297 0.100656 0.684324 0.105033 0.684324 0.105033 0.625946 0.098468 0.625946 0.098468 0.627027 0.096280 0.628108 0.087527 0.628108 0.087527 0.634595 0.085339 0.635676 0.080963 0.635676 0.078775 0.634595 0.078775 0.625946
0 0.061269 0.625946 0.061269 0.654054 0.065646 0.654054 0.065646 0.625946
0 0.098468 0.560000 0.098468 0.561081 0.096280 0.562162 0.080963 0.562162 0.078775 0.561081 0.072210 0.561081 0.072210 0.562162 0.070022 0.563243 0.061269 0.563243 0.061269 0.619459 0.065646 0.619459 0.065646 0.575135 0.067834 0.574054 0.072210 0.574054 0.074398 0.575135 0.074398 0.620541 0.078775 0.620541 0.078775 0.615135 0.080963 0.614054 0.096280 0.614054 0.098468 0.615135 0.098468 0.619459 0.105033 0.619459 0.105033 0.578378 0.102845 0.577297 0.102845 0.574054 0.107221 0.571892 0.115974 0.571892 0.115974 0.566486 0.105033 0.566486 0.102845 0.565405 0.102845 0.560000
0 0.124726 0.503784 0.124726 0.555676 0.122538 0.556757 0.120350 0.556757 0.120350 0.558919 0.124726 0.561081 0.124726 0.588108 0.129103 0.588108 0.129103 0.562162 0.131291 0.561081 0.135667 0.561081 0.137856 0.562162 0.137856 0.619459 0.135667 0.620541 0.131291 0.620541 0.131291 0.623784 0.135667 0.623784 0.135667 0.620541 0.137856 0.619459 0.142232 0.619459 0.142232 0.537297 0.144420 0.536216 0.148796 0.536216 0.150985 0.537297 0.150985 0.614054 0.155361 0.614054 0.155361 0.595676 0.157549 0.594595 0.161926 0.594595 0.164114 0.595676 0.164114 0.614054 0.168490 0.614054 0.168490 0.525405 0.161926 0.525405 0.159737 0.526486 0.144420 0.526486 0.142232 0.525405 0.142232 0.515676 0.137856 0.515676 0.137856 0.524324 0.135667 0.525405 0.131291 0.525405 0.129103 0.524324 0.129103 0.503784
0 0.098468 0.497297 0.098468 0.550270 0.096280 0.551351 0.091904 0.551351 0.089716 0.550270 0.089716 0.529730 0.085339 0.529730 0.085339 0.536216 0.083151 0.537297 0.078775 0.537297 0.076586 0.536216 0.076586 0.499459 0.072210 0.499459 0.072210 0.539459 0.070022 0.540541 0.059081 0.540541 0.059081 0.545946 0.070022 0.545946 0.072210 0.547027 0.072210 0.552432 0.070022 0.553514 0.059081 0.553514 0.059081 0.556757 0.083151 0.556757 0.085339 0.557838 0.091904 0.557838 0.091904 0.556757 0.094092 0.555676 0.102845 0.555676 0.102845 0.497297
0 0.085339 0.436757 0.085339 0.491892 0.089716 0.491892 0.089716 0.436757
0 0.135667 0.434595 0.135667 0.464865 0.133479 0.465946 0.122538 0.465946 0.122538 0.471351 0.124726 0.472432 0.124726 0.475676 0.129103 0.475676 0.129103 0.471351 0.131291 0.470270 0.140044 0.470270 0.140044 0.469189 0.142232 0.468108 0.146608 0.468108 0.148796 0.469189 0.148796 0.475676 0.153173 0.475676 0.153173 0.436757 0.148796 0.436757 0.148796 0.463784 0.146608 0.464865 0.142232 0.464865 0.140044 0.463784 0.140044 0.434595
0 0.122538 0.371892 0.122538 0.429189 0.126915 0.429189 0.126915 0.371892
0 0.030635 0.329730 0.030635 0.335135 0.028446 0.336216 0.019694 0.336216 0.019694 0.354595 0.017505 0.355676 0.013129 0.355676 0.010941 0.354595 0.010941 0.332973 0.006565 0.332973 0.006565 0.365405 0.010941 0.365405 0.010941 0.358919 0.013129 0.357838 0.017505 0.357838 0.019694 0.358919 0.019694 0.365405 0.024070 0.365405 0.024070 0.364324 0.026258 0.363243 0.037199 0.363243 0.037199 0.329730
0 0.056893 0.307027 0.056893 0.355676 0.067834 0.355676 0.070022 0.356757 0.070022 0.358919 0.080963 0.358919 0.083151 0.360000 0.083151 0.364324 0.087527 0.364324 0.087527 0.308108 0.083151 0.308108 0.083151 0.336216 0.080963 0.337297 0.076586 0.337297 0.074398 0.336216 0.074398 0.308108 0.070022 0.308108 0.070022 0.348108 0.067834 0.349189 0.063457 0.349189 0.061269 0.348108 0.061269 0.307027
0 0.030635 0.274595 0.030635 0.296216 0.028446 0.297297 0.013129 0.297297 0.010941 0.296216 0.010941 0.295135 0.006565 0.295135 0.006565 0.298378 0.004376 0.299459 0.004376 0.302703 0.006565 0.303784 0.006565 0.328649 0.010941 0.328649 0.010941 0.324324 0.013129 0.323243 0.028446 0.323243 0.030635 0.324324 0.037199 0.324324 0.037199 0.322162 0.026258 0.322162 0.024070 0.321081 0.013129 0.321081 0.010941 0.320000 0.010941 0.315676 0.013129 0.314595 0.024070 0.314595 0.024070 0.307027 0.013129 0.307027 0.010941 0.305946 0.010941 0.302703 0.013129 0.301622 0.035011 0.301622 0.035011 0.274595
0 0.070022 0.245405 0.070022 0.299459 0.074398 0.299459 0.074398 0.245405
0 0.017505 0.245405 0.017505 0.248649 0.015317 0.249730 0.004376 0.249730 0.004376 0.252973 0.015317 0.252973 0.017505 0.254054 0.017505 0.256216 0.015317 0.257297 0.004376 0.257297 0.004376 0.275676 0.010941 0.275676 0.010941 0.273514 0.008753 0.272432 0.008753 0.260541 0.010941 0.259459 0.015317 0.259459 0.017505 0.260541 0.017505 0.271351 0.021882 0.271351 0.021882 0.245405
0 0.056893 0.244324 0.056893 0.302703 0.061269 0.302703 0.061269 0.244324
0 0.028446 0.116757 0.028446 0.121081 0.030635 0.122162 0.030635 0.125405 0.028446 0.126486 0.017505 0.126486 0.017505 0.212973 0.015317 0.214054 0.010941 0.214054 0.008753 0.212973 0.008753 0.118919 0.004376 0.118919 0.004376 0.237838 0.008753 0.237838 0.008753 0.217297 0.010941 0.216216 0.015317 0.216216 0.017505 0.217297 0.017505 0.236757 0.021882 0.236757 0.021882 0.182703 0.024070 0.181622 0.028446 0.181622 0.030635 0.182703 0.030635 0.235676 0.035011 0.235676 0.035011 0.179459 0.037199 0.178378 0.039387 0.178378 0.039387 0.176216 0.037199 0.176216 0.035011 0.175135 0.035011 0.116757
0 0.004376 0.022703 0.004376 0.044324 0.002188 0.045405 0.000000 0.045405 0.000000 0.094054 0.002188 0.094054 0.004376 0.095135 0.004376 0.110270 0.008753 0.110270 0.008753 0.022703
0 0.118162 0.000000 0.118162 0.020541 0.120350 0.021622 0.120350 0.025946 0.118162 0.027027 0.118162 0.043243 0.113786 0.045405 0.111597 0.045405 0.111597 0.052973 0.109409 0.054054 0.100656 0.054054 0.098468 0.052973 0.098468 0.041081 0.100656 0.040000 0.105033 0.040000 0.105033 0.037838 0.102845 0.036757 0.102845 0.035676 0.098468 0.035676 0.096280 0.036757 0.094092 0.036757 0.094092 0.037838 0.091904 0.038919 0.087527 0.038919 0.085339 0.037838 0.085339 0.031351 0.087527 0.030270 0.098468 0.030270 0.098468 0.019459 0.087527 0.019459 0.085339 0.018378 0.085339 0.017297 0.080963 0.017297 0.080963 0.092973 0.083151 0.094054 0.083151 0.096216 0.080963 0.097297 0.080963 0.110270 0.085339 0.110270 0.085339 0.097297 0.087527 0.096216 0.091904 0.096216 0.094092 0.097297 0.094092 0.110270 0.096280 0.110270 0.100656 0.112432 0.100656 0.115676 0.098468 0.116757 0.094092 0.116757 0.094092 0.170811 0.091904 0.171892 0.087527 0.171892 0.085339 0.170811 0.085339 0.115676 0.080963 0.115676 0.078775 0.116757 0.067834 0.116757 0.067834 0.130811 0.065646 0.131892 0.061269 0.131892 0.059081 0.130811 0.059081 0.117838 0.054705 0.117838 0.054705 0.140541 0.048140 0.143784 0.048140 0.149189 0.052516 0.149189 0.054705 0.150270 0.054705 0.188108 0.056893 0.189189 0.056893 0.237838 0.061269 0.237838 0.061269 0.236757 0.063457 0.235676 0.078775 0.235676 0.080963 0.236757 0.100656 0.236757 0.100656 0.185946 0.098468 0.184865 0.098468 0.177297 0.100656 0.176216 0.109409 0.176216 0.111597 0.177297 0.111597 0.179459 0.118162 0.179459 0.120350 0.180541 0.120350 0.203243 0.115974 0.205405 0.113786 0.205405 0.111597 0.206486 0.111597 0.209730 0.113786 0.210811 0.113786 0.212973 0.115974 0.212973 0.118162 0.214054 0.118162 0.215135 0.120350 0.216216 0.120350 0.235676 0.131291 0.235676 0.133479 0.236757 0.137856 0.236757 0.137856 0.233514 0.140044 0.232432 0.144420 0.232432 0.146608 0.233514 0.146608 0.237838 0.144420 0.238919 0.140044 0.238919 0.140044 0.243243 0.137856 0.244324 0.133479 0.244324 0.131291 0.245405 0.120350 0.245405 0.120350 0.250811 0.118162 0.251892 0.102845 0.251892 0.100656 0.250811 0.100656 0.244324 0.083151 0.244324 0.083151 0.301622 0.087527 0.301622 0.087527 0.276757 0.089716 0.275676 0.094092 0.275676 0.096280 0.276757 0.096280 0.364324 0.100656 0.364324 0.100656 0.258378 0.102845 0.257297 0.118162 0.257297 0.120350 0.258378 0.120350 0.302703 0.122538 0.303784 0.122538 0.307027 0.120350 0.308108 0.120350 0.320000 0.122538 0.321081 0.122538 0.348108 0.120350 0.349189 0.120350 0.351351 0.122538 0.352432 0.122538 0.365405 0.126915 0.365405 0.126915 0.327568 0.129103 0.326486 0.133479 0.326486 0.135667 0.327568 0.135667 0.365405 0.137856 0.365405 0.140044 0.366486 0.140044 0.369730 0.137856 0.370811 0.135667 0.370811 0.135667 0.427027 0.140044 0.427027 0.140044 0.371892 0.142232 0.370811 0.146608 0.370811 0.148796 0.371892 0.148796 0.407568 0.153173 0.407568 0.153173 0.401081 0.155361 0.400000 0.159737 0.400000 0.161926 0.401081 0.161926 0.437838 0.164114 0.438919 0.164114 0.446486 0.161926 0.447568 0.161926 0.455135 0.166302 0.455135 0.166302 0.446486 0.168490 0.445405 0.168490 0.441081 0.166302 0.440000 0.166302 0.435676 0.168490 0.434595 0.168490 0.433514 0.170678 0.432432 0.172867 0.432432 0.172867 0.429189 0.170678 0.429189 0.168490 0.428108 0.168490 0.398919 0.166302 0.397838 0.166302 0.371892 0.168490 0.370811 0.170678 0.370811 0.170678 0.365405 0.172867 0.364324 0.177243 0.364324 0.179431 0.365405 0.179431 0.366486 0.181619 0.367568 0.181619 0.370811 0.183807 0.370811 0.185996 0.371892 0.185996 0.393514 0.183807 0.394595 0.183807 0.396757 0.185996 0.397838 0.185996 0.417297 0.188184 0.418378 0.188184 0.423784 0.185996 0.424865 0.185996 0.427027 0.181619 0.429189 0.181619 0.436757 0.185996 0.436757 0.188184 0.437838 0.188184 0.443243 0.185996 0.444324 0.181619 0.444324 0.181619 0.456216 0.179431 0.457297 0.179431 0.459459 0.185996 0.459459 0.188184 0.460541 0.188184 0.490811 0.192560 0.490811 0.192560 0.481081 0.194748 0.480000 0.199125 0.480000 0.201313 0.481081 0.201313 0.491892 0.207877 0.491892 0.210066 0.492973 0.210066 0.497297 0.207877 0.498378 0.201313 0.498378 0.201313 0.551351 0.199125 0.552432 0.194748 0.552432 0.192560 0.551351 0.192560 0.499459 0.188184 0.499459 0.188184 0.555676 0.199125 0.555676 0.201313 0.556757 0.201313 0.561081 0.199125 0.562162 0.188184 0.562162 0.188184 0.618378 0.207877 0.618378 0.207877 0.603243 0.210066 0.602162 0.216630 0.602162 0.218818 0.603243 0.218818 0.605405 0.221007 0.606486 0.221007 0.608649 0.227571 0.611892 0.227571 0.615135 0.225383 0.616216 0.216630 0.616216 0.216630 0.618378 0.229759 0.618378 0.231947 0.619459 0.231947 0.624865 0.229759 0.625946 0.227571 0.625946 0.227571 0.655135 0.225383 0.656216 0.221007 0.656216 0.218818 0.655135 0.218818 0.650811 0.210066 0.650811 0.207877 0.649730 0.207877 0.625946 0.201313 0.625946 0.199125 0.627027 0.188184 0.627027 0.188184 0.645405 0.199125 0.645405 0.201313 0.646486 0.201313 0.648649 0.199125 0.649730 0.190372 0.649730 0.190372 0.682162 0.194748 0.682162 0.194748 0.676757 0.196937 0.675676 0.201313 0.675676 0.203501 0.676757 0.203501 0.682162 0.210066 0.682162 0.212254 0.683243 0.212254 0.688649 0.214442 0.688649 0.216630 0.689730 0.216630 0.692973 0.214442 0.694054 0.210066 0.694054 0.207877 0.692973 0.207877 0.689730 0.203501 0.689730 0.203501 0.704865 0.201313 0.705946 0.196937 0.705946 0.194748 0.704865 0.194748 0.690811 0.190372 0.690811 0.190372 0.707027 0.188184 0.708108 0.183807 0.708108 0.183807 0.710270 0.181619 0.711351 0.177243 0.711351 0.175055 0.710270 0.172867 0.710270 0.170678 0.709189 0.170678 0.704865 0.168490 0.703784 0.168490 0.692973 0.170678 0.691892 0.170678 0.689730 0.168490 0.688649 0.164114 0.688649 0.161926 0.689730 0.146608 0.689730 0.144420 0.688649 0.144420 0.685405 0.146608 0.684324 0.168490 0.684324 0.168490 0.683243 0.170678 0.682162 0.170678 0.680000 0.168490 0.678919 0.168490 0.627027 0.164114 0.627027 0.164114 0.674595 0.161926 0.675676 0.157549 0.675676 0.155361 0.674595 0.155361 0.628108 0.150985 0.628108 0.150985 0.646486 0.148796 0.647568 0.144420 0.647568 0.142232 0.646486 0.142232 0.627027 0.137856 0.627027 0.137856 0.633514 0.135667 0.634595 0.131291 0.634595 0.129103 0.633514 0.129103 0.627027 0.124726 0.627027 0.124726 0.683243 0.135667 0.683243 0.137856 0.684324 0.137856 0.687568 0.135667 0.688649 0.124726 0.688649 0.124726 0.703784 0.120350 0.705946 0.118162 0.705946 0.115974 0.707027 0.111597 0.707027 0.109409 0.705946 0.109409 0.704865 0.105033 0.702703 0.105033 0.689730 0.100656 0.689730 0.100656 0.702703 0.098468 0.703784 0.094092 0.703784 0.091904 0.702703 0.091904 0.689730 0.087527 0.689730 0.087527 0.704865 0.085339 0.705946 0.080963 0.705946 0.078775 0.704865 0.078775 0.689730 0.074398 0.689730 0.074398 0.704865 0.072210 0.705946 0.067834 0.705946 0.065646 0.704865 0.065646 0.695135 0.061269 0.695135 0.061269 0.704865 0.059081 0.705946 0.050328 0.705946 0.048140 0.704865 0.043764 0.704865 0.041575 0.703784 0.041575 0.698378 0.030635 0.698378 0.028446 0.697297 0.024070 0.697297 0.024070 0.702703 0.021882 0.703784 0.015317 0.703784 0.013129 0.702703 0.000000 0.702703 0.000000 0.704865 0.008753 0.704865 0.010941 0.705946 0.010941 0.715676 0.015317 0.715676 0.015317 0.707027 0.017505 0.705946 0.021882 0.705946 0.024070 0.707027 0.024070 0.745946 0.028446 0.745946 0.028446 0.734054 0.030635 0.732973 0.041575 0.732973 0.041575 0.720000 0.043764 0.718919 0.048140 0.718919 0.048140 0.716757 0.043764 0.716757 0.041575 0.715676 0.041575 0.711351 0.045952 0.709189 0.045952 0.708108 0.048140 0.707027 0.052516 0.707027 0.056893 0.709189 0.056893 0.712432 0.054705 0.713514 0.054705 0.715676 0.056893 0.716757 0.056893 0.721081 0.059081 0.721081 0.061269 0.722162 0.061269 0.737297 0.065646 0.737297 0.065646 0.727568 0.067834 0.726486 0.072210 0.726486 0.074398 0.727568 0.074398 0.745946 0.078775 0.745946 0.078775 0.725405 0.080963 0.724324 0.085339 0.724324 0.087527 0.725405 0.087527 0.744865 0.091904 0.744865 0.091904 0.726486 0.094092 0.725405 0.098468 0.725405 0.100656 0.726486 0.100656 0.744865 0.105033 0.744865 0.107221 0.745946 0.107221 0.752432 0.105033 0.753514 0.096280 0.753514 0.091904 0.755676 0.091904 0.756757 0.089716 0.757838 0.083151 0.757838 0.080963 0.756757 0.076586 0.756757 0.076586 0.757838 0.072210 0.760000 0.072210 0.764324 0.074398 0.765405 0.074398 0.767568 0.078775 0.767568 0.080963 0.766486 0.085339 0.766486 0.087527 0.767568 0.087527 0.776216 0.091904 0.776216 0.091904 0.770811 0.094092 0.769730 0.098468 0.769730 0.100656 0.770811 0.100656 0.779459 0.105033 0.779459 0.105033 0.766486 0.107221 0.765405 0.109409 0.765405 0.111597 0.764324 0.118162 0.764324 0.120350 0.765405 0.120350 0.766486 0.124726 0.766486 0.126915 0.767568 0.126915 0.807568 0.137856 0.807568 0.140044 0.808649 0.140044 0.810811 0.144420 0.810811 0.144420 0.779459 0.146608 0.778378 0.150985 0.778378 0.153173 0.779459 0.153173 0.809730 0.157549 0.809730 0.157549 0.780541 0.159737 0.779459 0.164114 0.779459 0.166302 0.780541 0.166302 0.809730 0.170678 0.809730 0.170678 0.780541 0.172867 0.779459 0.175055 0.779459 0.177243 0.778378 0.177243 0.775135 0.179431 0.774054 0.183807 0.774054 0.185996 0.775135 0.185996 0.779459 0.188184 0.779459 0.190372 0.780541 0.190372 0.784865 0.188184 0.785946 0.188184 0.795676 0.190372 0.796757 0.190372 0.797838 0.192560 0.798919 0.192560 0.810811 0.194748 0.810811 0.196937 0.811892 0.196937 0.815135 0.199125 0.815135 0.201313 0.816216 0.201313 0.817297 0.203501 0.818378 0.203501 0.825946 0.201313 0.827027 0.192560 0.827027 0.192560 0.830270 0.190372 0.831351 0.185996 0.831351 0.185996 0.833514 0.188184 0.834595 0.188184 0.836757 0.185996 0.837838 0.179431 0.837838 0.177243 0.836757 0.177243 0.834595 0.172867 0.834595 0.170678 0.833514 0.170678 0.818378 0.166302 0.818378 0.166302 0.833514 0.170678 0.833514 0.172867 0.834595 0.172867 0.838919 0.179431 0.838919 0.181619 0.840000 0.181619 0.841081 0.183807 0.841081 0.185996 0.842162 0.185996 0.851892 0.183807 0.852973 0.179431 0.852973 0.177243 0.851892 0.177243 0.845405 0.175055 0.844324 0.170678 0.844324 0.168490 0.843243 0.164114 0.843243 0.161926 0.844324 0.159737 0.844324 0.159737 0.847568 0.157549 0.848649 0.148796 0.848649 0.146608 0.849730 0.146608 0.851892 0.150985 0.851892 0.153173 0.852973 0.153173 0.855135 0.148796 0.857297 0.146608 0.857297 0.146608 0.858378 0.144420 0.859459 0.129103 0.859459 0.126915 0.860541 0.124726 0.860541 0.122538 0.861622 0.120350 0.861622 0.120350 0.862703 0.118162 0.863784 0.105033 0.863784 0.102845 0.864865 0.098468 0.864865 0.096280 0.865946 0.091904 0.865946 0.087527 0.863784 0.087527 0.850811 0.089716 0.849730 0.094092 0.849730 0.094092 0.847568 0.087527 0.847568 0.085339 0.846486 0.085339 0.844324 0.083151 0.844324 0.080963 0.843243 0.080963 0.820541 0.076586 0.820541 0.076586 0.846486 0.078775 0.846486 0.080963 0.847568 0.080963 0.852973 0.078775 0.854054 0.074398 0.854054 0.072210 0.852973 0.072210 0.848649 0.067834 0.848649 0.067834 0.851892 0.070022 0.852973 0.070022 0.857297 0.074398 0.859459 0.074398 0.861622 0.072210 0.862703 0.072210 0.868108 0.070022 0.869189 0.067834 0.869189 0.067834 0.871351 0.074398 0.871351 0.076586 0.872432 0.078775 0.872432 0.080963 0.873514 0.080963 0.875676 0.083151 0.876757 0.083151 0.880000 0.078775 0.882162 0.076586 0.882162 0.072210 0.884324 0.072210 0.886486 0.070022 0.887568 0.070022 0.889730 0.074398 0.889730 0.076586 0.890811 0.080963 0.890811 0.083151 0.889730 0.087527 0.889730 0.089716 0.890811 0.094092 0.890811 0.094092 0.889730 0.096280 0.888649 0.100656 0.888649 0.102845 0.889730 0.102845 0.891892 0.107221 0.891892 0.107221 0.887568 0.109409 0.886486 0.115974 0.886486 0.115974 0.885405 0.118162 0.884324 0.126915 0.884324 0.129103 0.885405 0.129103 0.888649 0.133479 0.888649 0.133479 0.883243 0.135667 0.882162 0.140044 0.882162 0.142232 0.881081 0.153173 0.881081 0.155361 0.882162 0.155361 0.886486 0.159737 0.886486 0.159737 0.885405 0.161926 0.884324 0.172867 0.884324 0.172867 0.881081 0.168490 0.881081 0.166302 0.880000 0.166302 0.876757 0.168490 0.875676 0.177243 0.875676 0.177243 0.874595 0.179431 0.873514 0.183807 0.873514 0.188184 0.875676 0.205689 0.875676 0.205689 0.874595 0.207877 0.873514 0.212254 0.873514 0.214442 0.872432 0.223195 0.872432 0.223195 0.871351 0.225383 0.870270 0.227571 0.870270 0.229759 0.869189 0.236324 0.869189 0.238512 0.870270 0.238512 0.880000 0.242888 0.880000 0.242888 0.874595 0.245077 0.873514 0.245077 0.871351 0.247265 0.870270 0.256018 0.870270 0.258206 0.871351 0.258206 0.872432 0.262582 0.872432 0.264770 0.871351 0.269147 0.871351 0.271335 0.872432 0.282276 0.872432 0.288840 0.875676 0.288840 0.878919 0.286652 0.880000 0.282276 0.880000 0.280088 0.878919 0.280088 0.877838 0.275711 0.877838 0.271335 0.880000 0.269147 0.880000 0.269147 0.881081 0.266958 0.882162 0.258206 0.882162 0.256018 0.883243 0.251641 0.883243 0.251641 0.885405 0.249453 0.886486 0.242888 0.886486 0.242888 0.888649 0.249453 0.888649 0.249453 0.886486 0.251641 0.885405 0.256018 0.885405 0.258206 0.886486 0.258206 0.891892 0.253829 0.894054 0.253829 0.895135 0.251641 0.896216 0.251641 0.898378 0.256018 0.898378 0.258206 0.899459 0.258206 0.907027 0.262582 0.907027 0.262582 0.899459 0.264770 0.898378 0.269147 0.898378 0.271335 0.899459 0.271335 0.907027 0.275711 0.907027 0.275711 0.899459 0.277899 0.898378 0.282276 0.898378 0.284464 0.899459 0.284464 0.903784 0.288840 0.903784 0.288840 0.899459 0.291028 0.898378 0.301969 0.898378 0.301969 0.891892 0.304158 0.890811 0.306346 0.890811 0.306346 0.875676 0.308534 0.874595 0.315098 0.874595 0.317287 0.875676 0.319475 0.875676 0.321663 0.876757 0.321663 0.878919 0.319475 0.880000 0.315098 0.880000 0.315098 0.886486 0.317287 0.886486 0.319475 0.887568 0.319475 0.888649 0.321663 0.889730 0.321663 0.896216 0.323851 0.897297 0.326039 0.897297 0.328228 0.898378 0.328228 0.900541 0.326039 0.901622 0.321663 0.901622 0.321663 0.905946 0.323851 0.905946 0.326039 0.907027 0.326039 0.909189 0.334792 0.909189 0.336980 0.908108 0.339168 0.908108 0.339168 0.904865 0.341357 0.903784 0.345733 0.903784 0.347921 0.904865 0.347921 0.905946 0.352298 0.905946 0.352298 0.900541 0.354486 0.899459 0.361050 0.899459 0.363239 0.900541 0.363239 0.901622 0.365427 0.901622 0.367615 0.902703 0.367615 0.905946 0.365427 0.907027 0.365427 0.909189 0.363239 0.910270 0.358862 0.910270 0.358862 0.911351 0.356674 0.912432 0.356674 0.920000 0.354486 0.921081 0.354486 0.924324 0.352298 0.925405 0.350109 0.925405 0.350109 0.929730 0.347921 0.930811 0.347921 0.937297 0.352298 0.937297 0.352298 0.934054 0.354486 0.932973 0.356674 0.932973 0.356674 0.931892 0.361050 0.929730 0.363239 0.929730 0.363239 0.927568 0.365427 0.926486 0.365427 0.922162 0.369803 0.920000 0.369803 0.918919 0.371991 0.917838 0.371991 0.909189 0.374179 0.908108 0.382932 0.908108 0.382932 0.907027 0.385120 0.905946 0.385120 0.904865 0.387309 0.903784 0.389497 0.903784 0.389497 0.901622 0.391685 0.900541 0.391685 0.899459 0.393873 0.898378 0.404814 0.898378 0.404814 0.891892 0.407002 0.890811 0.413567 0.890811 0.415755 0.891892 0.415755 0.907027 0.413567 0.908108 0.407002 0.908108 0.407002 0.924324 0.404814 0.925405 0.404814 0.931892 0.402626 0.932973 0.400438 0.932973 0.400438 0.938378 0.407002 0.938378 0.409190 0.939459 0.409190 0.948108 0.411379 0.949189 0.411379 0.951351 0.413567 0.952432 0.413567 0.957838 0.417943 0.957838 0.417943 0.940541 0.420131 0.939459 0.420131 0.934054 0.422319 0.932973 0.431072 0.932973 0.431072 0.918919 0.433260 0.917838 0.433260 0.903784 0.435449 0.902703 0.435449 0.899459 0.437637 0.898378 0.437637 0.889730 0.435449 0.888649 0.435449 0.882162 0.437637 0.881081 0.442013 0.881081 0.444201 0.882162 0.444201 0.886486 0.446389 0.886486 0.450766 0.888649 0.450766 0.896216 0.455142 0.896216 0.455142 0.895135 0.457330 0.894054 0.461707 0.894054 0.463895 0.895135 0.463895 0.897297 0.461707 0.898378 0.461707 0.900541 0.463895 0.901622 0.463895 0.905946 0.468271 0.908108 0.468271 0.910270 0.470460 0.911351 0.470460 0.912432 0.472648 0.913514 0.472648 0.914595 0.481400 0.914595 0.483589 0.915676 0.483589 0.917838 0.481400 0.918919 0.474836 0.918919 0.474836 0.921081 0.477024 0.922162 0.477024 0.923243 0.479212 0.924324 0.479212 0.925405 0.481400 0.926486 0.481400 0.930811 0.483589 0.930811 0.485777 0.931892 0.485777 0.932973 0.492341 0.932973 0.494530 0.934054 0.494530 0.935135 0.496718 0.936216 0.496718 0.941622 0.501094 0.941622 0.501094 0.937297 0.503282 0.936216 0.503282 0.932973 0.501094 0.932973 0.498906 0.931892 0.498906 0.927568 0.496718 0.926486 0.496718 0.924324 0.494530 0.923243 0.494530 0.912432 0.496718 0.911351 0.496718 0.902703 0.498906 0.901622 0.498906 0.899459 0.501094 0.898378 0.505470 0.898378 0.507659 0.899459 0.507659 0.900541 0.509847 0.901622 0.509847 0.902703 0.512035 0.903784 0.512035 0.909189 0.514223 0.910270 0.514223 0.911351 0.518600 0.911351 0.520788 0.912432 0.520788 0.914595 0.525164 0.916757 0.525164 0.917838 0.527352 0.918919 0.527352 0.920000 0.529540 0.921081 0.529540 0.936216 0.533917 0.936216 0.533917 0.935135 0.536105 0.934054 0.538293 0.934054 0.538293 0.930811 0.540481 0.929730 0.540481 0.928649 0.542670 0.927568 0.542670 0.925405 0.544858 0.924324 0.544858 0.916757 0.540481 0.914595 0.540481 0.913514 0.538293 0.912432 0.538293 0.904865 0.540481 0.903784 0.544858 0.903784 0.544858 0.887568 0.547046 0.886486 0.553611 0.886486 0.555799 0.887568 0.555799 0.901622 0.560175 0.901622 0.562363 0.900541 0.564551 0.900541 0.564551 0.894054 0.566740 0.892973 0.571116 0.892973 0.573304 0.894054 0.573304 0.895135 0.577681 0.895135 0.579869 0.896216 0.579869 0.910270 0.584245 0.910270 0.584245 0.899459 0.586433 0.898378 0.590810 0.898378 0.592998 0.899459 0.592998 0.903784 0.597374 0.903784 0.597374 0.900541 0.599562 0.899459 0.601751 0.899459 0.603939 0.898378 0.608315 0.898378 0.610503 0.899459 0.612691 0.899459 0.614880 0.900541 0.617068 0.900541 0.619256 0.901622 0.619256 0.911351 0.623632 0.911351 0.623632 0.905946 0.625821 0.904865 0.630197 0.904865 0.632385 0.903784 0.636761 0.903784 0.638950 0.904865 0.638950 0.911351 0.641138 0.912432 0.641138 0.913514 0.643326 0.914595 0.647702 0.914595 0.649891 0.915676 0.649891 0.918919 0.652079 0.920000 0.652079 0.930811 0.654267 0.931892 0.654267 0.936216 0.656455 0.937297 0.656455 0.943784 0.658643 0.944865 0.658643 0.960000 0.663020 0.962162 0.663020 0.971892 0.665208 0.972973 0.665208 0.978378 0.669584 0.978378 0.671772 0.979459 0.671772 0.988108 0.678337 0.988108 0.678337 0.969730 0.676149 0.968649 0.676149 0.956757 0.673961 0.955676 0.673961 0.941622 0.671772 0.940541 0.671772 0.938378 0.669584 0.937297 0.669584 0.936216 0.667396 0.935135 0.667396 0.932973 0.665208 0.931892 0.665208 0.928649 0.663020 0.927568 0.663020 0.925405 0.660832 0.924324 0.660832 0.917838 0.658643 0.916757 0.658643 0.913514 0.656455 0.913514 0.654267 0.912432 0.654267 0.910270 0.652079 0.909189 0.652079 0.908108 0.649891 0.907027 0.649891 0.905946 0.647702 0.904865 0.647702 0.901622 0.645514 0.900541 0.643326 0.900541 0.641138 0.899459 0.641138 0.898378 0.638950 0.897297 0.632385 0.897297 0.630197 0.896216 0.630197 0.876757 0.628009 0.875676 0.628009 0.873514 0.630197 0.872432 0.630197 0.868108 0.632385 0.867027 0.647702 0.867027 0.652079 0.869189 0.652079 0.871351 0.654267 0.872432 0.654267 0.875676 0.656455 0.875676 0.658643 0.876757 0.658643 0.883243 0.660832 0.883243 0.663020 0.884324 0.663020 0.885405 0.665208 0.886486 0.665208 0.891892 0.667396 0.892973 0.667396 0.895135 0.671772 0.895135 0.673961 0.896216 0.673961 0.900541 0.676149 0.901622 0.676149 0.904865 0.678337 0.905946 0.678337 0.913514 0.680525 0.914595 0.680525 0.917838 0.682713 0.918919 0.682713 0.922162 0.684902 0.923243 0.684902 0.926486 0.687090 0.926486 0.689278 0.927568 0.689278 0.931892 0.691466 0.932973 0.691466 0.936216 0.700219 0.936216 0.702407 0.937297 0.702407 0.944865 0.706783 0.944865 0.706783 0.928649 0.704595 0.927568 0.704595 0.922162 0.698031 0.922162 0.695842 0.921081 0.695842 0.910270 0.693654 0.909189 0.693654 0.896216 0.691466 0.895135 0.691466 0.890811 0.689278 0.889730 0.689278 0.880000 0.691466 0.878919 0.691466 0.875676 0.693654 0.874595 0.693654 0.850811 0.695842 0.849730 0.700219 0.849730 0.702407 0.850811 0.702407 0.855135 0.704595 0.855135 0.706783 0.856216 0.706783 0.867027 0.708972 0.868108 0.708972 0.873514 0.713348 0.873514 0.713348 0.862703 0.715536 0.861622 0.726477 0.861622 0.728665 0.860541 0.752735 0.860541 0.752735 0.858378 0.754923 0.857297 0.761488 0.857297 0.763676 0.858378 0.765864 0.858378 0.768053 0.859459 0.770241 0.859459 0.772429 0.860541 0.772429 0.862703 0.776805 0.862703 0.778993 0.861622 0.785558 0.861622 0.787746 0.862703 0.798687 0.862703 0.800875 0.863784 0.800875 0.864865 0.805252 0.864865 0.807440 0.865946 0.809628 0.865946 0.814004 0.868108 0.820569 0.868108 0.820569 0.863784 0.822757 0.862703 0.822757 0.859459 0.818381 0.859459 0.816193 0.858378 0.816193 0.856216 0.805252 0.856216 0.803063 0.855135 0.803063 0.852973 0.792123 0.852973 0.789934 0.851892 0.789934 0.849730 0.778993 0.849730 0.776805 0.848649 0.776805 0.847568 0.772429 0.847568 0.770241 0.848649 0.761488 0.848649 0.759300 0.847568 0.759300 0.845405 0.754923 0.845405 0.750547 0.843243 0.750547 0.840000 0.746171 0.840000 0.743982 0.841081 0.739606 0.841081 0.737418 0.840000 0.737418 0.835676 0.739606 0.834595 0.750547 0.834595 0.750547 0.831351 0.757112 0.828108 0.768053 0.828108 0.770241 0.829189 0.770241 0.830270 0.772429 0.831351 0.772429 0.836757 0.776805 0.836757 0.776805 0.830270 0.778993 0.829189 0.783370 0.829189 0.785558 0.830270 0.785558 0.834595 0.789934 0.834595 0.789934 0.831351 0.792123 0.830270 0.796499 0.830270 0.798687 0.831351 0.798687 0.835676 0.803063 0.835676 0.803063 0.831351 0.805252 0.830270 0.809628 0.830270 0.811816 0.831351 0.811816 0.834595 0.816193 0.834595 0.816193 0.829189 0.818381 0.828108 0.820569 0.828108 0.820569 0.776216 0.822757 0.775135 0.827133 0.775135 0.829322 0.776216 0.829322 0.807568 0.831510 0.808649 0.831510 0.811892 0.838074 0.811892 0.840263 0.812973 0.840263 0.815135 0.838074 0.816216 0.831510 0.816216 0.829322 0.817297 0.829322 0.828108 0.833698 0.828108 0.835886 0.829189 0.835886 0.832432 0.838074 0.833514 0.838074 0.834595 0.842451 0.834595 0.844639 0.833514 0.853392 0.833514 0.853392 0.832432 0.855580 0.831351 0.859956 0.831351 0.862144 0.832432 0.862144 0.834595 0.866521 0.834595 0.866521 0.831351 0.868709 0.830270 0.873085 0.830270 0.875274 0.831351 0.875274 0.840000 0.879650 0.840000 0.879650 0.831351 0.886214 0.828108 0.897155 0.828108 0.899344 0.829189 0.899344 0.835676 0.905908 0.835676 0.905908 0.833514 0.908096 0.832432 0.919037 0.832432 0.919037 0.829189 0.921225 0.828108 0.932166 0.828108 0.932166 0.824865 0.934354 0.823784 0.934354 0.817297 0.929978 0.815135 0.925602 0.815135 0.923414 0.814054 0.919037 0.814054 0.916849 0.812973 0.916849 0.798919 0.919037 0.797838 0.923414 0.797838 0.925602 0.798919 0.929978 0.798919 0.929978 0.796757 0.932166 0.795676 0.936543 0.795676 0.938731 0.796757 0.938731 0.809730 0.943107 0.809730 0.943107 0.797838 0.945295 0.796757 0.947484 0.796757 0.949672 0.795676 0.949672 0.789189 0.951860 0.788108 0.951860 0.785946 0.949672 0.784865 0.949672 0.783784 0.945295 0.783784 0.943107 0.782703 0.943107 0.781622 0.938731 0.781622 0.936543 0.782703 0.932166 0.782703 0.929978 0.781622 0.929978 0.766486 0.932166 0.765405 0.932166 0.763243 0.934354 0.762162 0.943107 0.762162 0.943107 0.751351 0.945295 0.750270 0.947484 0.750270 0.947484 0.742703 0.945295 0.742703 0.943107 0.741622 0.943107 0.740541 0.940919 0.739459 0.940919 0.734054 0.943107 0.732973 0.943107 0.726486 0.945295 0.725405 0.949672 0.725405 0.949672 0.704865 0.945295 0.704865 0.943107 0.703784 0.943107 0.695135 0.947484 0.692973 0.949672 0.692973 0.949672 0.688649 0.951860 0.687568 0.960613 0.687568 0.962801 0.688649 0.962801 0.712432 0.973742 0.712432 0.975930 0.713514 0.975930 0.716757 0.973742 0.717838 0.962801 0.717838 0.962801 0.738378 0.969365 0.738378 0.969365 0.737297 0.971554 0.736216 0.980306 0.736216 0.980306 0.732973 0.971554 0.732973 0.969365 0.731892 0.969365 0.728649 0.967177 0.727568 0.967177 0.722162 0.969365 0.721081 0.973742 0.721081 0.975930 0.722162 0.975930 0.723243 0.980306 0.723243 0.980306 0.720000 0.982495 0.718919 0.986871 0.718919 0.989059 0.720000 0.989059 0.741622 0.993435 0.741622 0.993435 0.698378 0.989059 0.698378 0.989059 0.711351 0.986871 0.712432 0.971554 0.712432 0.969365 0.711351 0.969365 0.704865 0.971554 0.703784 0.980306 0.703784 0.980306 0.651892 0.982495 0.650811 0.986871 0.650811 0.989059 0.651892 0.989059 0.694054 0.993435 0.694054 0.993435 0.621622 0.991247 0.620541 0.982495 0.620541 0.980306 0.619459 0.980306 0.592432 0.982495 0.591351 0.991247 0.591351 0.991247 0.577297 0.982495 0.577297 0.980306 0.576216 0.980306 0.574054 0.982495 0.572973 0.991247 0.572973 0.991247 0.564324 0.982495 0.564324 0.980306 0.563243 0.980306 0.561081 0.982495 0.560000 0.997812 0.560000 0.997812 0.552432 0.993435 0.552432 0.991247 0.551351 0.991247 0.541622 0.993435 0.540541 0.997812 0.540541 0.997812 0.538378 0.993435 0.538378 0.991247 0.537297 0.991247 0.535135 0.993435 0.534054 0.997812 0.534054 0.997812 0.526486 0.995624 0.526486 0.993435 0.525405 0.993435 0.524324 0.991247 0.523243 0.991247 0.514595 0.986871 0.514595 0.986871 0.516757 0.984683 0.517838 0.980306 0.517838 0.978118 0.516757 0.978118 0.503784 0.980306 0.502703 0.989059 0.502703 0.989059 0.500541 0.980306 0.500541 0.978118 0.499459 0.978118 0.497297 0.980306 0.496216 0.991247 0.496216 0.991247 0.491892 0.989059 0.490811 0.989059 0.486486 0.980306 0.486486 0.978118 0.485405 0.978118 0.478919 0.980306 0.477838 0.997812 0.477838 0.997812 0.418378 0.995624 0.418378 0.993435 0.417297 0.993435 0.415135 0.995624 0.414054 0.997812 0.414054 0.997812 0.411892 0.995624 0.411892 0.993435 0.410811 0.993435 0.403243 0.995624 0.402162 0.997812 0.402162 0.997812 0.000000 0.181619 0.000000 0.181619 0.004324 0.185996 0.004324 0.188184 0.003243 0.192560 0.003243 0.194748 0.004324 0.194748 0.011892 0.192560 0.012973 0.183807 0.012973 0.183807 0.029189 0.181619 0.030270 0.177243 0.030270 0.177243 0.059459 0.179431 0.059459 0.181619 0.060541 0.181619 0.061622 0.183807 0.062703 0.183807 0.070270 0.181619 0.071351 0.172867 0.071351 0.170678 0.070270 0.170678 0.069189 0.166302 0.069189 0.164114 0.068108 0.164114 0.058378 0.161926 0.057297 0.161926 0.055135 0.166302 0.052973 0.168490 0.052973 0.168490 0.044324 0.164114 0.044324 0.161926 0.043243 0.161926 0.036757 0.164114 0.035676 0.164114 0.032432 0.161926 0.031351 0.161926 0.000000 0.157549 0.000000 0.157549 0.044324 0.155361 0.045405 0.150985 0.045405 0.148796 0.044324 0.148796 0.012973 0.144420 0.012973 0.144420 0.024865 0.142232 0.025946 0.137856 0.025946 0.135667 0.024865 0.135667 0.009730 0.131291 0.009730 0.131291 0.011892 0.129103 0.012973 0.124726 0.012973 0.122538 0.011892 0.122538 0.000000
0 0.054705 0.000000 0.054705 0.109189 0.059081 0.109189 0.059081 0.100541 0.061269 0.099459 0.065646 0.099459 0.067834 0.100541 0.067834 0.109189 0.072210 0.109189 0.072210 0.052973 0.067834 0.052973 0.067834 0.082162 0.065646 0.083243 0.061269 0.083243 0.059081 0.082162 0.059081 0.004324 0.061269 0.003243 0.072210 0.003243 0.072210 0.000000
0 0.028446 0.000000 0.028446 0.051892 0.026258 0.052973 0.017505 0.052973 0.017505 0.111351 0.021882 0.111351 0.024070 0.110270 0.035011 0.110270 0.035011 0.071351 0.032823 0.070270 0.032823 0.068108 0.035011 0.067027 0.035011 0.063784 0.032823 0.062703 0.032823 0.052973 0.035011 0.051892 0.035011 0.048649 0.032823 0.047568 0.032823 0.000000