0 0.938776 0.660983 0.938776 0.678034 0.942857 0.678034 0.942857 0.670010 0.944898 0.669007 0.955102 0.669007 0.955102 0.664995 0.957143 0.663992 0.967347 0.663992 0.967347 0.660983
0 0.889796 0.660983 0.889796 0.690070 0.893878 0.690070 0.893878 0.660983
0 0.902041 0.636911 0.902041 0.671013 0.906122 0.671013 0.906122 0.636911
0 0.914286 0.602808 0.914286 0.654965 0.918367 0.654965 0.918367 0.602808
0 0.830612 0.602808 0.830612 0.653962 0.834694 0.653962 0.834694 0.602808
0 0.951020 0.601805 0.951020 0.650953 0.948980 0.651956 0.944898 0.651956 0.942857 0.650953 0.942857 0.603811 0.938776 0.603811 0.938776 0.655968 0.946939 0.655968 0.948980 0.656971 0.955102 0.656971 0.957143 0.655968 0.967347 0.655968 0.967347 0.648947 0.969388 0.647944 0.979592 0.647944 0.979592 0.633902 0.969388 0.633902 0.967347 0.632899 0.967347 0.630893 0.969388 0.629890 0.979592 0.629890 0.979592 0.627884 0.963265 0.627884 0.963265 0.628887 0.961224 0.629890 0.957143 0.629890 0.955102 0.628887 0.955102 0.624875 0.957143 0.623872 0.967347 0.623872 0.967347 0.602808 0.963265 0.602808 0.963265 0.608826 0.961224 0.609829 0.957143 0.609829 0.955102 0.608826 0.955102 0.601805
0 0.620408 0.545637 0.620408 0.554664 0.618367 0.555667 0.616327 0.555667 0.616327 0.559679 0.620408 0.559679 0.620408 0.553661 0.622449 0.552658 0.630612 0.552658 0.632653 0.553661 0.636735 0.553661 0.636735 0.552658 0.638776 0.551655 0.642857 0.551655 0.644898 0.552658 0.644898 0.558676 0.642857 0.559679 0.638776 0.559679 0.638776 0.560682 0.636735 0.561685 0.636735 0.563691 0.638776 0.564694 0.638776 0.566700 0.642857 0.566700 0.642857 0.560682 0.644898 0.559679 0.648980 0.559679 0.651020 0.560682 0.651020 0.566700 0.655102 0.566700 0.655102 0.558676 0.653061 0.557673 0.653061 0.550652 0.651020 0.550652 0.648980 0.549649 0.648980 0.547643 0.646939 0.546640 0.646939 0.545637 0.634694 0.545637 0.634694 0.547643 0.630612 0.549649 0.626531 0.549649 0.624490 0.548646 0.624490 0.545637
0 0.291837 0.542628 0.291837 0.545637 0.289796 0.546640 0.281633 0.546640 0.281633 0.550652 0.279592 0.551655 0.279592 0.553661 0.295918 0.553661 0.295918 0.542628
0 0.330612 0.525577 0.330612 0.527583 0.332653 0.528586 0.332653 0.532598 0.334694 0.533601 0.334694 0.540622 0.330612 0.542628 0.322449 0.542628 0.322449 0.544634 0.324490 0.545637 0.330612 0.545637 0.332653 0.546640 0.332653 0.558676 0.338776 0.558676 0.340816 0.559679 0.340816 0.562688 0.338776 0.563691 0.338776 0.565697 0.344898 0.565697 0.344898 0.559679 0.346939 0.558676 0.351020 0.558676 0.353061 0.557673 0.365306 0.557673 0.367347 0.558676 0.367347 0.563691 0.365306 0.564694 0.363265 0.564694 0.363265 0.566700 0.367347 0.566700 0.367347 0.564694 0.369388 0.563691 0.373469 0.563691 0.375510 0.564694 0.375510 0.575727 0.379592 0.575727 0.379592 0.565697 0.377551 0.565697 0.375510 0.564694 0.375510 0.542628 0.369388 0.542628 0.369388 0.545637 0.367347 0.546640 0.363265 0.546640 0.361224 0.545637 0.361224 0.543631 0.353061 0.543631 0.351020 0.542628 0.351020 0.540622 0.346939 0.540622 0.346939 0.543631 0.344898 0.544634 0.340816 0.544634 0.338776 0.543631 0.338776 0.528586 0.340816 0.527583 0.340816 0.525577
0 0.293878 0.499498 0.293878 0.501505 0.302041 0.501505 0.304082 0.502508 0.304082 0.507523 0.297959 0.510532 0.295918 0.510532 0.295918 0.512538 0.293878 0.513541 0.285714 0.513541 0.283673 0.512538 0.283673 0.510532 0.279592 0.510532 0.279592 0.511535 0.277551 0.512538 0.277551 0.516550 0.283673 0.516550 0.285714 0.515547 0.291837 0.515547 0.293878 0.516550 0.293878 0.518556 0.295918 0.519559 0.295918 0.522568 0.293878 0.523571 0.287755 0.523571 0.285714 0.522568 0.279592 0.522568 0.279592 0.530592 0.289796 0.530592 0.291837 0.531595 0.295918 0.531595 0.295918 0.529589 0.297959 0.528586 0.302041 0.528586 0.304082 0.529589 0.304082 0.533601 0.314286 0.533601 0.318367 0.535607 0.326531 0.535607 0.326531 0.533601 0.322449 0.533601 0.320408 0.532598 0.320408 0.531595 0.310204 0.531595 0.308163 0.530592 0.308163 0.527583 0.310204 0.526580 0.310204 0.524574 0.312245 0.523571 0.320408 0.523571 0.322449 0.522568 0.326531 0.522568 0.326531 0.519559 0.322449 0.519559 0.320408 0.518556 0.320408 0.514544 0.322449 0.513541 0.338776 0.513541 0.340816 0.514544 0.340816 0.519559 0.344898 0.519559 0.344898 0.518556 0.346939 0.517553 0.355102 0.517553 0.357143 0.518556 0.357143 0.520562 0.367347 0.520562 0.369388 0.521565 0.369388 0.522568 0.371429 0.523571 0.371429 0.533601 0.375510 0.533601 0.377551 0.532598 0.381633 0.532598 0.381633 0.527583 0.377551 0.527583 0.375510 0.526580 0.375510 0.520562 0.377551 0.519559 0.379592 0.519559 0.379592 0.516550 0.377551 0.515547 0.373469 0.515547 0.371429 0.514544 0.371429 0.511535 0.373469 0.510532 0.381633 0.510532 0.381633 0.505517 0.377551 0.505517 0.377551 0.508526 0.375510 0.509529 0.371429 0.509529 0.369388 0.508526 0.369388 0.505517 0.365306 0.505517 0.365306 0.506520 0.363265 0.507523 0.359184 0.507523 0.357143 0.506520 0.353061 0.506520 0.353061 0.507523 0.346939 0.510532 0.342857 0.510532 0.340816 0.509529 0.340816 0.508526 0.336735 0.508526 0.336735 0.509529 0.334694 0.510532 0.318367 0.510532 0.316327 0.509529 0.312245 0.509529 0.308163 0.507523 0.308163 0.501505 0.300000 0.501505 0.297959 0.500502 0.297959 0.499498
0 0.857143 0.424273 0.857143 0.477432 0.861224 0.477432 0.861224 0.424273
0 0.008163 0.245737 0.008163 0.271815 0.012245 0.271815 0.012245 0.245737
0 0.020408 0.187563 0.018367 0.188566 0.010204 0.188566 0.010204 0.191575 0.008163 0.192578 0.008163 0.199599 0.010204 0.200602 0.010204 0.203611 0.008163 0.204614 0.008163 0.215647 0.018367 0.215647 0.020408 0.216650 0.020408 0.219659 0.018367 0.220662 0.008163 0.220662 0.008163 0.237713 0.012245 0.237713 0.012245 0.229689 0.014286 0.228686 0.018367 0.228686 0.020408 0.229689 0.020408 0.239719 0.024490 0.239719 0.024490 0.197593 0.028571 0.195587 0.028571 0.193581 0.030612 0.192578 0.030612 0.190572 0.026531 0.190572 0.024490 0.189569 0.024490 0.187563
0 0.044898 0.143430 0.044898 0.152457 0.055102 0.152457 0.057143 0.153460 0.057143 0.158475 0.055102 0.159478 0.044898 0.159478 0.044898 0.181545 0.048980 0.181545 0.048980 0.172518 0.051020 0.171515 0.055102 0.171515 0.057143 0.172518 0.057143 0.179539 0.061224 0.179539 0.061224 0.149448 0.053061 0.149448 0.051020 0.148445 0.051020 0.143430
0 0.969388 0.130391 0.969388 0.182548 0.973469 0.182548 0.973469 0.130391
0 0.057143 0.129388 0.057143 0.131394 0.055102 0.132397 0.046939 0.132397 0.046939 0.136409 0.051020 0.136409 0.051020 0.135406 0.053061 0.134403 0.067347 0.134403 0.069388 0.135406 0.069388 0.136409 0.073469 0.136409 0.073469 0.130391 0.065306 0.130391 0.063265 0.129388
0 0.010204 0.127382 0.010204 0.181545 0.014286 0.181545 0.016327 0.180542 0.026531 0.180542 0.026531 0.128385 0.022449 0.128385 0.022449 0.149448 0.020408 0.150451 0.016327 0.150451 0.014286 0.149448 0.014286 0.127382
0 0.046939 0.091274 0.046939 0.121364 0.051020 0.121364 0.051020 0.091274
0 0.010204 0.050150 0.010204 0.121364 0.014286 0.121364 0.014286 0.050150
0 0.022449 0.042126 0.022449 0.120361 0.026531 0.120361 0.026531 0.042126
0 0.024490 0.004012 0.024490 0.008024 0.022449 0.009027 0.018367 0.009027 0.016327 0.008024 0.016327 0.006018 0.014286 0.005015 0.006122 0.005015 0.004082 0.006018 0.000000 0.006018 0.000000 0.010030 0.002041 0.010030 0.006122 0.008024 0.010204 0.008024 0.012245 0.009027 0.012245 0.019057 0.010204 0.020060 0.010204 0.024072 0.012245 0.025075 0.012245 0.028084 0.016327 0.028084 0.016327 0.022066 0.018367 0.021063 0.028571 0.021063 0.028571 0.009027 0.030612 0.008024 0.034694 0.008024 0.036735 0.007021 0.040816 0.007021 0.040816 0.005015 0.032653 0.005015 0.030612 0.004012
0 0.316327 0.000000 0.316327 0.001003 0.314286 0.002006 0.277551 0.002006 0.275510 0.003009 0.132653 0.003009 0.132653 0.004012 0.130612 0.005015 0.124490 0.005015 0.122449 0.004012 0.085714 0.004012 0.083673 0.005015 0.079592 0.005015 0.077551 0.004012 0.073469 0.004012 0.071429 0.005015 0.071429 0.008024 0.069388 0.009027 0.065306 0.009027 0.063265 0.008024 0.046939 0.008024 0.046939 0.063190 0.051020 0.063190 0.051020 0.012036 0.053061 0.011033 0.057143 0.011033 0.059184 0.012036 0.059184 0.044132 0.063265 0.044132 0.063265 0.012036 0.065306 0.011033 0.069388 0.011033 0.071429 0.012036 0.071429 0.040120 0.075510 0.040120 0.075510 0.012036 0.077551 0.011033 0.081633 0.011033 0.083673 0.012036 0.083673 0.044132 0.087755 0.044132 0.087755 0.011033 0.089796 0.010030 0.093878 0.010030 0.093878 0.008024 0.095918 0.007021 0.106122 0.007021 0.108163 0.008024 0.108163 0.030090 0.116327 0.030090 0.118367 0.031093 0.118367 0.038114 0.116327 0.039117 0.106122 0.039117 0.106122 0.042126 0.116327 0.042126 0.118367 0.043129 0.118367 0.049147 0.116327 0.050150 0.106122 0.050150 0.106122 0.077232 0.104082 0.078235 0.089796 0.078235 0.087755 0.077232 0.087755 0.070211 0.077551 0.070211 0.075510 0.069208 0.075510 0.050150 0.071429 0.050150 0.071429 0.073220 0.069388 0.074223 0.065306 0.074223 0.063265 0.073220 0.063265 0.049147 0.059184 0.049147 0.059184 0.086259 0.063265 0.086259 0.063265 0.084253 0.065306 0.083250 0.069388 0.083250 0.071429 0.084253 0.071429 0.087262 0.075510 0.087262 0.075510 0.083250 0.077551 0.082247 0.087755 0.082247 0.089796 0.081244 0.104082 0.081244 0.106122 0.082247 0.106122 0.083250 0.110204 0.083250 0.110204 0.076229 0.112245 0.075226 0.116327 0.075226 0.118367 0.076229 0.118367 0.082247 0.122449 0.082247 0.122449 0.040120 0.124490 0.039117 0.134694 0.039117 0.134694 0.011033 0.136735 0.010030 0.140816 0.010030 0.142857 0.011033 0.142857 0.045135 0.146939 0.045135 0.146939 0.036108 0.148980 0.035105 0.148980 0.010030 0.151020 0.009027 0.159184 0.009027 0.161224 0.010030 0.165306 0.010030 0.167347 0.011033 0.167347 0.044132 0.171429 0.044132 0.171429 0.014042 0.173469 0.013039 0.177551 0.013039 0.179592 0.014042 0.179592 0.062187 0.183673 0.062187 0.183673 0.012036 0.185714 0.011033 0.189796 0.011033 0.191837 0.012036 0.191837 0.040120 0.195918 0.040120 0.195918 0.011033 0.197959 0.010030 0.202041 0.010030 0.204082 0.011033 0.204082 0.023069 0.212245 0.023069 0.214286 0.024072 0.214286 0.046138 0.212245 0.047141 0.208163 0.047141 0.206122 0.046138 0.206122 0.043129 0.202041 0.043129 0.200000 0.044132 0.200000 0.047141 0.202041 0.047141 0.204082 0.048144 0.204082 0.049147 0.206122 0.050150 0.206122 0.051153 0.208163 0.052156 0.208163 0.056169 0.206122 0.057172 0.202041 0.057172 0.202041 0.064193 0.200000 0.065196 0.189796 0.065196 0.189796 0.068205 0.200000 0.068205 0.202041 0.069208 0.208163 0.069208 0.208163 0.060181 0.210204 0.059178 0.216327 0.059178 0.218367 0.060181 0.218367 0.061184 0.220408 0.062187 0.220408 0.068205 0.218367 0.069208 0.218367 0.076229 0.216327 0.077232 0.214286 0.077232 0.214286 0.092277 0.218367 0.092277 0.220408 0.091274 0.224490 0.091274 0.226531 0.092277 0.226531 0.121364 0.234694 0.121364 0.236735 0.122367 0.236735 0.123370 0.246939 0.123370 0.248980 0.124373 0.248980 0.126379 0.246939 0.127382 0.236735 0.127382 0.234694 0.128385 0.226531 0.128385 0.226531 0.147442 0.222449 0.149448 0.214286 0.149448 0.214286 0.151454 0.224490 0.151454 0.226531 0.152457 0.226531 0.164493 0.220408 0.167503 0.218367 0.167503 0.216327 0.168506 0.208163 0.168506 0.206122 0.167503 0.206122 0.128385 0.202041 0.128385 0.202041 0.168506 0.200000 0.169509 0.195918 0.169509 0.193878 0.168506 0.193878 0.128385 0.189796 0.128385 0.189796 0.178536 0.187755 0.179539 0.183673 0.179539 0.181633 0.178536 0.181633 0.151454 0.177551 0.151454 0.177551 0.178536 0.175510 0.179539 0.171429 0.179539 0.169388 0.178536 0.169388 0.153460 0.165306 0.153460 0.165306 0.179539 0.163265 0.180542 0.159184 0.180542 0.159184 0.184554 0.157143 0.185557 0.153061 0.185557 0.151020 0.184554 0.151020 0.180542 0.146939 0.180542 0.144898 0.179539 0.144898 0.177533 0.146939 0.176530 0.146939 0.171515 0.144898 0.170512 0.144898 0.167503 0.140816 0.167503 0.140816 0.179539 0.138776 0.180542 0.134694 0.180542 0.132653 0.179539 0.132653 0.172518 0.112245 0.172518 0.110204 0.171515 0.110204 0.154463 0.106122 0.154463 0.106122 0.178536 0.104082 0.179539 0.100000 0.179539 0.097959 0.178536 0.097959 0.167503 0.093878 0.167503 0.093878 0.178536 0.097959 0.178536 0.100000 0.179539 0.100000 0.190572 0.097959 0.191575 0.093878 0.191575 0.091837 0.190572 0.091837 0.189569 0.071429 0.189569 0.069388 0.188566 0.069388 0.185557 0.071429 0.184554 0.091837 0.184554 0.091837 0.181545 0.087755 0.181545 0.085714 0.180542 0.085714 0.132397 0.081633 0.132397 0.081633 0.181545 0.079592 0.182548 0.075510 0.182548 0.073469 0.181545 0.073469 0.148445 0.069388 0.148445 0.069388 0.179539 0.071429 0.179539 0.073469 0.180542 0.073469 0.182548 0.071429 0.183551 0.061224 0.183551 0.061224 0.185557 0.059184 0.186560 0.053061 0.186560 0.051020 0.187563 0.051020 0.193581 0.048980 0.194584 0.044898 0.194584 0.042857 0.193581 0.038776 0.193581 0.038776 0.212638 0.040816 0.212638 0.044898 0.214644 0.044898 0.227683 0.048980 0.227683 0.048980 0.216650 0.051020 0.215647 0.055102 0.215647 0.057143 0.216650 0.057143 0.239719 0.061224 0.239719 0.061224 0.219659 0.063265 0.218656 0.067347 0.218656 0.069388 0.219659 0.069388 0.243731 0.067347 0.244734 0.067347 0.245737 0.065306 0.246740 0.057143 0.246740 0.057143 0.266800 0.055102 0.267803 0.055102 0.271815 0.053061 0.272818 0.044898 0.272818 0.044898 0.280843 0.042857 0.281846 0.038776 0.281846 0.038776 0.307924 0.042857 0.309930 0.042857 0.315948 0.044898 0.316951 0.044898 0.320963 0.042857 0.321966 0.042857 0.325978 0.046939 0.325978 0.046939 0.322969 0.048980 0.321966 0.057143 0.321966 0.059184 0.322969 0.059184 0.325978 0.057143 0.326981 0.055102 0.326981 0.055102 0.330993 0.059184 0.330993 0.059184 0.327984 0.061224 0.326981 0.065306 0.326981 0.067347 0.327984 0.067347 0.329990 0.071429 0.329990 0.071429 0.328987 0.073469 0.327984 0.077551 0.327984 0.079592 0.328987 0.079592 0.341023 0.083673 0.341023 0.083673 0.331996 0.085714 0.330993 0.093878 0.330993 0.095918 0.331996 0.095918 0.334002 0.097959 0.334002 0.100000 0.335005 0.100000 0.339017 0.102041 0.340020 0.102041 0.345035 0.097959 0.347041 0.095918 0.347041 0.095918 0.349047 0.093878 0.350050 0.085714 0.350050 0.083673 0.351053 0.081633 0.351053 0.079592 0.352056 0.077551 0.352056 0.073469 0.354062 0.069388 0.354062 0.067347 0.355065 0.065306 0.355065 0.065306 0.356068 0.063265 0.357071 0.061224 0.357071 0.061224 0.359077 0.065306 0.359077 0.065306 0.358074 0.067347 0.357071 0.073469 0.357071 0.075510 0.356068 0.081633 0.356068 0.085714 0.354062 0.091837 0.354062 0.093878 0.355065 0.093878 0.358074 0.091837 0.359077 0.091837 0.361083 0.093878 0.361083 0.095918 0.362086 0.095918 0.374122 0.097959 0.374122 0.102041 0.376128 0.102041 0.380140 0.100000 0.381143 0.097959 0.381143 0.093878 0.383149 0.071429 0.383149 0.069388 0.382146 0.065306 0.382146 0.065306 0.385155 0.075510 0.385155 0.077551 0.386158 0.077551 0.389168 0.083673 0.389168 0.083673 0.386158 0.085714 0.385155 0.093878 0.385155 0.095918 0.386158 0.095918 0.392177 0.100000 0.392177 0.102041 0.393180 0.102041 0.397192 0.106122 0.397192 0.106122 0.393180 0.108163 0.392177 0.112245 0.392177 0.114286 0.393180 0.114286 0.398195 0.118367 0.398195 0.118367 0.390171 0.120408 0.389168 0.122449 0.389168 0.124490 0.388164 0.128571 0.388164 0.130612 0.389168 0.130612 0.391174 0.128571 0.392177 0.126531 0.392177 0.126531 0.396189 0.130612 0.396189 0.130612 0.391174 0.132653 0.390171 0.136735 0.390171 0.138776 0.391174 0.138776 0.393180 0.142857 0.393180 0.142857 0.387161 0.144898 0.386158 0.148980 0.386158 0.148980 0.383149 0.151020 0.382146 0.155102 0.382146 0.157143 0.383149 0.157143 0.386158 0.161224 0.386158 0.163265 0.387161 0.163265 0.390171 0.167347 0.390171 0.167347 0.387161 0.169388 0.386158 0.173469 0.386158 0.175510 0.387161 0.175510 0.389168 0.183673 0.389168 0.185714 0.390171 0.185714 0.396189 0.189796 0.396189 0.189796 0.390171 0.191837 0.389168 0.195918 0.389168 0.197959 0.390171 0.197959 0.416249 0.202041 0.416249 0.202041 0.387161 0.204082 0.386158 0.216327 0.386158 0.218367 0.387161 0.220408 0.387161 0.222449 0.388164 0.222449 0.417252 0.226531 0.417252 0.226531 0.394183 0.228571 0.393180 0.232653 0.393180 0.234694 0.394183 0.234694 0.413240 0.238776 0.413240 0.238776 0.392177 0.240816 0.391174 0.244898 0.391174 0.246939 0.392177 0.246939 0.414243 0.244898 0.415246 0.244898 0.418255 0.251020 0.418255 0.251020 0.417252 0.253061 0.416249 0.263265 0.416249 0.263265 0.397192 0.259184 0.397192 0.259184 0.400201 0.257143 0.401204 0.253061 0.401204 0.251020 0.400201 0.251020 0.394183 0.253061 0.393180 0.265306 0.393180 0.267347 0.392177 0.267347 0.385155 0.271429 0.383149 0.275510 0.383149 0.277551 0.384152 0.277551 0.400201 0.275510 0.401204 0.275510 0.403210 0.277551 0.403210 0.279592 0.404213 0.279592 0.407222 0.281633 0.408225 0.281633 0.419258 0.287755 0.419258 0.289796 0.418255 0.295918 0.418255 0.297959 0.419258 0.297959 0.421264 0.295918 0.422267 0.293878 0.422267 0.293878 0.436309 0.291837 0.437312 0.287755 0.437312 0.285714 0.436309 0.285714 0.424273 0.281633 0.424273 0.281633 0.441324 0.277551 0.443330 0.275510 0.443330 0.275510 0.447342 0.271429 0.449348 0.271429 0.450351 0.269388 0.451354 0.265306 0.451354 0.263265 0.452357 0.263265 0.453360 0.261224 0.454363 0.261224 0.455366 0.259184 0.456369 0.253061 0.456369 0.251020 0.455366 0.251020 0.448345 0.253061 0.447342 0.261224 0.447342 0.261224 0.429288 0.263265 0.428285 0.263265 0.425276 0.253061 0.425276 0.251020 0.424273 0.251020 0.422267 0.246939 0.422267 0.246939 0.426279 0.255102 0.426279 0.257143 0.427282 0.257143 0.431294 0.255102 0.432297 0.240816 0.432297 0.238776 0.431294 0.238776 0.428285 0.234694 0.428285 0.234694 0.447342 0.242857 0.447342 0.244898 0.448345 0.244898 0.459378 0.246939 0.459378 0.248980 0.460381 0.248980 0.462387 0.246939 0.463390 0.240816 0.463390 0.238776 0.462387 0.238776 0.460381 0.234694 0.460381 0.234694 0.462387 0.232653 0.463390 0.232653 0.466399 0.234694 0.467402 0.234694 0.469408 0.230612 0.471414 0.230612 0.472417 0.228571 0.473420 0.228571 0.475426 0.226531 0.476429 0.226531 0.477432 0.224490 0.478435 0.224490 0.480441 0.230612 0.480441 0.232653 0.481444 0.232653 0.483450 0.230612 0.484453 0.228571 0.484453 0.226531 0.485456 0.224490 0.485456 0.224490 0.487462 0.222449 0.488465 0.222449 0.492477 0.230612 0.492477 0.232653 0.493480 0.232653 0.498495 0.236735 0.498495 0.236735 0.487462 0.238776 0.486459 0.242857 0.486459 0.244898 0.487462 0.244898 0.492477 0.248980 0.492477 0.248980 0.488465 0.246939 0.488465 0.244898 0.487462 0.244898 0.482447 0.246939 0.481444 0.255102 0.481444 0.257143 0.482447 0.257143 0.489468 0.261224 0.489468 0.261224 0.481444 0.259184 0.481444 0.257143 0.480441 0.257143 0.476429 0.259184 0.475426 0.265306 0.475426 0.265306 0.470411 0.267347 0.469408 0.267347 0.454363 0.269388 0.453360 0.273469 0.453360 0.275510 0.454363 0.275510 0.468405 0.279592 0.468405 0.281633 0.469408 0.281633 0.476429 0.285714 0.476429 0.285714 0.465396 0.287755 0.464393 0.291837 0.464393 0.293878 0.465396 0.293878 0.476429 0.297959 0.476429 0.300000 0.475426 0.310204 0.475426 0.310204 0.474423 0.312245 0.473420 0.322449 0.473420 0.322449 0.466399 0.324490 0.465396 0.334694 0.465396 0.340816 0.468405 0.340816 0.479438 0.344898 0.479438 0.344898 0.467402 0.346939 0.466399 0.351020 0.466399 0.353061 0.467402 0.353061 0.474423 0.357143 0.474423 0.357143 0.466399 0.359184 0.465396 0.363265 0.465396 0.365306 0.466399 0.365306 0.473420 0.373469 0.473420 0.375510 0.474423 0.381633 0.474423 0.381633 0.457372 0.383673 0.456369 0.387755 0.456369 0.387755 0.454363 0.389796 0.453360 0.397959 0.453360 0.400000 0.454363 0.400000 0.476429 0.404082 0.476429 0.404082 0.472417 0.406122 0.471414 0.406122 0.469408 0.408163 0.468405 0.422449 0.468405 0.424490 0.469408 0.424490 0.477432 0.428571 0.477432 0.428571 0.464393 0.430612 0.463390 0.434694 0.463390 0.436735 0.464393 0.436735 0.477432 0.440816 0.477432 0.440816 0.469408 0.442857 0.468405 0.442857 0.467402 0.444898 0.466399 0.444898 0.465396 0.446939 0.464393 0.448980 0.464393 0.451020 0.463390 0.459184 0.463390 0.461224 0.464393 0.461224 0.477432 0.465306 0.477432 0.465306 0.466399 0.467347 0.465396 0.471429 0.465396 0.473469 0.466399 0.473469 0.469408 0.475510 0.469408 0.479592 0.471414 0.479592 0.473420 0.485714 0.473420 0.487755 0.474423 0.487755 0.476429 0.489796 0.477432 0.489796 0.480441 0.487755 0.481444 0.483673 0.481444 0.483673 0.484453 0.485714 0.485456 0.485714 0.490471 0.483673 0.491474 0.483673 0.502508 0.481633 0.503511 0.481633 0.506520 0.479592 0.507523 0.471429 0.507523 0.465306 0.510532 0.463265 0.510532 0.463265 0.513541 0.459184 0.515547 0.459184 0.517553 0.457143 0.518556 0.451020 0.518556 0.448980 0.517553 0.448980 0.513541 0.444898 0.511535 0.444898 0.507523 0.446939 0.506520 0.446939 0.504514 0.444898 0.504514 0.440816 0.502508 0.440816 0.498495 0.436735 0.498495 0.436735 0.503511 0.432653 0.505517 0.418367 0.505517 0.416327 0.504514 0.416327 0.496489 0.412245 0.496489 0.412245 0.508526 0.410204 0.509529 0.406122 0.509529 0.404082 0.508526 0.404082 0.504514 0.400000 0.504514 0.400000 0.505517 0.397959 0.506520 0.395918 0.506520 0.395918 0.508526 0.393878 0.509529 0.393878 0.513541 0.391837 0.514544 0.391837 0.521565 0.393878 0.522568 0.393878 0.528586 0.395918 0.529589 0.395918 0.530592 0.400000 0.532598 0.400000 0.536610 0.402041 0.537613 0.402041 0.538616 0.406122 0.540622 0.406122 0.542628 0.404082 0.543631 0.400000 0.543631 0.400000 0.545637 0.404082 0.545637 0.404082 0.543631 0.406122 0.542628 0.410204 0.542628 0.412245 0.543631 0.412245 0.548646 0.414286 0.549649 0.414286 0.550652 0.416327 0.551655 0.416327 0.553661 0.414286 0.554664 0.412245 0.554664 0.412245 0.557673 0.410204 0.558676 0.400000 0.558676 0.400000 0.561685 0.406122 0.561685 0.408163 0.562688 0.408163 0.563691 0.418367 0.563691 0.420408 0.564694 0.420408 0.566700 0.422449 0.567703 0.428571 0.567703 0.428571 0.563691 0.430612 0.562688 0.438776 0.562688 0.438776 0.561685 0.440816 0.560682 0.444898 0.560682 0.444898 0.553661 0.446939 0.552658 0.451020 0.552658 0.453061 0.553661 0.453061 0.561685 0.459184 0.561685 0.459184 0.552658 0.461224 0.551655 0.475510 0.551655 0.479592 0.553661 0.479592 0.563691 0.477551 0.564694 0.477551 0.568706 0.479592 0.569709 0.479592 0.575727 0.477551 0.576730 0.473469 0.576730 0.473469 0.580742 0.471429 0.581745 0.469388 0.581745 0.469388 0.594784 0.471429 0.595787 0.471429 0.598796 0.465306 0.601805 0.453061 0.601805 0.451020 0.602808 0.451020 0.603811 0.448980 0.604814 0.440816 0.604814 0.438776 0.603811 0.438776 0.600802 0.434694 0.600802 0.434694 0.601805 0.432653 0.602808 0.428571 0.602808 0.426531 0.601805 0.422449 0.601805 0.422449 0.613842 0.420408 0.614845 0.416327 0.614845 0.414286 0.613842 0.414286 0.612839 0.410204 0.612839 0.410204 0.614845 0.408163 0.615848 0.397959 0.615848 0.397959 0.618857 0.395918 0.619860 0.395918 0.623872 0.393878 0.624875 0.393878 0.625878 0.389796 0.627884 0.381633 0.627884 0.379592 0.626881 0.379592 0.618857 0.369388 0.618857 0.367347 0.617854 0.367347 0.613842 0.363265 0.613842 0.363265 0.624875 0.367347 0.624875 0.367347 0.621866 0.369388 0.620863 0.373469 0.620863 0.375510 0.621866 0.375510 0.624875 0.373469 0.625878 0.371429 0.625878 0.371429 0.627884 0.369388 0.628887 0.361224 0.628887 0.361224 0.629890 0.359184 0.630893 0.359184 0.632899 0.363265 0.634905 0.363265 0.636911 0.361224 0.637914 0.351020 0.637914 0.348980 0.638917 0.348980 0.641926 0.346939 0.642929 0.346939 0.646941 0.348980 0.647944 0.348980 0.649950 0.355102 0.649950 0.357143 0.650953 0.357143 0.652959 0.359184 0.653962 0.359184 0.658977 0.361224 0.658977 0.363265 0.659980 0.363265 0.662989 0.361224 0.663992 0.357143 0.663992 0.355102 0.662989 0.355102 0.659980 0.351020 0.659980 0.348980 0.660983 0.344898 0.660983 0.342857 0.659980 0.340816 0.659980 0.338776 0.658977 0.338776 0.655968 0.340816 0.654965 0.342857 0.654965 0.342857 0.650953 0.338776 0.650953 0.338776 0.652959 0.336735 0.653962 0.332653 0.653962 0.330612 0.652959 0.328571 0.652959 0.326531 0.651956 0.326531 0.650953 0.324490 0.650953 0.318367 0.647944 0.318367 0.638917 0.310204 0.638917 0.308163 0.637914 0.308163 0.635908 0.310204 0.634905 0.310204 0.630893 0.304082 0.630893 0.304082 0.631896 0.302041 0.632899 0.297959 0.632899 0.293878 0.630893 0.293878 0.628887 0.295918 0.627884 0.302041 0.627884 0.302041 0.625878 0.306122 0.623872 0.308163 0.623872 0.308163 0.617854 0.310204 0.616851 0.310204 0.614845 0.308163 0.613842 0.308163 0.601805 0.304082 0.601805 0.304082 0.610832 0.302041 0.611836 0.297959 0.611836 0.295918 0.610832 0.295918 0.601805 0.291837 0.601805 0.291837 0.609829 0.293878 0.610832 0.293878 0.612839 0.291837 0.613842 0.285714 0.613842 0.283673 0.612839 0.283673 0.610832 0.279592 0.610832 0.279592 0.612839 0.281633 0.612839 0.283673 0.613842 0.283673 0.615848 0.281633 0.616851 0.275510 0.616851 0.271429 0.618857 0.267347 0.618857 0.265306 0.619860 0.265306 0.620863 0.263265 0.621866 0.259184 0.621866 0.259184 0.630893 0.263265 0.630893 0.265306 0.631896 0.265306 0.634905 0.269388 0.634905 0.275510 0.637914 0.275510 0.640923 0.277551 0.640923 0.279592 0.641926 0.279592 0.652959 0.295918 0.652959 0.295918 0.648947 0.297959 0.647944 0.306122 0.647944 0.308163 0.648947 0.308163 0.650953 0.310204 0.650953 0.312245 0.651956 0.316327 0.651956 0.322449 0.654965 0.326531 0.654965 0.328571 0.655968 0.328571 0.657974 0.332653 0.659980 0.332653 0.660983 0.338776 0.663992 0.338776 0.667001 0.342857 0.667001 0.344898 0.668004 0.344898 0.672016 0.342857 0.673019 0.342857 0.676028 0.340816 0.677031 0.338776 0.677031 0.338776 0.684052 0.340816 0.685055 0.340816 0.686058 0.342857 0.687061 0.342857 0.688064 0.344898 0.689067 0.344898 0.692076 0.346939 0.693079 0.346939 0.699097 0.348980 0.700100 0.348980 0.701103 0.351020 0.702106 0.351020 0.708124 0.359184 0.708124 0.361224 0.709127 0.361224 0.712136 0.365306 0.712136 0.365306 0.705115 0.367347 0.704112 0.371429 0.704112 0.373469 0.705115 0.373469 0.706118 0.375510 0.707121 0.375510 0.712136 0.383673 0.712136 0.383673 0.710130 0.385714 0.709127 0.391837 0.709127 0.393878 0.710130 0.400000 0.710130 0.402041 0.711133 0.402041 0.713139 0.404082 0.714142 0.410204 0.714142 0.414286 0.716148 0.414286 0.721163 0.416327 0.722166 0.416327 0.724173 0.414286 0.725176 0.410204 0.725176 0.410204 0.733200 0.414286 0.733200 0.414286 0.728185 0.416327 0.727182 0.422449 0.727182 0.424490 0.728185 0.424490 0.733200 0.422449 0.734203 0.418367 0.734203 0.418367 0.737212 0.416327 0.738215 0.416327 0.740221 0.420408 0.740221 0.422449 0.741224 0.422449 0.743230 0.424490 0.743230 0.426531 0.744233 0.426531 0.747242 0.422449 0.749248 0.420408 0.749248 0.418367 0.750251 0.406122 0.750251 0.406122 0.752257 0.408163 0.752257 0.410204 0.753260 0.410204 0.755266 0.408163 0.756269 0.397959 0.756269 0.397959 0.762287 0.395918 0.763290 0.393878 0.763290 0.393878 0.765296 0.391837 0.766299 0.391837 0.767302 0.389796 0.768305 0.389796 0.772317 0.387755 0.773320 0.387755 0.774323 0.385714 0.775326 0.385714 0.778335 0.383673 0.779338 0.377551 0.779338 0.377551 0.782347 0.379592 0.783350 0.379592 0.786359 0.377551 0.787362 0.377551 0.789368 0.373469 0.791374 0.373469 0.796389 0.377551 0.796389 0.377551 0.795386 0.381633 0.793380 0.383673 0.793380 0.383673 0.784353 0.385714 0.783350 0.395918 0.783350 0.395918 0.782347 0.400000 0.780341 0.402041 0.780341 0.402041 0.778335 0.400000 0.778335 0.397959 0.777332 0.397959 0.773320 0.400000 0.772317 0.406122 0.772317 0.406122 0.771314 0.412245 0.768305 0.414286 0.768305 0.414286 0.766299 0.416327 0.765296 0.424490 0.765296 0.426531 0.764293 0.430612 0.764293 0.432653 0.765296 0.436735 0.765296 0.436735 0.760281 0.438776 0.759278 0.448980 0.759278 0.451020 0.760281 0.451020 0.783350 0.457143 0.786359 0.457143 0.801404 0.453061 0.803410 0.448980 0.803410 0.446939 0.804413 0.438776 0.804413 0.436735 0.805416 0.426531 0.805416 0.424490 0.806419 0.402041 0.806419 0.400000 0.807422 0.393878 0.807422 0.391837 0.808425 0.389796 0.808425 0.389796 0.810431 0.387755 0.811434 0.379592 0.811434 0.377551 0.812437 0.377551 0.813440 0.373469 0.815446 0.373469 0.820461 0.371429 0.821464 0.371429 0.824473 0.369388 0.825476 0.369388 0.827482 0.367347 0.828485 0.367347 0.841525 0.365306 0.842528 0.365306 0.852558 0.361224 0.854564 0.361224 0.859579 0.363265 0.860582 0.363265 0.864594 0.361224 0.865597 0.361224 0.868606 0.367347 0.868606 0.369388 0.869609 0.369388 0.871615 0.371429 0.872618 0.375510 0.872618 0.375510 0.871615 0.377551 0.870612 0.377551 0.856570 0.375510 0.855567 0.375510 0.836510 0.373469 0.835507 0.373469 0.833501 0.375510 0.832497 0.377551 0.832497 0.377551 0.822467 0.379592 0.821464 0.379592 0.820461 0.381633 0.819458 0.387755 0.819458 0.389796 0.820461 0.389796 0.824473 0.391837 0.825476 0.391837 0.826479 0.400000 0.826479 0.400000 0.823470 0.395918 0.823470 0.393878 0.822467 0.391837 0.822467 0.389796 0.821464 0.389796 0.816449 0.391837 0.815446 0.400000 0.815446 0.402041 0.814443 0.406122 0.814443 0.410204 0.816449 0.410204 0.817452 0.418367 0.817452 0.420408 0.818455 0.420408 0.824473 0.424490 0.824473 0.424490 0.819458 0.430612 0.816449 0.432653 0.816449 0.432653 0.815446 0.434694 0.814443 0.436735 0.814443 0.436735 0.813440 0.438776 0.812437 0.438776 0.807422 0.440816 0.806419 0.448980 0.806419 0.451020 0.805416 0.453061 0.805416 0.455102 0.804413 0.461224 0.804413 0.463265 0.803410 0.471429 0.803410 0.473469 0.804413 0.473469 0.806419 0.471429 0.807422 0.469388 0.807422 0.469388 0.808425 0.467347 0.809428 0.453061 0.809428 0.453061 0.811434 0.461224 0.811434 0.463265 0.812437 0.463265 0.817452 0.465306 0.818455 0.465306 0.819458 0.467347 0.819458 0.469388 0.820461 0.469388 0.825476 0.471429 0.826479 0.471429 0.828485 0.473469 0.829488 0.473469 0.832497 0.481633 0.832497 0.483673 0.833501 0.483673 0.836510 0.481633 0.837513 0.475510 0.837513 0.475510 0.840522 0.479592 0.840522 0.481633 0.841525 0.481633 0.843531 0.477551 0.845537 0.471429 0.845537 0.471429 0.846540 0.469388 0.847543 0.463265 0.847543 0.463265 0.853561 0.467347 0.855567 0.469388 0.855567 0.471429 0.856570 0.471429 0.858576 0.469388 0.859579 0.469388 0.861585 0.467347 0.862588 0.461224 0.862588 0.461224 0.865597 0.465306 0.867603 0.465306 0.868606 0.469388 0.868606 0.471429 0.869609 0.471429 0.872618 0.467347 0.874624 0.465306 0.874624 0.463265 0.875627 0.463265 0.877633 0.461224 0.878636 0.461224 0.880642 0.457143 0.882648 0.457143 0.886660 0.459184 0.886660 0.461224 0.887663 0.481633 0.887663 0.483673 0.888666 0.483673 0.892678 0.481633 0.893681 0.477551 0.893681 0.477551 0.895687 0.479592 0.895687 0.481633 0.896690 0.481633 0.900702 0.479592 0.901705 0.479592 0.906720 0.483673 0.906720 0.483673 0.902708 0.485714 0.901705 0.489796 0.901705 0.491837 0.902708 0.491837 0.904714 0.495918 0.904714 0.495918 0.895687 0.497959 0.894684 0.500000 0.894684 0.500000 0.888666 0.502041 0.887663 0.502041 0.885657 0.504082 0.884654 0.508163 0.884654 0.510204 0.885657 0.510204 0.891675 0.508163 0.892678 0.508163 0.896690 0.510204 0.896690 0.512245 0.897693 0.518367 0.897693 0.520408 0.898696 0.520408 0.899699 0.532653 0.899699 0.532653 0.897693 0.536735 0.895687 0.536735 0.893681 0.538776 0.892678 0.540816 0.892678 0.540816 0.891675 0.542857 0.890672 0.548980 0.890672 0.551020 0.891675 0.551020 0.893681 0.553061 0.893681 0.555102 0.894684 0.555102 0.900702 0.553061 0.901705 0.553061 0.903711 0.555102 0.903711 0.557143 0.904714 0.557143 0.906720 0.555102 0.907723 0.555102 0.916750 0.553061 0.917753 0.548980 0.917753 0.548980 0.920762 0.546939 0.921765 0.546939 0.924774 0.551020 0.924774 0.551020 0.921765 0.553061 0.920762 0.555102 0.920762 0.557143 0.919759 0.561224 0.919759 0.563265 0.920762 0.563265 0.923771 0.561224 0.924774 0.559184 0.924774 0.557143 0.925777 0.557143 0.933801 0.555102 0.934804 0.555102 0.936810 0.553061 0.937813 0.548980 0.937813 0.546939 0.938816 0.542857 0.938816 0.540816 0.937813 0.540816 0.936810 0.538776 0.935807 0.532653 0.935807 0.530612 0.934804 0.530612 0.931795 0.526531 0.931795 0.526531 0.938816 0.524490 0.939819 0.522449 0.939819 0.522449 0.942828 0.526531 0.942828 0.528571 0.943831 0.528571 0.944835 0.534694 0.944835 0.536735 0.943831 0.538776 0.943831 0.538776 0.940822 0.540816 0.939819 0.544898 0.939819 0.546939 0.940822 0.546939 0.943831 0.548980 0.944835 0.548980 0.946841 0.553061 0.946841 0.555102 0.947844 0.555102 0.949850 0.557143 0.950853 0.557143 0.951856 0.559184 0.952859 0.559184 0.956871 0.557143 0.957874 0.557143 0.960883 0.561224 0.962889 0.563265 0.962889 0.565306 0.963892 0.565306 0.964895 0.567347 0.964895 0.569388 0.965898 0.569388 0.967904 0.571429 0.968907 0.575510 0.968907 0.577551 0.969910 0.577551 0.971916 0.583673 0.974925 0.583673 0.975928 0.585714 0.976931 0.585714 0.977934 0.587755 0.978937 0.589796 0.978937 0.593878 0.980943 0.593878 0.983952 0.597959 0.985958 0.597959 0.986961 0.600000 0.987964 0.602041 0.987964 0.604082 0.988967 0.604082 0.989970 0.608163 0.991976 0.608163 0.992979 0.614286 0.992979 0.614286 0.991976 0.616327 0.990973 0.616327 0.988967 0.614286 0.987964 0.614286 0.985958 0.608163 0.982949 0.608163 0.981946 0.606122 0.981946 0.604082 0.980943 0.604082 0.979940 0.602041 0.978937 0.602041 0.976931 0.604082 0.975928 0.604082 0.972919 0.606122 0.971916 0.610204 0.971916 0.610204 0.969910 0.612245 0.968907 0.616327 0.968907 0.618367 0.967904 0.626531 0.967904 0.628571 0.966901 0.644898 0.966901 0.646939 0.967904 0.663265 0.967904 0.665306 0.966901 0.675510 0.966901 0.677551 0.965898 0.677551 0.963892 0.667347 0.963892 0.665306 0.964895 0.663265 0.964895 0.661224 0.965898 0.653061 0.965898 0.651020 0.964895 0.651020 0.955868 0.642857 0.955868 0.638776 0.957874 0.628571 0.957874 0.626531 0.958877 0.626531 0.959880 0.624490 0.960883 0.614286 0.960883 0.612245 0.961886 0.610204 0.961886 0.606122 0.963892 0.597959 0.963892 0.595918 0.962889 0.591837 0.962889 0.589796 0.961886 0.589796 0.959880 0.585714 0.959880 0.581633 0.957874 0.579592 0.957874 0.571429 0.953862 0.571429 0.951856 0.563265 0.947844 0.563265 0.940822 0.565306 0.939819 0.577551 0.939819 0.581633 0.937813 0.583673 0.937813 0.585714 0.936810 0.595918 0.936810 0.597959 0.935807 0.604082 0.935807 0.606122 0.936810 0.610204 0.936810 0.612245 0.937813 0.612245 0.938816 0.620408 0.938816 0.620408 0.937813 0.622449 0.936810 0.626531 0.936810 0.628571 0.937813 0.632653 0.937813 0.634694 0.938816 0.634694 0.940822 0.632653 0.941825 0.630612 0.941825 0.630612 0.944835 0.634694 0.946841 0.634694 0.947844 0.636735 0.947844 0.638776 0.948847 0.644898 0.948847 0.644898 0.946841 0.642857 0.945838 0.642857 0.943831 0.644898 0.942828 0.648980 0.942828 0.651020 0.943831 0.651020 0.944835 0.653061 0.944835 0.655102 0.945838 0.661224 0.945838 0.663265 0.946841 0.671429 0.946841 0.673469 0.945838 0.675510 0.945838 0.675510 0.943831 0.677551 0.942828 0.679592 0.942828 0.681633 0.941825 0.685714 0.941825 0.689796 0.943831 0.689796 0.948847 0.691837 0.949850 0.697959 0.949850 0.702041 0.951856 0.704082 0.951856 0.706122 0.952859 0.714286 0.952859 0.714286 0.951856 0.716327 0.950853 0.724490 0.950853 0.726531 0.951856 0.726531 0.955868 0.724490 0.956871 0.718367 0.956871 0.718367 0.959880 0.726531 0.959880 0.728571 0.960883 0.728571 0.966901 0.730612 0.967904 0.730612 0.968907 0.734694 0.968907 0.736735 0.969910 0.736735 0.972919 0.740816 0.972919 0.740816 0.969910 0.738776 0.969910 0.736735 0.968907 0.736735 0.966901 0.734694 0.965898 0.734694 0.964895 0.732653 0.963892 0.732653 0.960883 0.734694 0.959880 0.734694 0.957874 0.736735 0.956871 0.740816 0.956871 0.744898 0.958877 0.744898 0.961886 0.746939 0.961886 0.748980 0.962889 0.748980 0.963892 0.751020 0.964895 0.751020 0.966901 0.755102 0.968907 0.755102 0.973922 0.759184 0.973922 0.761224 0.972919 0.763265 0.972919 0.763265 0.964895 0.765306 0.963892 0.771429 0.963892 0.771429 0.961886 0.769388 0.961886 0.767347 0.960883 0.767347 0.957874 0.769388 0.956871 0.783673 0.956871 0.785714 0.957874 0.785714 0.958877 0.789796 0.958877 0.789796 0.956871 0.781633 0.956871 0.779592 0.955868 0.779592 0.954865 0.777551 0.953862 0.777551 0.951856 0.779592 0.950853 0.787755 0.950853 0.787755 0.949850 0.791837 0.947844 0.816327 0.947844 0.818367 0.948847 0.820408 0.948847 0.822449 0.949850 0.826531 0.949850 0.828571 0.950853 0.840816 0.950853 0.842857 0.951856 0.842857 0.952859 0.848980 0.952859 0.848980 0.951856 0.851020 0.950853 0.867347 0.950853 0.869388 0.951856 0.873469 0.951856 0.875510 0.950853 0.875510 0.947844 0.877551 0.946841 0.879592 0.946841 0.879592 0.943831 0.885714 0.940822 0.885714 0.939819 0.887755 0.938816 0.889796 0.938816 0.889796 0.932798 0.891837 0.931795 0.891837 0.926780 0.893878 0.925777 0.893878 0.922768 0.891837 0.921765 0.891837 0.910732 0.889796 0.909729 0.889796 0.907723 0.893878 0.905717 0.897959 0.905717 0.900000 0.906720 0.900000 0.910732 0.904082 0.910732 0.904082 0.905717 0.897959 0.905717 0.895918 0.904714 0.895918 0.902708 0.897959 0.901705 0.897959 0.899699 0.893878 0.899699 0.893878 0.900702 0.889796 0.902708 0.885714 0.902708 0.883673 0.901705 0.883673 0.900702 0.881633 0.900702 0.879592 0.899699 0.879592 0.897693 0.877551 0.897693 0.873469 0.895687 0.873469 0.893681 0.875510 0.892678 0.883673 0.892678 0.883673 0.891675 0.885714 0.890672 0.891837 0.890672 0.891837 0.866600 0.889796 0.865597 0.889796 0.861585 0.891837 0.860582 0.891837 0.858576 0.889796 0.858576 0.885714 0.856570 0.885714 0.852558 0.883673 0.851555 0.883673 0.849549 0.881633 0.848546 0.881633 0.846540 0.879592 0.845537 0.879592 0.842528 0.875510 0.842528 0.875510 0.845537 0.873469 0.846540 0.873469 0.848546 0.871429 0.849549 0.863265 0.849549 0.861224 0.848546 0.861224 0.842528 0.859184 0.842528 0.857143 0.841525 0.857143 0.838516 0.853061 0.838516 0.853061 0.840522 0.851020 0.841525 0.844898 0.841525 0.842857 0.840522 0.836735 0.840522 0.834694 0.839519 0.830612 0.839519 0.828571 0.838516 0.826531 0.838516 0.824490 0.837513 0.818367 0.837513 0.816327 0.836510 0.816327 0.833501 0.818367 0.832497 0.820408 0.832497 0.820408 0.825476 0.822449 0.824473 0.824490 0.824473 0.826531 0.823470 0.830612 0.823470 0.832653 0.822467 0.832653 0.818455 0.834694 0.817452 0.834694 0.815446 0.836735 0.814443 0.836735 0.808425 0.838776 0.807422 0.840816 0.807422 0.842857 0.806419 0.844898 0.806419 0.846939 0.805416 0.851020 0.805416 0.853061 0.804413 0.857143 0.804413 0.857143 0.802407 0.861224 0.800401 0.863265 0.800401 0.863265 0.785356 0.865306 0.784353 0.869388 0.784353 0.871429 0.785356 0.871429 0.793380 0.873469 0.793380 0.875510 0.794383 0.875510 0.802407 0.881633 0.802407 0.881633 0.791374 0.883673 0.790371 0.904082 0.790371 0.904082 0.787362 0.906122 0.786359 0.906122 0.779338 0.908163 0.778335 0.910204 0.778335 0.910204 0.776329 0.914286 0.774323 0.916327 0.774323 0.916327 0.772317 0.918367 0.771314 0.918367 0.767302 0.920408 0.766299 0.920408 0.765296 0.922449 0.764293 0.922449 0.761284 0.924490 0.760281 0.924490 0.745236 0.918367 0.745236 0.916327 0.744233 0.916327 0.743230 0.910204 0.743230 0.908163 0.744233 0.908163 0.748245 0.906122 0.749248 0.906122 0.751254 0.902041 0.753260 0.902041 0.755266 0.904082 0.756269 0.904082 0.759278 0.902041 0.760281 0.900000 0.760281 0.900000 0.763290 0.895918 0.765296 0.895918 0.767302 0.900000 0.767302 0.902041 0.768305 0.902041 0.770311 0.900000 0.771314 0.895918 0.771314 0.893878 0.770311 0.893878 0.769308 0.889796 0.769308 0.887755 0.770311 0.887755 0.771314 0.885714 0.772317 0.885714 0.774323 0.891837 0.774323 0.893878 0.775326 0.893878 0.779338 0.891837 0.780341 0.889796 0.780341 0.889796 0.781344 0.887755 0.782347 0.883673 0.782347 0.881633 0.781344 0.881633 0.775326 0.875510 0.775326 0.873469 0.776329 0.873469 0.780341 0.871429 0.781344 0.865306 0.781344 0.865306 0.784353 0.863265 0.785356 0.859184 0.785356 0.859184 0.787362 0.857143 0.788365 0.857143 0.790371 0.855102 0.791374 0.853061 0.791374 0.853061 0.792377 0.844898 0.796389 0.840816 0.796389 0.838776 0.797392 0.834694 0.797392 0.832653 0.796389 0.832653 0.789368 0.828571 0.789368 0.824490 0.787362 0.824490 0.786359 0.822449 0.785356 0.822449 0.784353 0.820408 0.783350 0.820408 0.779338 0.816327 0.779338 0.814286 0.778335 0.814286 0.777332 0.812245 0.776329 0.812245 0.775326 0.810204 0.774323 0.810204 0.771314 0.808163 0.771314 0.806122 0.770311 0.806122 0.766299 0.808163 0.765296 0.810204 0.765296 0.810204 0.763290 0.808163 0.763290 0.806122 0.762287 0.806122 0.761284 0.804082 0.760281 0.804082 0.757272 0.806122 0.756269 0.806122 0.754263 0.804082 0.753260 0.804082 0.735206 0.806122 0.734203 0.806122 0.732197 0.804082 0.731194 0.804082 0.727182 0.806122 0.726179 0.810204 0.726179 0.810204 0.724173 0.812245 0.723170 0.812245 0.721163 0.814286 0.720160 0.814286 0.718154 0.816327 0.717151 0.816327 0.715145 0.818367 0.714142 0.822449 0.714142 0.822449 0.711133 0.824490 0.710130 0.824490 0.707121 0.826531 0.706118 0.826531 0.705115 0.828571 0.704112 0.834694 0.704112 0.834694 0.697091 0.836735 0.696088 0.846939 0.696088 0.846939 0.682046 0.836735 0.682046 0.834694 0.681043 0.834694 0.661986 0.830612 0.661986 0.828571 0.660983 0.828571 0.656971 0.824490 0.656971 0.824490 0.657974 0.820408 0.659980 0.806122 0.659980 0.804082 0.658977 0.804082 0.656971 0.800000 0.656971 0.797959 0.655968 0.797959 0.638917 0.800000 0.637914 0.800000 0.635908 0.793878 0.635908 0.791837 0.634905 0.791837 0.628887 0.793878 0.627884 0.800000 0.627884 0.800000 0.620863 0.802041 0.619860 0.816327 0.619860 0.818367 0.620863 0.818367 0.652959 0.822449 0.652959 0.822449 0.609829 0.818367 0.609829 0.818367 0.616851 0.816327 0.617854 0.802041 0.617854 0.800000 0.616851 0.789796 0.616851 0.787755 0.615848 0.783673 0.615848 0.783673 0.621866 0.781633 0.622869 0.777551 0.622869 0.775510 0.621866 0.775510 0.611836 0.777551 0.610832 0.781633 0.610832 0.783673 0.611836 0.787755 0.611836 0.787755 0.606820 0.789796 0.605817 0.800000 0.605817 0.800000 0.600802 0.795918 0.600802 0.793878 0.599799 0.793878 0.597793 0.795918 0.596790 0.800000 0.596790 0.800000 0.585757 0.795918 0.585757 0.795918 0.590772 0.793878 0.591775 0.789796 0.591775 0.787755 0.590772 0.783673 0.590772 0.783673 0.591775 0.781633 0.592778 0.777551 0.592778 0.775510 0.591775 0.771429 0.591775 0.771429 0.594784 0.773469 0.595787 0.773469 0.598796 0.771429 0.599799 0.769388 0.599799 0.761224 0.603811 0.759184 0.603811 0.759184 0.604814 0.755102 0.606820 0.753061 0.606820 0.753061 0.608826 0.751020 0.609829 0.751020 0.610832 0.748980 0.611836 0.742857 0.611836 0.742857 0.612839 0.740816 0.613842 0.734694 0.613842 0.734694 0.615848 0.738776 0.615848 0.740816 0.616851 0.740816 0.618857 0.736735 0.620863 0.730612 0.620863 0.726531 0.618857 0.726531 0.600802 0.728571 0.599799 0.734694 0.599799 0.734694 0.598796 0.736735 0.597793 0.744898 0.597793 0.744898 0.592778 0.742857 0.592778 0.738776 0.590772 0.738776 0.586760 0.734694 0.586760 0.734694 0.590772 0.732653 0.591775 0.728571 0.591775 0.726531 0.590772 0.726531 0.585757 0.722449 0.585757 0.722449 0.590772 0.720408 0.591775 0.697959 0.591775 0.697959 0.592778 0.695918 0.593781 0.681633 0.593781 0.679592 0.592778 0.679592 0.585757 0.675510 0.585757 0.673469 0.586760 0.669388 0.586760 0.667347 0.585757 0.667347 0.542628 0.663265 0.542628 0.663265 0.582748 0.661224 0.583751 0.657143 0.583751 0.655102 0.582748 0.655102 0.573721 0.651020 0.573721 0.651020 0.590772 0.648980 0.591775 0.644898 0.591775 0.642857 0.590772 0.642857 0.575727 0.638776 0.575727 0.638776 0.591775 0.636735 0.592778 0.632653 0.592778 0.632653 0.593781 0.630612 0.594784 0.626531 0.594784 0.624490 0.593781 0.624490 0.591775 0.620408 0.591775 0.618367 0.590772 0.618367 0.579739 0.614286 0.579739 0.614286 0.587763 0.612245 0.588766 0.602041 0.588766 0.600000 0.589769 0.589796 0.589769 0.587755 0.590772 0.577551 0.590772 0.575510 0.591775 0.571429 0.591775 0.571429 0.592778 0.569388 0.593781 0.563265 0.593781 0.559184 0.591775 0.559184 0.579739 0.555102 0.579739 0.555102 0.591775 0.553061 0.592778 0.548980 0.592778 0.546939 0.591775 0.546939 0.585757 0.542857 0.585757 0.542857 0.593781 0.538776 0.595787 0.538776 0.600802 0.540816 0.600802 0.542857 0.601805 0.542857 0.603811 0.551020 0.603811 0.553061 0.604814 0.553061 0.605817 0.555102 0.606820 0.555102 0.618857 0.553061 0.619860 0.548980 0.619860 0.546939 0.618857 0.546939 0.607823 0.542857 0.607823 0.542857 0.622869 0.544898 0.622869 0.546939 0.623872 0.546939 0.625878 0.544898 0.626881 0.536735 0.626881 0.534694 0.625878 0.534694 0.601805 0.530612 0.601805 0.530612 0.630893 0.528571 0.631896 0.524490 0.631896 0.522449 0.630893 0.522449 0.617854 0.518367 0.617854 0.518367 0.626881 0.516327 0.627884 0.514286 0.627884 0.512245 0.628887 0.512245 0.633902 0.510204 0.634905 0.506122 0.634905 0.504082 0.633902 0.504082 0.631896 0.502041 0.631896 0.500000 0.630893 0.500000 0.627884 0.497959 0.626881 0.497959 0.619860 0.493878 0.619860 0.491837 0.618857 0.491837 0.615848 0.489796 0.614845 0.489796 0.609829 0.491837 0.608826 0.491837 0.601805 0.493878 0.600802 0.493878 0.593781 0.495918 0.592778 0.495918 0.585757 0.493878 0.584754 0.493878 0.580742 0.491837 0.579739 0.491837 0.574724 0.489796 0.573721 0.489796 0.567703 0.491837 0.566700 0.500000 0.566700 0.500000 0.565697 0.504082 0.563691 0.506122 0.563691 0.506122 0.560682 0.508163 0.559679 0.512245 0.559679 0.514286 0.560682 0.514286 0.563691 0.516327 0.563691 0.518367 0.564694 0.518367 0.566700 0.522449 0.566700 0.522449 0.563691 0.524490 0.562688 0.536735 0.562688 0.538776 0.563691 0.538776 0.564694 0.540816 0.564694 0.542857 0.565697 0.553061 0.565697 0.555102 0.566700 0.559184 0.566700 0.559184 0.552658 0.555102 0.552658 0.555102 0.557673 0.553061 0.558676 0.540816 0.558676 0.536735 0.560682 0.524490 0.560682 0.522449 0.559679 0.520408 0.559679 0.518367 0.558676 0.518367 0.556670 0.520408 0.555667 0.522449 0.555667 0.522449 0.554664 0.524490 0.553661 0.524490 0.547643 0.522449 0.547643 0.520408 0.546640 0.520408 0.542628 0.518367 0.541625 0.518367 0.536610 0.522449 0.534604 0.524490 0.534604 0.524490 0.529589 0.526531 0.528586 0.540816 0.528586 0.542857 0.529589 0.542857 0.531595 0.546939 0.531595 0.548980 0.530592 0.548980 0.526580 0.551020 0.525577 0.559184 0.525577 0.559184 0.521565 0.561224 0.520562 0.561224 0.517553 0.551020 0.517553 0.548980 0.516550 0.548980 0.513541 0.551020 0.512538 0.555102 0.512538 0.555102 0.509529 0.557143 0.508526 0.563265 0.508526 0.563265 0.506520 0.565306 0.505517 0.567347 0.505517 0.567347 0.500502 0.569388 0.499498 0.571429 0.499498 0.571429 0.497492 0.567347 0.497492 0.567347 0.501505 0.565306 0.502508 0.557143 0.502508 0.555102 0.501505 0.553061 0.501505 0.548980 0.499498 0.544898 0.499498 0.544898 0.501505 0.542857 0.502508 0.538776 0.502508 0.536735 0.501505 0.536735 0.483450 0.532653 0.483450 0.532653 0.501505 0.530612 0.502508 0.526531 0.502508 0.524490 0.501505 0.524490 0.481444 0.526531 0.480441 0.528571 0.480441 0.530612 0.479438 0.536735 0.479438 0.536735 0.477432 0.538776 0.476429 0.553061 0.476429 0.555102 0.477432 0.555102 0.482447 0.553061 0.483450 0.544898 0.483450 0.544898 0.489468 0.561224 0.489468 0.561224 0.476429 0.563265 0.475426 0.573469 0.475426 0.575510 0.476429 0.575510 0.479438 0.577551 0.480441 0.577551 0.485456 0.579592 0.486459 0.579592 0.488465 0.581633 0.489468 0.581633 0.491474 0.579592 0.492477 0.579592 0.495486 0.585714 0.495486 0.587755 0.496489 0.587755 0.498495 0.585714 0.499498 0.579592 0.499498 0.579592 0.507523 0.583673 0.507523 0.585714 0.506520 0.587755 0.506520 0.587755 0.500502 0.589796 0.499498 0.593878 0.499498 0.597959 0.501505 0.597959 0.502508 0.600000 0.503511 0.600000 0.504514 0.602041 0.505517 0.602041 0.508526 0.600000 0.509529 0.597959 0.509529 0.597959 0.512538 0.595918 0.513541 0.595918 0.515547 0.608163 0.515547 0.610204 0.516550 0.610204 0.518556 0.608163 0.519559 0.608163 0.535607 0.610204 0.536610 0.618367 0.536610 0.620408 0.537613 0.628571 0.537613 0.632653 0.539619 0.636735 0.539619 0.636735 0.538616 0.638776 0.537613 0.638776 0.535607 0.632653 0.535607 0.630612 0.536610 0.626531 0.536610 0.624490 0.535607 0.624490 0.534604 0.616327 0.534604 0.614286 0.533601 0.614286 0.531595 0.616327 0.530592 0.616327 0.529589 0.618367 0.528586 0.624490 0.528586 0.624490 0.514544 0.618367 0.514544 0.616327 0.513541 0.616327 0.511535 0.614286 0.510532 0.614286 0.508526 0.616327 0.507523 0.616327 0.502508 0.618367 0.501505 0.620408 0.501505 0.620408 0.499498 0.614286 0.499498 0.610204 0.497492 0.610204 0.496489 0.608163 0.495486 0.608163 0.482447 0.606122 0.482447 0.604082 0.481444 0.604082 0.478435 0.606122 0.477432 0.608163 0.477432 0.608163 0.469408 0.610204 0.468405 0.614286 0.468405 0.616327 0.469408 0.616327 0.475426 0.620408 0.475426 0.620408 0.473420 0.622449 0.472417 0.630612 0.472417 0.634694 0.474423 0.634694 0.475426 0.636735 0.476429 0.636735 0.482447 0.638776 0.483450 0.642857 0.483450 0.646939 0.485456 0.646939 0.487462 0.644898 0.488465 0.640816 0.488465 0.640816 0.490471 0.644898 0.490471 0.646939 0.491474 0.646939 0.493480 0.644898 0.494483 0.640816 0.494483 0.640816 0.501505 0.644898 0.501505 0.644898 0.497492 0.646939 0.496489 0.655102 0.496489 0.657143 0.497492 0.657143 0.499498 0.655102 0.500502 0.653061 0.500502 0.653061 0.502508 0.657143 0.502508 0.659184 0.503511 0.659184 0.505517 0.661224 0.506520 0.661224 0.510532 0.665306 0.512538 0.665306 0.516550 0.663265 0.517553 0.663265 0.533601 0.667347 0.533601 0.667347 0.525577 0.669388 0.524574 0.673469 0.524574 0.675510 0.525577 0.675510 0.530592 0.679592 0.530592 0.683673 0.532598 0.683673 0.534604 0.687755 0.534604 0.689796 0.535607 0.689796 0.536610 0.691837 0.537613 0.691837 0.538616 0.693878 0.538616 0.695918 0.539619 0.695918 0.545637 0.700000 0.547643 0.700000 0.564694 0.704082 0.564694 0.704082 0.548646 0.706122 0.547643 0.706122 0.541625 0.702041 0.541625 0.700000 0.540622 0.700000 0.538616 0.702041 0.537613 0.704082 0.537613 0.704082 0.506520 0.700000 0.506520 0.700000 0.525577 0.697959 0.526580 0.689796 0.526580 0.687755 0.525577 0.687755 0.515547 0.685714 0.515547 0.683673 0.514544 0.681633 0.514544 0.679592 0.513541 0.679592 0.494483 0.675510 0.494483 0.675510 0.496489 0.673469 0.497492 0.669388 0.497492 0.667347 0.496489 0.667347 0.492477 0.669388 0.491474 0.669388 0.489468 0.671429 0.488465 0.679592 0.488465 0.679592 0.486459 0.671429 0.486459 0.669388 0.485456 0.669388 0.483450 0.661224 0.483450 0.659184 0.482447 0.655102 0.482447 0.653061 0.481444 0.653061 0.479438 0.655102 0.478435 0.657143 0.478435 0.657143 0.457372 0.659184 0.456369 0.663265 0.456369 0.665306 0.457372 0.665306 0.476429 0.669388 0.476429 0.669388 0.473420 0.671429 0.472417 0.679592 0.472417 0.679592 0.471414 0.681633 0.470411 0.681633 0.458375 0.683673 0.457372 0.687755 0.457372 0.689796 0.456369 0.695918 0.456369 0.697959 0.457372 0.697959 0.458375 0.700000 0.459378 0.700000 0.477432 0.704082 0.477432 0.704082 0.469408 0.706122 0.468405 0.710204 0.468405 0.712245 0.469408 0.712245 0.472417 0.716327 0.472417 0.716327 0.469408 0.718367 0.468405 0.722449 0.468405 0.724490 0.469408 0.724490 0.476429 0.728571 0.476429 0.728571 0.466399 0.730612 0.465396 0.738776 0.465396 0.738776 0.464393 0.740816 0.463390 0.740816 0.447342 0.742857 0.446339 0.746939 0.446339 0.746939 0.437312 0.748980 0.436309 0.753061 0.436309 0.755102 0.437312 0.755102 0.440321 0.757143 0.441324 0.757143 0.443330 0.755102 0.444333 0.755102 0.451354 0.757143 0.451354 0.761224 0.453360 0.761224 0.467402 0.765306 0.467402 0.765306 0.461384 0.767347 0.460381 0.771429 0.460381 0.773469 0.461384 0.773469 0.465396 0.783673 0.465396 0.785714 0.466399 0.785714 0.470411 0.789796 0.470411 0.789796 0.467402 0.791837 0.466399 0.802041 0.466399 0.802041 0.451354 0.804082 0.450351 0.806122 0.450351 0.806122 0.447342 0.808163 0.446339 0.808163 0.443330 0.810204 0.442327 0.810204 0.438315 0.808163 0.437312 0.808163 0.434303 0.806122 0.433300 0.806122 0.431294 0.802041 0.429288 0.802041 0.427282 0.806122 0.425276 0.808163 0.425276 0.808163 0.419258 0.806122 0.419258 0.802041 0.417252 0.802041 0.415246 0.804082 0.414243 0.810204 0.414243 0.812245 0.413240 0.816327 0.413240 0.818367 0.414243 0.818367 0.416249 0.820408 0.417252 0.820408 0.436309 0.830612 0.436309 0.832653 0.437312 0.832653 0.443330 0.830612 0.444333 0.820408 0.444333 0.820408 0.446339 0.830612 0.446339 0.832653 0.447342 0.832653 0.468405 0.836735 0.468405 0.836735 0.436309 0.828571 0.436309 0.826531 0.435306 0.826531 0.433300 0.828571 0.432297 0.836735 0.432297 0.838776 0.431294 0.842857 0.431294 0.844898 0.432297 0.844898 0.470411 0.848980 0.470411 0.848980 0.425276 0.840816 0.425276 0.838776 0.424273 0.828571 0.424273 0.826531 0.423270 0.826531 0.420261 0.828571 0.419258 0.848980 0.419258 0.848980 0.417252 0.851020 0.416249 0.855102 0.416249 0.857143 0.417252 0.857143 0.420261 0.861224 0.420261 0.861224 0.414243 0.863265 0.413240 0.863265 0.408225 0.865306 0.407222 0.869388 0.407222 0.869388 0.399198 0.871429 0.398195 0.879592 0.398195 0.881633 0.399198 0.881633 0.466399 0.885714 0.466399 0.885714 0.397192 0.887755 0.396189 0.891837 0.396189 0.893878 0.397192 0.893878 0.419258 0.897959 0.419258 0.897959 0.397192 0.900000 0.396189 0.904082 0.396189 0.906122 0.397192 0.906122 0.428285 0.910204 0.428285 0.910204 0.424273 0.912245 0.423270 0.922449 0.423270 0.922449 0.417252 0.924490 0.416249 0.934694 0.416249 0.934694 0.411234 0.936735 0.410231 0.944898 0.410231 0.944898 0.408225 0.936735 0.408225 0.934694 0.407222 0.934694 0.405216 0.930612 0.405216 0.930612 0.408225 0.928571 0.409228 0.924490 0.409228 0.922449 0.408225 0.922449 0.393180 0.924490 0.392177 0.924490 0.387161 0.926531 0.386158 0.930612 0.386158 0.930612 0.379137 0.932653 0.378134 0.938776 0.378134 0.940816 0.379137 0.940816 0.390171 0.946939 0.390171 0.946939 0.366098 0.942857 0.366098 0.942857 0.370110 0.938776 0.372116 0.932653 0.372116 0.930612 0.371113 0.930612 0.369107 0.928571 0.368104 0.928571 0.360080 0.924490 0.360080 0.922449 0.359077 0.922449 0.343029 0.924490 0.342026 0.924490 0.341023 0.926531 0.340020 0.930612 0.340020 0.930612 0.339017 0.932653 0.338014 0.940816 0.338014 0.942857 0.339017 0.942857 0.349047 0.946939 0.349047 0.946939 0.337011 0.948980 0.336008 0.953061 0.336008 0.955102 0.337011 0.955102 0.357071 0.959184 0.357071 0.959184 0.335005 0.961224 0.334002 0.965306 0.334002 0.967347 0.335005 0.967347 0.339017 0.971429 0.339017 0.971429 0.306921 0.969388 0.306921 0.967347 0.305918 0.967347 0.300903 0.969388 0.299900 0.971429 0.299900 0.971429 0.290873 0.973469 0.289870 0.977551 0.289870 0.979592 0.290873 0.979592 0.330993 0.983673 0.330993 0.983673 0.279840 0.985714 0.278837 0.987755 0.278837 0.987755 0.275827 0.989796 0.274824 0.989796 0.263791 0.985714 0.263791 0.983673 0.262788 0.983673 0.247743 0.979592 0.247743 0.977551 0.248746 0.969388 0.248746 0.967347 0.247743 0.967347 0.243731 0.963265 0.243731 0.961224 0.242728 0.961224 0.234704 0.963265 0.233701 0.967347 0.233701 0.969388 0.234704 0.969388 0.240722 0.973469 0.240722 0.973469 0.236710 0.975510 0.235707 0.983673 0.235707 0.983673 0.233701 0.977551 0.233701 0.973469 0.231695 0.973469 0.229689 0.975510 0.228686 0.983673 0.228686 0.983673 0.195587 0.975510 0.195587 0.973469 0.194584 0.973469 0.189569 0.969388 0.189569 0.969388 0.208626 0.967347 0.209629 0.963265 0.209629 0.961224 0.208626 0.961224 0.118355 0.953061 0.118355 0.951020 0.117352 0.951020 0.114343 0.953061 0.113340 0.963265 0.113340 0.963265 0.111334 0.946939 0.111334 0.946939 0.114343 0.944898 0.115346 0.940816 0.115346 0.938776 0.114343 0.938776 0.106319 0.940816 0.105316 0.955102 0.105316 0.957143 0.106319 0.963265 0.106319 0.963265 0.092277 0.965306 0.091274 0.975510 0.091274 0.975510 0.089268 0.977551 0.088265 0.985714 0.088265 0.985714 0.041123 0.987755 0.040120 0.987755 0.031093 0.989796 0.030090 0.989796 0.027081 0.991837 0.026078 0.993878 0.026078 0.993878 0.011033 0.995918 0.010030 0.997959 0.010030 0.997959 0.000000