0 0.679577 0.949477 0.679577 0.993031 0.686620 0.993031 0.686620 0.949477
0 0.401408 0.949477 0.397887 0.951220 0.397887 0.958188 0.404930 0.958188 0.408451 0.959930 0.408451 0.986063 0.415493 0.986063 0.415493 0.959930 0.419014 0.958188 0.426056 0.958188 0.429577 0.959930 0.429577 0.973868 0.436620 0.973868 0.436620 0.958188 0.433099 0.958188 0.429577 0.956446 0.429577 0.954704 0.422535 0.954704 0.422535 0.956446 0.419014 0.958188 0.411972 0.958188 0.408451 0.956446 0.408451 0.949477
0 0.158451 0.898955 0.158451 0.916376 0.154930 0.918118 0.137324 0.918118 0.137324 0.926829 0.154930 0.926829 0.158451 0.928571 0.158451 0.933798 0.165493 0.933798 0.165493 0.926829 0.169014 0.925087 0.169014 0.916376 0.165493 0.914634 0.165493 0.898955
0 0.014085 0.898955 0.014085 0.911150 0.010563 0.912892 0.000000 0.912892 0.000000 0.918118 0.010563 0.918118 0.014085 0.919861 0.014085 0.942509 0.021127 0.942509 0.021127 0.898955
0 0.095070 0.850174 0.095070 0.862369 0.112676 0.862369 0.116197 0.864111 0.116197 0.874564 0.112676 0.876307 0.095070 0.876307 0.095070 0.888502 0.105634 0.888502 0.105634 0.883275 0.109155 0.881533 0.133803 0.881533 0.137324 0.883275 0.137324 0.888502 0.147887 0.888502 0.147887 0.885017 0.151408 0.883275 0.165493 0.883275 0.165493 0.855401 0.158451 0.855401 0.158451 0.879791 0.154930 0.881533 0.147887 0.881533 0.144366 0.879791 0.144366 0.855401 0.130282 0.855401 0.126761 0.853659 0.126761 0.851916 0.123239 0.850174 0.116197 0.850174 0.116197 0.853659 0.112676 0.855401 0.105634 0.855401 0.102113 0.853659 0.102113 0.850174
0 0.014085 0.806620 0.014085 0.829268 0.010563 0.831010 0.000000 0.831010 0.000000 0.836237 0.010563 0.836237 0.014085 0.837979 0.014085 0.839721 0.021127 0.839721 0.021127 0.806620
0 0.095070 0.752613 0.095070 0.817073 0.091549 0.818815 0.066901 0.818815 0.063380 0.817073 0.056338 0.817073 0.056338 0.822300 0.070423 0.822300 0.073944 0.824042 0.073944 0.825784 0.091549 0.825784 0.095070 0.827526 0.095070 0.837979 0.102113 0.837979 0.102113 0.834495 0.105634 0.832753 0.112676 0.832753 0.116197 0.834495 0.116197 0.837979 0.123239 0.837979 0.123239 0.824042 0.126761 0.822300 0.133803 0.822300 0.137324 0.824042 0.137324 0.831010 0.144366 0.831010 0.144366 0.796167 0.137324 0.796167 0.137324 0.817073 0.133803 0.818815 0.126761 0.818815 0.123239 0.817073 0.123239 0.794425 0.109155 0.794425 0.105634 0.792683 0.105634 0.787456 0.109155 0.785714 0.123239 0.785714 0.123239 0.764808 0.109155 0.764808 0.105634 0.763066 0.105634 0.752613
0 0.000000 0.717770 0.000000 0.743902 0.010563 0.743902 0.014085 0.745645 0.014085 0.780488 0.010563 0.782230 0.000000 0.782230 0.000000 0.796167 0.010563 0.796167 0.014085 0.797909 0.014085 0.799652 0.021127 0.799652 0.021127 0.796167 0.007042 0.796167 0.003521 0.794425 0.003521 0.790941 0.007042 0.789199 0.021127 0.789199 0.021127 0.745645 0.024648 0.743902 0.031690 0.743902 0.031690 0.738676 0.024648 0.738676 0.021127 0.736934 0.021127 0.722997 0.007042 0.722997 0.003521 0.721254 0.003521 0.717770
0 0.116197 0.693380 0.116197 0.710801 0.112676 0.712544 0.095070 0.712544 0.095070 0.736934 0.102113 0.736934 0.102113 0.729965 0.105634 0.728223 0.112676 0.728223 0.116197 0.729965 0.123239 0.729965 0.123239 0.693380
0 0.841549 0.658537 0.841549 0.677700 0.852113 0.677700 0.852113 0.674216 0.855634 0.672474 0.869718 0.672474 0.873239 0.670732 0.873239 0.663763 0.855634 0.663763 0.852113 0.662021 0.852113 0.658537
0 0.718310 0.609756 0.718310 0.613240 0.714789 0.614983 0.714789 0.623693 0.711268 0.625436 0.711268 0.628920 0.714789 0.628920 0.718310 0.630662 0.718310 0.632404 0.725352 0.632404 0.725352 0.630662 0.728873 0.628920 0.739437 0.628920 0.739437 0.625436 0.742958 0.623693 0.746479 0.623693 0.746479 0.611498 0.739437 0.611498 0.739437 0.623693 0.735915 0.625436 0.728873 0.625436 0.725352 0.623693 0.725352 0.609756
0 0.468310 0.599303 0.464789 0.601045 0.426056 0.601045 0.426056 0.604530 0.443662 0.604530 0.447183 0.606272 0.447183 0.618467 0.443662 0.620209 0.426056 0.620209 0.426056 0.623693 0.422535 0.625436 0.415493 0.625436 0.415493 0.634146 0.426056 0.634146 0.429577 0.632404 0.482394 0.632404 0.482394 0.628920 0.478873 0.628920 0.475352 0.627178 0.475352 0.611498 0.478873 0.609756 0.482394 0.609756 0.482394 0.604530 0.478873 0.604530 0.475352 0.602787 0.475352 0.599303
0 0.302817 0.599303 0.302817 0.611498 0.295775 0.614983 0.295775 0.623693 0.292254 0.625436 0.292254 0.630662 0.302817 0.630662 0.306338 0.628920 0.313380 0.628920 0.316901 0.630662 0.316901 0.632404 0.330986 0.632404 0.334507 0.634146 0.348592 0.634146 0.352113 0.635889 0.359155 0.635889 0.362676 0.634146 0.362676 0.627178 0.366197 0.625436 0.366197 0.620209 0.355634 0.620209 0.352113 0.618467 0.352113 0.601045 0.345070 0.601045 0.345070 0.602787 0.341549 0.604530 0.334507 0.604530 0.330986 0.602787 0.330986 0.601045 0.316901 0.601045 0.313380 0.599303
0 0.739437 0.569686 0.739437 0.571429 0.735915 0.573171 0.732394 0.573171 0.732394 0.574913 0.728873 0.576655 0.721831 0.576655 0.718310 0.574913 0.711268 0.574913 0.711268 0.587108 0.714789 0.587108 0.718310 0.588850 0.718310 0.594077 0.725352 0.594077 0.725352 0.590592 0.728873 0.588850 0.732394 0.588850 0.732394 0.585366 0.728873 0.585366 0.725352 0.583624 0.725352 0.580139 0.728873 0.578397 0.735915 0.578397 0.739437 0.580139 0.739437 0.583624 0.746479 0.583624 0.746479 0.569686
0 0.915493 0.536585 0.915493 0.543554 0.919014 0.545296 0.919014 0.547038 0.922535 0.547038 0.926056 0.548780 0.926056 0.562718 0.933099 0.562718 0.933099 0.548780 0.936620 0.547038 0.943662 0.547038 0.947183 0.548780 0.947183 0.573171 0.961268 0.573171 0.968310 0.576655 0.968310 0.581882 0.982394 0.581882 0.985915 0.583624 0.989437 0.583624 0.992958 0.585366 0.992958 0.599303 0.989437 0.601045 0.989437 0.604530 0.996479 0.604530 0.996479 0.538328 0.926056 0.538328 0.922535 0.536585
0 0.830986 0.536585 0.827465 0.538328 0.813380 0.538328 0.813380 0.543554 0.827465 0.543554 0.830986 0.545296 0.830986 0.547038 0.838028 0.547038 0.841549 0.548780 0.841549 0.552265 0.852113 0.552265 0.852113 0.545296 0.855634 0.543554 0.880282 0.543554 0.883803 0.545296 0.883803 0.552265 0.890845 0.552265 0.890845 0.545296 0.894366 0.543554 0.901408 0.543554 0.901408 0.538328 0.883803 0.538328 0.880282 0.536585 0.852113 0.536585 0.848592 0.538328 0.841549 0.538328 0.838028 0.536585
0 0.750000 0.533101 0.750000 0.536585 0.746479 0.538328 0.739437 0.538328 0.735915 0.536585 0.728873 0.536585 0.725352 0.538328 0.707746 0.538328 0.707746 0.541812 0.711268 0.543554 0.757042 0.543554 0.760563 0.545296 0.760563 0.550523 0.767606 0.550523 0.767606 0.545296 0.771127 0.543554 0.795775 0.543554 0.795775 0.538328 0.781690 0.538328 0.778169 0.536585 0.778169 0.533101 0.771127 0.533101 0.771127 0.534843 0.767606 0.536585 0.760563 0.536585 0.757042 0.534843 0.757042 0.533101
0 0.116197 0.527875 0.116197 0.543554 0.123239 0.543554 0.123239 0.541812 0.126761 0.540070 0.133803 0.540070 0.137324 0.541812 0.137324 0.573171 0.144366 0.573171 0.144366 0.540070 0.133803 0.540070 0.130282 0.538328 0.130282 0.534843 0.126761 0.534843 0.123239 0.533101 0.123239 0.527875
0 0.985915 0.494774 0.982394 0.496516 0.947183 0.496516 0.947183 0.500000 0.982394 0.500000 0.985915 0.501742 0.985915 0.505226 0.982394 0.506969 0.947183 0.506969 0.947183 0.510453 0.961268 0.510453 0.964789 0.512195 0.964789 0.515679 0.961268 0.517422 0.947183 0.517422 0.947183 0.520906 0.964789 0.520906 0.968310 0.522648 0.968310 0.531359 0.975352 0.531359 0.975352 0.522648 0.978873 0.520906 0.996479 0.520906 0.996479 0.494774
0 0.943662 0.179443 0.943662 0.186411 0.940141 0.188153 0.922535 0.188153 0.922535 0.203833 0.940141 0.203833 0.943662 0.205575 0.943662 0.212544 0.950704 0.212544 0.950704 0.200348 0.936620 0.200348 0.933099 0.198606 0.933099 0.195122 0.936620 0.193380 0.950704 0.193380 0.950704 0.179443
0 0.447183 0.076655 0.447183 0.120209 0.454225 0.120209 0.454225 0.076655
0 0.355634 0.000000 0.355634 0.001742 0.359155 0.003484 0.359155 0.005226 0.362676 0.006969 0.369718 0.006969 0.373239 0.008711 0.373239 0.022648 0.369718 0.024390 0.355634 0.024390 0.355634 0.038328 0.352113 0.040070 0.352113 0.043554 0.348592 0.045296 0.348592 0.050523 0.345070 0.052265 0.341549 0.052265 0.341549 0.054007 0.338028 0.055749 0.338028 0.064460 0.334507 0.066202 0.334507 0.067944 0.330986 0.069686 0.330986 0.078397 0.323944 0.081882 0.309859 0.081882 0.309859 0.085366 0.323944 0.085366 0.327465 0.087108 0.327465 0.097561 0.320423 0.101045 0.316901 0.101045 0.316901 0.102787 0.313380 0.104530 0.313380 0.111498 0.309859 0.113240 0.302817 0.113240 0.299296 0.111498 0.281690 0.111498 0.278169 0.109756 0.278169 0.104530 0.239437 0.104530 0.235915 0.102787 0.235915 0.101045 0.225352 0.101045 0.221831 0.102787 0.211268 0.102787 0.211268 0.104530 0.204225 0.108014 0.197183 0.108014 0.193662 0.106272 0.193662 0.102787 0.186620 0.102787 0.186620 0.108014 0.183099 0.109756 0.176056 0.109756 0.172535 0.108014 0.172535 0.104530 0.165493 0.104530 0.158451 0.108014 0.158451 0.109756 0.154930 0.111498 0.123239 0.111498 0.119718 0.109756 0.119718 0.094077 0.123239 0.092334 0.123239 0.087108 0.116197 0.087108 0.116197 0.090592 0.112676 0.092334 0.105634 0.092334 0.102113 0.090592 0.102113 0.087108 0.105634 0.085366 0.109155 0.085366 0.109155 0.081882 0.091549 0.081882 0.088028 0.080139 0.088028 0.071429 0.084507 0.071429 0.080986 0.069686 0.080986 0.067944 0.077465 0.067944 0.073944 0.066202 0.073944 0.057491 0.070423 0.055749 0.070423 0.050523 0.073944 0.048780 0.073944 0.045296 0.070423 0.043554 0.070423 0.041812 0.063380 0.038328 0.063380 0.034843 0.059859 0.034843 0.052817 0.031359 0.052817 0.029617 0.045775 0.029617 0.042254 0.031359 0.042254 0.034843 0.045775 0.036585 0.045775 0.040070 0.049296 0.041812 0.049296 0.048780 0.052817 0.048780 0.056338 0.050523 0.056338 0.054007 0.063380 0.057491 0.063380 0.064460 0.066901 0.066202 0.066901 0.069686 0.070423 0.071429 0.070423 0.074913 0.066901 0.076655 0.063380 0.076655 0.063380 0.083624 0.070423 0.087108 0.070423 0.094077 0.063380 0.097561 0.063380 0.102787 0.066901 0.102787 0.070423 0.104530 0.070423 0.114983 0.073944 0.116725 0.073944 0.120209 0.077465 0.120209 0.080986 0.121951 0.080986 0.123693 0.088028 0.127178 0.088028 0.132404 0.095070 0.132404 0.098592 0.134146 0.098592 0.137631 0.095070 0.139373 0.095070 0.142857 0.098592 0.142857 0.102113 0.144599 0.102113 0.148084 0.112676 0.148084 0.116197 0.149826 0.116197 0.153310 0.123239 0.153310 0.123239 0.149826 0.126761 0.148084 0.151408 0.148084 0.154930 0.146341 0.161972 0.146341 0.165493 0.148084 0.165493 0.172474 0.169014 0.174216 0.169014 0.179443 0.172535 0.181185 0.172535 0.188153 0.176056 0.189895 0.179577 0.189895 0.183099 0.191638 0.183099 0.193380 0.186620 0.195122 0.186620 0.196864 0.190141 0.198606 0.190141 0.203833 0.200704 0.203833 0.207746 0.207317 0.207746 0.217770 0.204225 0.219512 0.197183 0.219512 0.197183 0.222997 0.204225 0.222997 0.204225 0.221254 0.207746 0.219512 0.214789 0.219512 0.214789 0.216028 0.218310 0.214286 0.225352 0.214286 0.228873 0.216028 0.228873 0.219512 0.239437 0.219512 0.239437 0.216028 0.242958 0.214286 0.250000 0.214286 0.253521 0.216028 0.253521 0.221254 0.250000 0.222997 0.250000 0.224739 0.246479 0.226481 0.246479 0.228223 0.239437 0.231707 0.235915 0.231707 0.232394 0.233449 0.225352 0.233449 0.225352 0.236934 0.221831 0.238676 0.218310 0.238676 0.218310 0.242160 0.214789 0.243902 0.211268 0.243902 0.211268 0.247387 0.214789 0.247387 0.218310 0.249129 0.218310 0.266551 0.225352 0.266551 0.225352 0.261324 0.228873 0.259582 0.235915 0.259582 0.239437 0.261324 0.239437 0.264808 0.242958 0.264808 0.246479 0.266551 0.246479 0.270035 0.242958 0.271777 0.239437 0.271777 0.235915 0.273519 0.235915 0.275261 0.228873 0.278746 0.228873 0.280488 0.221831 0.283972 0.218310 0.283972 0.214789 0.285714 0.214789 0.292683 0.211268 0.294425 0.207746 0.294425 0.207746 0.303136 0.211268 0.304878 0.211268 0.308362 0.214789 0.310105 0.214789 0.317073 0.218310 0.318815 0.218310 0.322300 0.221831 0.322300 0.225352 0.324042 0.225352 0.325784 0.235915 0.331010 0.235915 0.334495 0.239437 0.336237 0.239437 0.346690 0.246479 0.346690 0.246479 0.343206 0.250000 0.341463 0.257042 0.341463 0.264085 0.344948 0.271127 0.344948 0.274648 0.346690 0.285211 0.346690 0.288732 0.348432 0.288732 0.353659 0.295775 0.353659 0.299296 0.355401 0.299296 0.357143 0.306338 0.357143 0.309859 0.358885 0.309859 0.362369 0.348592 0.362369 0.352113 0.364111 0.362676 0.364111 0.366197 0.365854 0.366197 0.367596 0.369718 0.367596 0.373239 0.369338 0.373239 0.372822 0.380282 0.372822 0.380282 0.350174 0.376761 0.350174 0.373239 0.348432 0.373239 0.343206 0.366197 0.343206 0.362676 0.341463 0.362676 0.337979 0.352113 0.337979 0.348592 0.339721 0.306338 0.339721 0.302817 0.337979 0.281690 0.337979 0.274648 0.334495 0.274648 0.324042 0.278169 0.322300 0.278169 0.318815 0.281690 0.317073 0.288732 0.317073 0.292254 0.318815 0.292254 0.324042 0.302817 0.324042 0.302817 0.322300 0.306338 0.320557 0.327465 0.320557 0.330986 0.322300 0.341549 0.322300 0.341549 0.318815 0.345070 0.317073 0.345070 0.313589 0.348592 0.311847 0.362676 0.311847 0.362676 0.296167 0.366197 0.294425 0.369718 0.294425 0.369718 0.292683 0.373239 0.290941 0.380282 0.290941 0.380282 0.285714 0.383803 0.283972 0.390845 0.283972 0.394366 0.285714 0.394366 0.292683 0.397887 0.294425 0.397887 0.299652 0.408451 0.299652 0.411972 0.301394 0.411972 0.304878 0.415493 0.306620 0.415493 0.320557 0.422535 0.324042 0.422535 0.325784 0.433099 0.325784 0.436620 0.327526 0.447183 0.327526 0.454225 0.331010 0.454225 0.334495 0.457746 0.336237 0.457746 0.343206 0.461268 0.344948 0.461268 0.353659 0.457746 0.355401 0.450704 0.355401 0.447183 0.357143 0.429577 0.357143 0.426056 0.355401 0.426056 0.350174 0.401408 0.350174 0.397887 0.351916 0.397887 0.355401 0.394366 0.357143 0.394366 0.365854 0.397887 0.367596 0.397887 0.372822 0.411972 0.372822 0.415493 0.374564 0.415493 0.383275 0.422535 0.383275 0.426056 0.385017 0.426056 0.388502 0.422535 0.390244 0.419014 0.390244 0.419014 0.393728 0.422535 0.393728 0.426056 0.395470 0.429577 0.395470 0.436620 0.398955 0.436620 0.402439 0.433099 0.404181 0.426056 0.404181 0.426056 0.409408 0.433099 0.409408 0.433099 0.405923 0.436620 0.404181 0.443662 0.404181 0.447183 0.405923 0.447183 0.409408 0.454225 0.409408 0.454225 0.400697 0.457746 0.398955 0.457746 0.397213 0.464789 0.393728 0.485915 0.393728 0.485915 0.390244 0.471831 0.390244 0.468310 0.388502 0.468310 0.379791 0.471831 0.378049 0.485915 0.378049 0.489437 0.376307 0.496479 0.376307 0.500000 0.378049 0.500000 0.397213 0.496479 0.398955 0.496479 0.407666 0.500000 0.409408 0.500000 0.412892 0.517606 0.412892 0.521127 0.414634 0.521127 0.430314 0.510563 0.435540 0.503521 0.435540 0.500000 0.437282 0.489437 0.437282 0.485915 0.435540 0.468310 0.435540 0.464789 0.433798 0.457746 0.433798 0.450704 0.437282 0.440141 0.437282 0.436620 0.439024 0.429577 0.439024 0.429577 0.440767 0.426056 0.442509 0.422535 0.442509 0.422535 0.447735 0.415493 0.451220 0.415493 0.454704 0.411972 0.456446 0.408451 0.456446 0.404930 0.458188 0.404930 0.463415 0.401408 0.465157 0.401408 0.466899 0.397887 0.468641 0.397887 0.477352 0.394366 0.479094 0.394366 0.487805 0.390845 0.489547 0.390845 0.494774 0.387324 0.496516 0.387324 0.505226 0.390845 0.506969 0.397887 0.506969 0.401408 0.505226 0.401408 0.503484 0.404930 0.501742 0.411972 0.501742 0.415493 0.503484 0.415493 0.526132 0.411972 0.527875 0.411972 0.529617 0.408451 0.531359 0.401408 0.531359 0.401408 0.534843 0.390845 0.540070 0.345070 0.540070 0.341549 0.538328 0.334507 0.538328 0.330986 0.540070 0.295775 0.540070 0.295775 0.543554 0.320423 0.543554 0.323944 0.545296 0.323944 0.552265 0.330986 0.552265 0.330986 0.547038 0.334507 0.545296 0.345070 0.545296 0.348592 0.543554 0.369718 0.543554 0.373239 0.545296 0.373239 0.547038 0.376761 0.547038 0.380282 0.548780 0.387324 0.548780 0.397887 0.554007 0.397887 0.569686 0.404930 0.569686 0.404930 0.559233 0.408451 0.557491 0.426056 0.557491 0.426056 0.554007 0.408451 0.554007 0.404930 0.552265 0.404930 0.548780 0.408451 0.547038 0.433099 0.547038 0.436620 0.548780 0.443662 0.548780 0.447183 0.550523 0.447183 0.552265 0.454225 0.552265 0.454225 0.550523 0.457746 0.548780 0.468310 0.548780 0.468310 0.543554 0.471831 0.541812 0.485915 0.541812 0.485915 0.536585 0.471831 0.536585 0.468310 0.534843 0.468310 0.508711 0.471831 0.506969 0.485915 0.506969 0.485915 0.503484 0.489437 0.501742 0.489437 0.498258 0.485915 0.496516 0.485915 0.491289 0.489437 0.489547 0.496479 0.489547 0.500000 0.491289 0.500000 0.496516 0.524648 0.496516 0.524648 0.491289 0.514085 0.491289 0.510563 0.489547 0.510563 0.487805 0.507042 0.486063 0.507042 0.482578 0.510563 0.480836 0.517606 0.480836 0.521127 0.482578 0.531690 0.482578 0.538732 0.486063 0.538732 0.491289 0.542254 0.493031 0.542254 0.500000 0.545775 0.501742 0.545775 0.503484 0.549296 0.505226 0.549296 0.512195 0.552817 0.513937 0.552817 0.520906 0.556338 0.522648 0.556338 0.526132 0.559859 0.527875 0.559859 0.533101 0.563380 0.534843 0.563380 0.545296 0.566901 0.547038 0.566901 0.567944 0.570423 0.569686 0.570423 0.576655 0.566901 0.578397 0.552817 0.578397 0.552817 0.581882 0.563380 0.581882 0.566901 0.583624 0.566901 0.634146 0.563380 0.635889 0.563380 0.641115 0.559859 0.642857 0.559859 0.649826 0.556338 0.651568 0.535211 0.651568 0.531690 0.649826 0.531690 0.642857 0.521127 0.642857 0.521127 0.649826 0.517606 0.651568 0.510563 0.651568 0.507042 0.649826 0.507042 0.642857 0.500000 0.642857 0.500000 0.660279 0.496479 0.662021 0.489437 0.662021 0.485915 0.660279 0.485915 0.642857 0.478873 0.642857 0.478873 0.648084 0.475352 0.649826 0.450704 0.649826 0.447183 0.648084 0.447183 0.642857 0.415493 0.642857 0.415493 0.658537 0.411972 0.660279 0.401408 0.660279 0.397887 0.662021 0.397887 0.670732 0.394366 0.672474 0.387324 0.672474 0.383803 0.670732 0.383803 0.662021 0.380282 0.660279 0.380282 0.651568 0.366197 0.651568 0.362676 0.649826 0.362676 0.642857 0.345070 0.642857 0.341549 0.641115 0.334507 0.641115 0.334507 0.649826 0.330986 0.651568 0.323944 0.651568 0.320423 0.649826 0.320423 0.644599 0.306338 0.644599 0.302817 0.642857 0.292254 0.642857 0.292254 0.649826 0.288732 0.651568 0.271127 0.651568 0.271127 0.670732 0.267606 0.672474 0.264085 0.672474 0.264085 0.675958 0.260563 0.677700 0.253521 0.677700 0.250000 0.675958 0.250000 0.672474 0.242958 0.672474 0.242958 0.677700 0.239437 0.679443 0.235915 0.679443 0.235915 0.682927 0.239437 0.682927 0.242958 0.684669 0.242958 0.686411 0.250000 0.686411 0.253521 0.688153 0.253521 0.696864 0.250000 0.698606 0.250000 0.702091 0.246479 0.703833 0.242958 0.703833 0.242958 0.707317 0.250000 0.707317 0.250000 0.705575 0.253521 0.703833 0.260563 0.703833 0.264085 0.705575 0.264085 0.717770 0.271127 0.717770 0.271127 0.714286 0.274648 0.712544 0.281690 0.712544 0.281690 0.709059 0.274648 0.709059 0.271127 0.707317 0.271127 0.703833 0.264085 0.703833 0.260563 0.702091 0.260563 0.688153 0.264085 0.686411 0.278169 0.686411 0.281690 0.684669 0.288732 0.684669 0.295775 0.688153 0.299296 0.688153 0.302817 0.689895 0.302817 0.736934 0.352113 0.736934 0.355634 0.738676 0.355634 0.743902 0.362676 0.743902 0.362676 0.738676 0.366197 0.736934 0.373239 0.736934 0.373239 0.733449 0.369718 0.733449 0.366197 0.731707 0.366197 0.728223 0.369718 0.726481 0.373239 0.726481 0.373239 0.712544 0.369718 0.712544 0.366197 0.710801 0.366197 0.707317 0.355634 0.707317 0.352113 0.705575 0.352113 0.703833 0.345070 0.703833 0.345070 0.707317 0.341549 0.709059 0.334507 0.709059 0.330986 0.707317 0.330986 0.700348 0.334507 0.698606 0.334507 0.693380 0.338028 0.691638 0.341549 0.691638 0.341549 0.688153 0.345070 0.686411 0.352113 0.686411 0.355634 0.688153 0.355634 0.691638 0.362676 0.691638 0.366197 0.693380 0.366197 0.696864 0.369718 0.696864 0.373239 0.698606 0.373239 0.702091 0.383803 0.702091 0.383803 0.693380 0.387324 0.691638 0.394366 0.691638 0.397887 0.693380 0.397887 0.733449 0.415493 0.733449 0.419014 0.735192 0.419014 0.743902 0.415493 0.745645 0.408451 0.745645 0.408451 0.747387 0.404930 0.749129 0.397887 0.749129 0.397887 0.752613 0.419014 0.752613 0.422535 0.754355 0.422535 0.757840 0.419014 0.759582 0.401408 0.759582 0.401408 0.763066 0.411972 0.763066 0.415493 0.764808 0.415493 0.768293 0.411972 0.770035 0.397887 0.770035 0.397887 0.775261 0.394366 0.777003 0.387324 0.777003 0.383803 0.775261 0.383803 0.768293 0.376761 0.768293 0.373239 0.766551 0.373239 0.754355 0.366197 0.754355 0.366197 0.756098 0.362676 0.757840 0.352113 0.757840 0.348592 0.759582 0.334507 0.759582 0.330986 0.757840 0.330986 0.754355 0.316901 0.754355 0.313380 0.752613 0.313380 0.745645 0.302817 0.745645 0.302817 0.752613 0.299296 0.754355 0.285211 0.754355 0.281690 0.752613 0.281690 0.749129 0.274648 0.749129 0.267606 0.745645 0.253521 0.745645 0.253521 0.752613 0.250000 0.754355 0.242958 0.754355 0.242958 0.768293 0.250000 0.768293 0.250000 0.766551 0.253521 0.764808 0.260563 0.764808 0.264085 0.766551 0.264085 0.778746 0.260563 0.780488 0.250000 0.780488 0.250000 0.783972 0.246479 0.785714 0.242958 0.785714 0.242958 0.787456 0.239437 0.789199 0.232394 0.789199 0.228873 0.787456 0.228873 0.777003 0.232394 0.775261 0.232394 0.770035 0.228873 0.768293 0.228873 0.745645 0.232394 0.743902 0.239437 0.743902 0.239437 0.738676 0.242958 0.736934 0.250000 0.736934 0.250000 0.733449 0.242958 0.733449 0.242958 0.736934 0.239437 0.738676 0.232394 0.738676 0.228873 0.736934 0.228873 0.693380 0.221831 0.693380 0.221831 0.736934 0.228873 0.736934 0.232394 0.738676 0.232394 0.743902 0.228873 0.745645 0.221831 0.745645 0.221831 0.778746 0.218310 0.780488 0.214789 0.780488 0.214789 0.787456 0.211268 0.789199 0.190141 0.789199 0.190141 0.794425 0.197183 0.794425 0.200704 0.796167 0.200704 0.799652 0.207746 0.799652 0.207746 0.796167 0.211268 0.794425 0.218310 0.794425 0.221831 0.796167 0.221831 0.837979 0.214789 0.841463 0.211268 0.841463 0.211268 0.846690 0.214789 0.848432 0.214789 0.857143 0.218310 0.858885 0.218310 0.865854 0.221831 0.867596 0.221831 0.890244 0.228873 0.890244 0.228873 0.878049 0.232394 0.876307 0.239437 0.876307 0.242958 0.878049 0.242958 0.883275 0.250000 0.883275 0.250000 0.878049 0.253521 0.876307 0.260563 0.876307 0.264085 0.878049 0.264085 0.883275 0.267606 0.883275 0.271127 0.885017 0.278169 0.885017 0.278169 0.878049 0.281690 0.876307 0.299296 0.876307 0.302817 0.878049 0.302817 0.891986 0.309859 0.891986 0.313380 0.893728 0.313380 0.897213 0.309859 0.898955 0.306338 0.898955 0.306338 0.914634 0.302817 0.916376 0.302817 0.923345 0.306338 0.925087 0.306338 0.942509 0.334507 0.942509 0.334507 0.939024 0.338028 0.937282 0.338028 0.935540 0.341549 0.933798 0.369718 0.933798 0.373239 0.935540 0.373239 0.939024 0.369718 0.940767 0.366197 0.940767 0.366197 0.945993 0.369718 0.945993 0.373239 0.947735 0.373239 0.956446 0.369718 0.958188 0.366197 0.958188 0.366197 0.961672 0.362676 0.963415 0.338028 0.963415 0.334507 0.961672 0.334507 0.958188 0.327465 0.958188 0.327465 0.973868 0.341549 0.973868 0.345070 0.975610 0.373239 0.975610 0.373239 0.959930 0.376761 0.958188 0.383803 0.958188 0.383803 0.949477 0.380282 0.947735 0.380282 0.944251 0.383803 0.942509 0.383803 0.937282 0.387324 0.935540 0.394366 0.935540 0.397887 0.937282 0.397887 0.940767 0.401408 0.942509 0.415493 0.942509 0.419014 0.944251 0.419014 0.947735 0.447183 0.947735 0.450704 0.949477 0.450704 0.952962 0.457746 0.952962 0.457746 0.949477 0.450704 0.949477 0.447183 0.947735 0.447183 0.942509 0.450704 0.940767 0.457746 0.940767 0.457746 0.939024 0.461268 0.937282 0.468310 0.937282 0.471831 0.939024 0.471831 0.942509 0.478873 0.942509 0.478873 0.928571 0.482394 0.926829 0.489437 0.926829 0.489437 0.923345 0.485915 0.923345 0.482394 0.921603 0.482394 0.918118 0.485915 0.916376 0.489437 0.916376 0.489437 0.909408 0.492958 0.907666 0.507042 0.907666 0.510563 0.909408 0.510563 0.932056 0.517606 0.932056 0.521127 0.933798 0.521127 0.942509 0.517606 0.944251 0.517606 0.945993 0.514085 0.947735 0.510563 0.947735 0.510563 0.954704 0.507042 0.956446 0.507042 0.959930 0.503521 0.961672 0.503521 0.963415 0.500000 0.965157 0.500000 0.972125 0.496479 0.973868 0.496479 0.975610 0.492958 0.977352 0.492958 0.980836 0.503521 0.980836 0.507042 0.982578 0.507042 0.984321 0.510563 0.986063 0.510563 0.993031 0.521127 0.993031 0.521127 0.986063 0.524648 0.984321 0.542254 0.984321 0.542254 0.959930 0.545775 0.958188 0.552817 0.958188 0.552817 0.954704 0.556338 0.952962 0.559859 0.952962 0.559859 0.949477 0.552817 0.949477 0.549296 0.947735 0.549296 0.944251 0.552817 0.942509 0.552817 0.935540 0.556338 0.933798 0.559859 0.933798 0.559859 0.928571 0.563380 0.926829 0.563380 0.925087 0.566901 0.923345 0.577465 0.923345 0.580986 0.925087 0.580986 0.928571 0.584507 0.930314 0.584507 0.939024 0.588028 0.940767 0.588028 0.947735 0.591549 0.949477 0.598592 0.949477 0.598592 0.942509 0.595070 0.940767 0.595070 0.935540 0.591549 0.933798 0.591549 0.914634 0.588028 0.912892 0.588028 0.902439 0.584507 0.902439 0.580986 0.900697 0.580986 0.897213 0.584507 0.895470 0.591549 0.895470 0.591549 0.876307 0.595070 0.874564 0.602113 0.874564 0.605634 0.876307 0.605634 0.897213 0.612676 0.897213 0.616197 0.898955 0.616197 0.940767 0.623239 0.940767 0.623239 0.919861 0.626761 0.918118 0.633803 0.918118 0.637324 0.919861 0.637324 0.921603 0.644366 0.921603 0.644366 0.918118 0.647887 0.916376 0.651408 0.916376 0.651408 0.912892 0.654930 0.911150 0.661972 0.911150 0.665493 0.912892 0.665493 0.916376 0.661972 0.918118 0.658451 0.918118 0.658451 0.942509 0.686620 0.942509 0.686620 0.928571 0.690141 0.926829 0.690141 0.923345 0.686620 0.921603 0.686620 0.918118 0.690141 0.916376 0.690141 0.909408 0.693662 0.907666 0.704225 0.907666 0.707746 0.909408 0.707746 0.911150 0.711268 0.912892 0.711268 0.916376 0.714789 0.916376 0.718310 0.918118 0.718310 0.926829 0.735915 0.926829 0.739437 0.928571 0.739437 0.932056 0.750000 0.932056 0.753521 0.933798 0.753521 0.935540 0.767606 0.935540 0.771127 0.937282 0.771127 0.947735 0.767606 0.949477 0.760563 0.949477 0.760563 0.972125 0.767606 0.972125 0.767606 0.949477 0.771127 0.947735 0.778169 0.947735 0.781690 0.949477 0.781690 0.984321 0.788732 0.984321 0.788732 0.949477 0.781690 0.949477 0.778169 0.947735 0.778169 0.944251 0.785211 0.940767 0.788732 0.940767 0.788732 0.926829 0.795775 0.923345 0.799296 0.923345 0.802817 0.921603 0.809859 0.921603 0.816901 0.925087 0.816901 0.926829 0.820423 0.926829 0.823944 0.928571 0.823944 0.932056 0.830986 0.932056 0.830986 0.897213 0.834507 0.895470 0.841549 0.895470 0.845070 0.897213 0.845070 0.932056 0.852113 0.932056 0.852113 0.904181 0.855634 0.902439 0.862676 0.902439 0.866197 0.904181 0.866197 0.921603 0.873239 0.921603 0.873239 0.898955 0.855634 0.898955 0.852113 0.897213 0.852113 0.878049 0.855634 0.876307 0.862676 0.876307 0.866197 0.878049 0.866197 0.890244 0.894366 0.890244 0.894366 0.878049 0.897887 0.876307 0.897887 0.867596 0.901408 0.865854 0.926056 0.865854 0.929577 0.864111 0.940141 0.864111 0.940141 0.851916 0.933099 0.848432 0.929577 0.848432 0.926056 0.846690 0.820423 0.846690 0.816901 0.844948 0.816901 0.841463 0.823944 0.837979 0.830986 0.837979 0.834507 0.839721 0.880282 0.839721 0.883803 0.837979 0.890845 0.837979 0.894366 0.839721 0.901408 0.839721 0.904930 0.837979 0.933099 0.837979 0.936620 0.839721 0.943662 0.839721 0.947183 0.837979 0.996479 0.837979 0.996479 0.815331 0.989437 0.815331 0.989437 0.825784 0.985915 0.827526 0.978873 0.827526 0.975352 0.825784 0.975352 0.804878 0.968310 0.804878 0.968310 0.820557 0.964789 0.822300 0.957746 0.822300 0.954225 0.820557 0.954225 0.804878 0.947183 0.804878 0.947183 0.808362 0.943662 0.810105 0.929577 0.810105 0.926056 0.808362 0.926056 0.806620 0.915493 0.806620 0.911972 0.808362 0.894366 0.808362 0.890845 0.806620 0.890845 0.790941 0.894366 0.789199 0.894366 0.782230 0.897887 0.780488 0.897887 0.778746 0.901408 0.777003 0.904930 0.777003 0.904930 0.773519 0.908451 0.771777 0.922535 0.771777 0.926056 0.773519 0.926056 0.778746 0.933099 0.778746 0.933099 0.773519 0.929577 0.773519 0.926056 0.771777 0.926056 0.759582 0.929577 0.757840 0.933099 0.757840 0.933099 0.752613 0.926056 0.752613 0.926056 0.759582 0.922535 0.761324 0.915493 0.761324 0.911972 0.763066 0.894366 0.763066 0.890845 0.761324 0.890845 0.749129 0.873239 0.749129 0.869718 0.747387 0.869718 0.743902 0.866197 0.743902 0.862676 0.742160 0.862676 0.738676 0.866197 0.736934 0.869718 0.736934 0.869718 0.733449 0.873239 0.731707 0.880282 0.731707 0.883803 0.733449 0.883803 0.735192 0.890845 0.735192 0.890845 0.722997 0.887324 0.722997 0.883803 0.721254 0.883803 0.717770 0.887324 0.716028 0.890845 0.716028 0.890845 0.714286 0.894366 0.712544 0.897887 0.712544 0.901408 0.710801 0.901408 0.709059 0.904930 0.707317 0.904930 0.702091 0.908451 0.700348 0.926056 0.700348 0.926056 0.686411 0.929577 0.684669 0.933099 0.684669 0.933099 0.670732 0.926056 0.670732 0.926056 0.684669 0.922535 0.686411 0.915493 0.686411 0.915493 0.693380 0.911972 0.695122 0.904930 0.695122 0.901408 0.693380 0.901408 0.682927 0.894366 0.682927 0.890845 0.681185 0.890845 0.672474 0.883803 0.672474 0.883803 0.684669 0.880282 0.686411 0.876761 0.686411 0.876761 0.691638 0.873239 0.693380 0.866197 0.693380 0.862676 0.691638 0.862676 0.686411 0.866197 0.684669 0.869718 0.684669 0.869718 0.681185 0.862676 0.681185 0.862676 0.686411 0.859155 0.688153 0.834507 0.688153 0.830986 0.686411 0.830986 0.681185 0.823944 0.681185 0.823944 0.684669 0.827465 0.684669 0.830986 0.686411 0.830986 0.691638 0.855634 0.691638 0.859155 0.693380 0.859155 0.696864 0.855634 0.698606 0.855634 0.702091 0.852113 0.703833 0.852113 0.705575 0.848592 0.707317 0.820423 0.707317 0.813380 0.703833 0.813380 0.702091 0.795775 0.702091 0.795775 0.703833 0.792254 0.705575 0.788732 0.705575 0.785211 0.707317 0.771127 0.707317 0.767606 0.705575 0.767606 0.702091 0.771127 0.700348 0.778169 0.700348 0.778169 0.686411 0.781690 0.684669 0.795775 0.684669 0.795775 0.663763 0.781690 0.663763 0.778169 0.662021 0.778169 0.656794 0.781690 0.655052 0.788732 0.655052 0.788732 0.649826 0.781690 0.649826 0.781690 0.655052 0.778169 0.656794 0.757042 0.656794 0.753521 0.655052 0.728873 0.655052 0.728873 0.658537 0.725352 0.660279 0.718310 0.660279 0.714789 0.658537 0.714789 0.653310 0.707746 0.653310 0.707746 0.668990 0.704225 0.670732 0.697183 0.670732 0.693662 0.668990 0.693662 0.648084 0.686620 0.648084 0.683099 0.646341 0.683099 0.642857 0.676056 0.642857 0.669014 0.646341 0.658451 0.646341 0.654930 0.644599 0.647887 0.644599 0.644366 0.642857 0.633803 0.642857 0.630282 0.644599 0.605634 0.644599 0.605634 0.663763 0.598592 0.667247 0.598592 0.670732 0.602113 0.670732 0.605634 0.672474 0.605634 0.688153 0.612676 0.688153 0.616197 0.689895 0.616197 0.695122 0.612676 0.696864 0.605634 0.696864 0.605634 0.717770 0.602113 0.719512 0.595070 0.719512 0.591549 0.717770 0.591549 0.691638 0.588028 0.689895 0.588028 0.688153 0.584507 0.686411 0.584507 0.642857 0.588028 0.641115 0.588028 0.634146 0.591549 0.632404 0.591549 0.599303 0.588028 0.597561 0.588028 0.588850 0.591549 0.587108 0.591549 0.574913 0.588028 0.573171 0.588028 0.533101 0.591549 0.531359 0.591549 0.513937 0.595070 0.512195 0.602113 0.512195 0.605634 0.513937 0.605634 0.526132 0.609155 0.526132 0.612676 0.527875 0.612676 0.531359 0.619718 0.531359 0.619718 0.529617 0.623239 0.527875 0.630282 0.527875 0.633803 0.529617 0.633803 0.531359 0.640845 0.531359 0.644366 0.533101 0.644366 0.536585 0.640845 0.538328 0.623239 0.538328 0.623239 0.545296 0.619718 0.547038 0.616197 0.547038 0.616197 0.550523 0.630282 0.550523 0.633803 0.552265 0.633803 0.557491 0.630282 0.559233 0.616197 0.559233 0.616197 0.562718 0.630282 0.562718 0.633803 0.564460 0.633803 0.567944 0.630282 0.569686 0.616197 0.569686 0.616197 0.581882 0.630282 0.581882 0.633803 0.583624 0.633803 0.588850 0.630282 0.590592 0.612676 0.590592 0.612676 0.594077 0.616197 0.595819 0.616197 0.608014 0.612676 0.609756 0.612676 0.614983 0.616197 0.616725 0.616197 0.623693 0.630282 0.623693 0.633803 0.625436 0.640845 0.625436 0.640845 0.611498 0.644366 0.609756 0.651408 0.609756 0.654930 0.611498 0.654930 0.625436 0.683099 0.625436 0.683099 0.606272 0.686620 0.604530 0.686620 0.599303 0.683099 0.597561 0.683099 0.590592 0.686620 0.588850 0.693662 0.588850 0.693662 0.585366 0.686620 0.585366 0.686620 0.588850 0.683099 0.590592 0.676056 0.590592 0.672535 0.592334 0.647887 0.592334 0.644366 0.590592 0.644366 0.574913 0.647887 0.573171 0.661972 0.573171 0.665493 0.574913 0.665493 0.580139 0.672535 0.580139 0.676056 0.581882 0.683099 0.581882 0.683099 0.578397 0.679577 0.578397 0.676056 0.576655 0.669014 0.576655 0.665493 0.574913 0.665493 0.569686 0.647887 0.569686 0.644366 0.567944 0.644366 0.564460 0.647887 0.562718 0.683099 0.562718 0.683099 0.559233 0.658451 0.559233 0.654930 0.557491 0.654930 0.554007 0.658451 0.552265 0.661972 0.552265 0.661972 0.550523 0.665493 0.548780 0.672535 0.548780 0.676056 0.550523 0.676056 0.552265 0.683099 0.552265 0.683099 0.545296 0.686620 0.543554 0.690141 0.543554 0.693662 0.541812 0.693662 0.536585 0.686620 0.536585 0.686620 0.538328 0.683099 0.540070 0.676056 0.540070 0.672535 0.538328 0.654930 0.538328 0.651408 0.536585 0.651408 0.533101 0.654930 0.531359 0.661972 0.531359 0.661972 0.529617 0.665493 0.527875 0.676056 0.527875 0.676056 0.522648 0.679577 0.520906 0.683099 0.520906 0.683099 0.508711 0.676056 0.508711 0.676056 0.520906 0.672535 0.522648 0.665493 0.522648 0.665493 0.526132 0.661972 0.527875 0.654930 0.527875 0.654930 0.531359 0.651408 0.533101 0.644366 0.533101 0.640845 0.531359 0.640845 0.515679 0.637324 0.515679 0.633803 0.513937 0.633803 0.503484 0.637324 0.501742 0.640845 0.501742 0.640845 0.487805 0.633803 0.487805 0.633803 0.500000 0.630282 0.501742 0.623239 0.501742 0.623239 0.506969 0.619718 0.508711 0.591549 0.508711 0.588028 0.506969 0.588028 0.503484 0.584507 0.503484 0.580986 0.501742 0.580986 0.498258 0.577465 0.498258 0.573944 0.496516 0.573944 0.491289 0.570423 0.491289 0.566901 0.489547 0.566901 0.480836 0.570423 0.479094 0.580986 0.479094 0.580986 0.466899 0.573944 0.466899 0.573944 0.470383 0.570423 0.472125 0.563380 0.472125 0.556338 0.468641 0.556338 0.466899 0.552817 0.465157 0.552817 0.461672 0.556338 0.459930 0.556338 0.452962 0.559859 0.451220 0.559859 0.437282 0.556338 0.437282 0.552817 0.435540 0.549296 0.435540 0.545775 0.433798 0.545775 0.421603 0.542254 0.419861 0.542254 0.416376 0.545775 0.414634 0.549296 0.414634 0.549296 0.411150 0.556338 0.407666 0.559859 0.407666 0.563380 0.405923 0.570423 0.405923 0.573944 0.407666 0.580986 0.407666 0.580986 0.404181 0.584507 0.402439 0.588028 0.402439 0.588028 0.391986 0.591549 0.390244 0.602113 0.390244 0.605634 0.391986 0.605634 0.402439 0.612676 0.402439 0.612676 0.400697 0.616197 0.398955 0.619718 0.398955 0.619718 0.395470 0.623239 0.393728 0.630282 0.393728 0.633803 0.395470 0.633803 0.418118 0.640845 0.418118 0.640845 0.385017 0.644366 0.383275 0.651408 0.383275 0.654930 0.385017 0.654930 0.388502 0.661972 0.388502 0.661972 0.383275 0.658451 0.383275 0.654930 0.381533 0.654930 0.369338 0.658451 0.367596 0.661972 0.367596 0.661972 0.364111 0.658451 0.364111 0.654930 0.362369 0.654930 0.348432 0.658451 0.346690 0.661972 0.346690 0.661972 0.343206 0.658451 0.343206 0.654930 0.341463 0.654930 0.337979 0.647887 0.337979 0.647887 0.344948 0.644366 0.346690 0.626761 0.346690 0.626761 0.350174 0.630282 0.351916 0.630282 0.357143 0.626761 0.358885 0.626761 0.360627 0.623239 0.362369 0.623239 0.371080 0.619718 0.372822 0.619718 0.374564 0.612676 0.378049 0.605634 0.378049 0.605634 0.381533 0.602113 0.383275 0.591549 0.383275 0.588028 0.381533 0.588028 0.379791 0.584507 0.379791 0.580986 0.378049 0.580986 0.364111 0.573944 0.364111 0.570423 0.362369 0.570423 0.358885 0.573944 0.357143 0.580986 0.357143 0.580986 0.344948 0.584507 0.343206 0.588028 0.343206 0.588028 0.306620 0.584507 0.306620 0.580986 0.304878 0.580986 0.303136 0.577465 0.303136 0.570423 0.299652 0.570423 0.296167 0.573944 0.294425 0.580986 0.294425 0.580986 0.290941 0.570423 0.290941 0.566901 0.289199 0.566901 0.285714 0.563380 0.283972 0.563380 0.280488 0.559859 0.280488 0.556338 0.278746 0.556338 0.271777 0.552817 0.271777 0.549296 0.270035 0.549296 0.266551 0.552817 0.264808 0.556338 0.264808 0.556338 0.261324 0.552817 0.261324 0.549296 0.259582 0.549296 0.256098 0.552817 0.254355 0.556338 0.254355 0.556338 0.250871 0.552817 0.250871 0.549296 0.249129 0.549296 0.245645 0.542254 0.245645 0.538732 0.243902 0.538732 0.231707 0.528169 0.231707 0.528169 0.233449 0.524648 0.235192 0.514085 0.235192 0.510563 0.233449 0.510563 0.229965 0.507042 0.228223 0.507042 0.216028 0.510563 0.214286 0.528169 0.214286 0.531690 0.216028 0.531690 0.222997 0.538732 0.222997 0.538732 0.210801 0.510563 0.210801 0.507042 0.209059 0.507042 0.205575 0.510563 0.203833 0.514085 0.203833 0.514085 0.200348 0.517606 0.198606 0.524648 0.198606 0.524648 0.191638 0.528169 0.189895 0.535211 0.189895 0.538732 0.191638 0.538732 0.198606 0.535211 0.200348 0.531690 0.200348 0.531690 0.203833 0.538732 0.203833 0.538732 0.200348 0.542254 0.198606 0.549296 0.198606 0.549296 0.189895 0.552817 0.188153 0.559859 0.188153 0.563380 0.189895 0.563380 0.198606 0.570423 0.198606 0.570423 0.191638 0.573944 0.189895 0.588028 0.189895 0.588028 0.184669 0.591549 0.182927 0.598592 0.182927 0.602113 0.184669 0.602113 0.193380 0.612676 0.193380 0.612676 0.179443 0.609155 0.177700 0.609155 0.174216 0.612676 0.172474 0.612676 0.167247 0.605634 0.167247 0.605634 0.172474 0.602113 0.174216 0.591549 0.174216 0.588028 0.172474 0.588028 0.163763 0.573944 0.163763 0.570423 0.162021 0.570423 0.156794 0.566901 0.155052 0.566901 0.153310 0.552817 0.153310 0.549296 0.151568 0.549296 0.142857 0.538732 0.142857 0.535211 0.144599 0.521127 0.144599 0.514085 0.141115 0.514085 0.139373 0.510563 0.139373 0.507042 0.137631 0.507042 0.130662 0.500000 0.130662 0.492958 0.134146 0.478873 0.134146 0.478873 0.135889 0.475352 0.137631 0.468310 0.137631 0.464789 0.135889 0.464789 0.132404 0.457746 0.132404 0.457746 0.135889 0.454225 0.137631 0.447183 0.137631 0.443662 0.135889 0.443662 0.132404 0.440141 0.130662 0.440141 0.128920 0.426056 0.128920 0.419014 0.125436 0.419014 0.121951 0.422535 0.120209 0.433099 0.120209 0.433099 0.097561 0.426056 0.097561 0.426056 0.109756 0.422535 0.111498 0.415493 0.111498 0.411972 0.109756 0.411972 0.108014 0.408451 0.108014 0.404930 0.106272 0.404930 0.102787 0.408451 0.101045 0.411972 0.101045 0.411972 0.097561 0.408451 0.097561 0.404930 0.095819 0.404930 0.092334 0.397887 0.092334 0.397887 0.099303 0.394366 0.101045 0.394366 0.102787 0.390845 0.104530 0.383803 0.104530 0.380282 0.102787 0.369718 0.102787 0.366197 0.101045 0.366197 0.094077 0.369718 0.092334 0.369718 0.087108 0.366197 0.087108 0.362676 0.085366 0.362676 0.081882 0.366197 0.080139 0.369718 0.080139 0.369718 0.076655 0.366197 0.076655 0.362676 0.074913 0.362676 0.059233 0.366197 0.057491 0.366197 0.054007 0.369718 0.052265 0.376761 0.052265 0.376761 0.041812 0.380282 0.040070 0.380282 0.027875 0.383803 0.026132 0.390845 0.026132 0.394366 0.027875 0.394366 0.040070 0.397887 0.041812 0.397887 0.043554 0.404930 0.043554 0.404930 0.017422 0.408451 0.015679 0.411972 0.015679 0.411972 0.012195 0.404930 0.008711 0.404930 0.000000