0 0.149020 0.897959 0.149020 0.910204 0.145098 0.912245 0.125490 0.912245 0.125490 0.916327 0.145098 0.916327 0.149020 0.918367 0.149020 0.928571 0.160784 0.928571 0.160784 0.926531 0.164706 0.924490 0.180392 0.924490 0.180392 0.918367 0.172549 0.918367 0.172549 0.922449 0.168627 0.924490 0.160784 0.924490 0.156863 0.922449 0.156863 0.914286 0.160784 0.912245 0.160784 0.900000 0.156863 0.897959
0 0.035294 0.785714 0.035294 0.791837 0.031373 0.793878 0.019608 0.793878 0.019608 0.804082 0.015686 0.806122 0.000000 0.806122 0.000000 0.810204 0.015686 0.810204 0.019608 0.812245 0.019608 0.822449 0.023529 0.824490 0.023529 0.834694 0.031373 0.834694 0.035294 0.836735 0.035294 0.840816 0.043137 0.840816 0.043137 0.834694 0.047059 0.832653 0.054902 0.832653 0.054902 0.828571 0.058824 0.826531 0.066667 0.826531 0.066667 0.816327 0.058824 0.816327 0.058824 0.826531 0.054902 0.828571 0.035294 0.828571 0.031373 0.826531 0.031373 0.818367 0.039216 0.814286 0.043137 0.814286 0.043137 0.810204 0.039216 0.810204 0.035294 0.808163 0.035294 0.804082 0.031373 0.802041 0.031373 0.795918 0.035294 0.793878 0.043137 0.793878 0.043137 0.785714
0 0.035294 0.679592 0.031373 0.681633 0.015686 0.681633 0.011765 0.683673 0.011765 0.689796 0.027451 0.689796 0.031373 0.691837 0.031373 0.704082 0.043137 0.704082 0.043137 0.702041 0.047059 0.700000 0.047059 0.689796 0.043137 0.687755 0.043137 0.679592
0 0.133333 0.538776 0.133333 0.544898 0.129412 0.546939 0.125490 0.546939 0.125490 0.573469 0.133333 0.573469 0.133333 0.544898 0.137255 0.542857 0.145098 0.542857 0.149020 0.544898 0.149020 0.563265 0.156863 0.563265 0.156863 0.546939 0.160784 0.544898 0.188235 0.544898 0.188235 0.538776
0 0.627451 0.312245 0.627451 0.314286 0.623529 0.316327 0.607843 0.316327 0.607843 0.340816 0.615686 0.340816 0.619608 0.342857 0.619608 0.351020 0.627451 0.351020 0.627451 0.340816 0.631373 0.338776 0.643137 0.338776 0.643137 0.332653 0.635294 0.332653 0.631373 0.334694 0.619608 0.334694 0.615686 0.332653 0.615686 0.318367 0.619608 0.316327 0.627451 0.316327 0.631373 0.318367 0.639216 0.318367 0.639216 0.312245
0 0.678431 0.308163 0.678431 0.312245 0.674510 0.314286 0.674510 0.340816 0.705882 0.340816 0.709804 0.342857 0.709804 0.348980 0.717647 0.348980 0.717647 0.340816 0.721569 0.338776 0.741176 0.338776 0.745098 0.340816 0.752941 0.340816 0.752941 0.334694 0.733333 0.334694 0.729412 0.332653 0.729412 0.326531 0.713725 0.326531 0.709804 0.324490 0.709804 0.322449 0.690196 0.322449 0.686275 0.320408 0.686275 0.316327 0.690196 0.314286 0.690196 0.308163
0 0.839216 0.253061 0.839216 0.257143 0.831373 0.261224 0.823529 0.261224 0.823529 0.263265 0.819608 0.265306 0.815686 0.265306 0.815686 0.269388 0.823529 0.269388 0.827451 0.267347 0.854902 0.267347 0.858824 0.269388 0.858824 0.277551 0.870588 0.277551 0.870588 0.273469 0.866667 0.271429 0.866667 0.253061
0 0.823529 0.224490 0.823529 0.232653 0.819608 0.234694 0.815686 0.234694 0.807843 0.238776 0.788235 0.238776 0.788235 0.246939 0.784314 0.248980 0.784314 0.253061 0.788235 0.253061 0.792157 0.255102 0.792157 0.259184 0.788235 0.261224 0.784314 0.261224 0.784314 0.265306 0.788235 0.267347 0.788235 0.277551 0.792157 0.279592 0.792157 0.281633 0.800000 0.281633 0.803922 0.283673 0.803922 0.291837 0.811765 0.291837 0.811765 0.283673 0.803922 0.283673 0.800000 0.281633 0.800000 0.255102 0.803922 0.253061 0.803922 0.244898 0.807843 0.242857 0.823529 0.242857 0.827451 0.240816 0.850980 0.240816 0.854902 0.242857 0.862745 0.242857 0.862745 0.238776 0.850980 0.238776 0.847059 0.236735 0.847059 0.234694 0.839216 0.234694 0.835294 0.232653 0.835294 0.224490
0 0.745098 0.183673 0.745098 0.271429 0.752941 0.271429 0.752941 0.183673
0 0.698039 0.181633 0.698039 0.195918 0.694118 0.197959 0.686275 0.197959 0.682353 0.195918 0.682353 0.185714 0.674510 0.185714 0.674510 0.202041 0.678431 0.202041 0.682353 0.204082 0.682353 0.206122 0.694118 0.206122 0.698039 0.208163 0.698039 0.218367 0.709804 0.218367 0.709804 0.212245 0.705882 0.210204 0.705882 0.181633
0 0.792157 0.116327 0.792157 0.134694 0.800000 0.134694 0.803922 0.132653 0.831373 0.132653 0.835294 0.134694 0.835294 0.140816 0.847059 0.140816 0.850980 0.138776 0.870588 0.138776 0.870588 0.136735 0.878431 0.132653 0.882353 0.132653 0.882353 0.128571 0.874510 0.128571 0.870588 0.126531 0.870588 0.116327 0.858824 0.116327 0.858824 0.126531 0.854902 0.128571 0.827451 0.128571 0.823529 0.126531 0.819608 0.126531 0.815686 0.124490 0.815686 0.116327
0 0.560784 0.112245 0.560784 0.153061 0.576471 0.153061 0.584314 0.157143 0.592157 0.157143 0.592157 0.128571 0.584314 0.128571 0.584314 0.136735 0.580392 0.138776 0.572549 0.138776 0.568627 0.136735 0.568627 0.112245
0 0.560784 0.079592 0.560784 0.083673 0.576471 0.083673 0.580392 0.085714 0.580392 0.091837 0.576471 0.093878 0.560784 0.093878 0.560784 0.104082 0.568627 0.104082 0.568627 0.102041 0.572549 0.100000 0.600000 0.100000 0.603922 0.102041 0.603922 0.106122 0.615686 0.106122 0.619608 0.104082 0.635294 0.104082 0.635294 0.091837 0.596078 0.091837 0.592157 0.089796 0.592157 0.079592
0 0.674510 0.063265 0.674510 0.102041 0.682353 0.102041 0.682353 0.089796 0.686275 0.087755 0.686275 0.085714 0.690196 0.083673 0.705882 0.083673 0.705882 0.079592 0.686275 0.079592 0.682353 0.077551 0.682353 0.063265
0 0.513725 0.053061 0.513725 0.055102 0.509804 0.057143 0.501961 0.057143 0.498039 0.055102 0.490196 0.055102 0.490196 0.081633 0.494118 0.081633 0.498039 0.083673 0.498039 0.085714 0.509804 0.085714 0.513725 0.087755 0.513725 0.104082 0.509804 0.106122 0.501961 0.106122 0.501961 0.110204 0.498039 0.112245 0.490196 0.112245 0.490196 0.126531 0.486275 0.128571 0.478431 0.128571 0.474510 0.130612 0.458824 0.130612 0.454902 0.128571 0.454902 0.122449 0.443137 0.122449 0.443137 0.151020 0.439216 0.153061 0.435294 0.153061 0.435294 0.159184 0.431373 0.161224 0.423529 0.161224 0.419608 0.159184 0.419608 0.146939 0.415686 0.144898 0.415686 0.142857 0.392157 0.142857 0.388235 0.140816 0.388235 0.134694 0.384314 0.132653 0.384314 0.112245 0.376471 0.112245 0.372549 0.110204 0.372549 0.106122 0.376471 0.104082 0.384314 0.104082 0.384314 0.097959 0.376471 0.097959 0.376471 0.104082 0.372549 0.106122 0.364706 0.106122 0.360784 0.104082 0.360784 0.100000 0.352941 0.100000 0.352941 0.110204 0.349020 0.112245 0.341176 0.112245 0.337255 0.110204 0.337255 0.075510 0.329412 0.075510 0.329412 0.110204 0.325490 0.112245 0.317647 0.112245 0.317647 0.118367 0.321569 0.120408 0.321569 0.146939 0.317647 0.148980 0.317647 0.153061 0.321569 0.155102 0.321569 0.163265 0.341176 0.163265 0.345098 0.165306 0.345098 0.177551 0.341176 0.179592 0.337255 0.179592 0.337255 0.181633 0.333333 0.183673 0.329412 0.183673 0.329412 0.200000 0.337255 0.200000 0.337255 0.185714 0.341176 0.183673 0.345098 0.183673 0.345098 0.177551 0.349020 0.175510 0.356863 0.175510 0.360784 0.177551 0.360784 0.218367 0.364706 0.218367 0.368627 0.220408 0.384314 0.220408 0.388235 0.222449 0.388235 0.236735 0.384314 0.238776 0.368627 0.238776 0.368627 0.242857 0.380392 0.242857 0.384314 0.244898 0.384314 0.255102 0.380392 0.257143 0.376471 0.257143 0.376471 0.259184 0.372549 0.261224 0.364706 0.261224 0.360784 0.259184 0.360784 0.257143 0.345098 0.257143 0.341176 0.255102 0.341176 0.244898 0.345098 0.242857 0.352941 0.242857 0.352941 0.238776 0.329412 0.238776 0.329412 0.267347 0.341176 0.267347 0.345098 0.269388 0.345098 0.273469 0.341176 0.275510 0.337255 0.275510 0.337255 0.281633 0.345098 0.281633 0.349020 0.283673 0.360784 0.283673 0.364706 0.285714 0.364706 0.291837 0.360784 0.293878 0.349020 0.293878 0.345098 0.295918 0.333333 0.295918 0.325490 0.300000 0.325490 0.320408 0.321569 0.322449 0.321569 0.334694 0.317647 0.336735 0.309804 0.336735 0.305882 0.334694 0.301961 0.334694 0.298039 0.332653 0.298039 0.328571 0.301961 0.326531 0.305882 0.326531 0.305882 0.310204 0.298039 0.310204 0.294118 0.312245 0.270588 0.312245 0.270588 0.324490 0.262745 0.328571 0.250980 0.328571 0.247059 0.326531 0.247059 0.306122 0.250980 0.304082 0.254902 0.304082 0.254902 0.297959 0.247059 0.297959 0.247059 0.302041 0.243137 0.304082 0.239216 0.304082 0.239216 0.320408 0.235294 0.322449 0.227451 0.322449 0.223529 0.320408 0.223529 0.318367 0.215686 0.318367 0.215686 0.322449 0.223529 0.322449 0.227451 0.324490 0.227451 0.328571 0.223529 0.330612 0.215686 0.330612 0.211765 0.328571 0.211765 0.326531 0.200000 0.326531 0.200000 0.330612 0.203922 0.332653 0.203922 0.334694 0.207843 0.336735 0.207843 0.340816 0.211765 0.340816 0.215686 0.342857 0.215686 0.344898 0.219608 0.344898 0.223529 0.346939 0.227451 0.346939 0.231373 0.348980 0.231373 0.353061 0.227451 0.355102 0.215686 0.355102 0.215686 0.359184 0.227451 0.359184 0.231373 0.361224 0.231373 0.363265 0.235294 0.363265 0.239216 0.365306 0.239216 0.369388 0.247059 0.369388 0.247059 0.365306 0.250980 0.363265 0.258824 0.363265 0.262745 0.365306 0.262745 0.395918 0.270588 0.395918 0.270588 0.379592 0.274510 0.377551 0.282353 0.377551 0.286275 0.379592 0.286275 0.402041 0.282353 0.404082 0.274510 0.404082 0.274510 0.414286 0.282353 0.414286 0.286275 0.416327 0.286275 0.428571 0.282353 0.430612 0.274510 0.430612 0.270588 0.428571 0.270588 0.424490 0.254902 0.424490 0.250980 0.422449 0.250980 0.418367 0.247059 0.416327 0.247059 0.414286 0.239216 0.414286 0.235294 0.412245 0.235294 0.406122 0.239216 0.404082 0.247059 0.404082 0.247059 0.389796 0.239216 0.389796 0.239216 0.404082 0.235294 0.406122 0.227451 0.406122 0.227451 0.414286 0.235294 0.414286 0.239216 0.416327 0.239216 0.426531 0.247059 0.426531 0.250980 0.424490 0.258824 0.424490 0.262745 0.426531 0.262745 0.453061 0.258824 0.455102 0.250980 0.455102 0.247059 0.453061 0.247059 0.448980 0.239216 0.448980 0.239216 0.463265 0.247059 0.463265 0.247059 0.461224 0.250980 0.459184 0.278431 0.459184 0.282353 0.461224 0.282353 0.465306 0.278431 0.467347 0.274510 0.467347 0.274510 0.471429 0.282353 0.471429 0.286275 0.473469 0.286275 0.477551 0.282353 0.479592 0.282353 0.481633 0.278431 0.483673 0.262745 0.483673 0.262745 0.487755 0.258824 0.489796 0.254902 0.489796 0.250980 0.491837 0.243137 0.491837 0.239216 0.489796 0.227451 0.489796 0.227451 0.495918 0.223529 0.497959 0.215686 0.497959 0.215686 0.502041 0.247059 0.502041 0.250980 0.504082 0.258824 0.504082 0.262745 0.502041 0.270588 0.502041 0.274510 0.504082 0.274510 0.520408 0.278431 0.522449 0.294118 0.522449 0.298039 0.524490 0.298039 0.526531 0.305882 0.526531 0.305882 0.504082 0.301961 0.502041 0.301961 0.497959 0.286275 0.497959 0.282353 0.495918 0.282353 0.491837 0.286275 0.489796 0.294118 0.489796 0.294118 0.485714 0.298039 0.483673 0.298039 0.477551 0.294118 0.475510 0.294118 0.451020 0.298039 0.448980 0.301961 0.448980 0.301961 0.438776 0.305882 0.436735 0.305882 0.432653 0.298039 0.432653 0.294118 0.430612 0.294118 0.418367 0.301961 0.414286 0.301961 0.410204 0.298039 0.410204 0.294118 0.408163 0.294118 0.387755 0.298039 0.385714 0.301961 0.385714 0.301961 0.381633 0.298039 0.379592 0.298039 0.371429 0.294118 0.369388 0.294118 0.365306 0.305882 0.359184 0.317647 0.359184 0.321569 0.361224 0.321569 0.365306 0.325490 0.365306 0.329412 0.367347 0.329412 0.391837 0.325490 0.393878 0.317647 0.393878 0.317647 0.400000 0.325490 0.400000 0.329412 0.402041 0.329412 0.404082 0.380392 0.404082 0.384314 0.406122 0.384314 0.410204 0.380392 0.412245 0.364706 0.412245 0.360784 0.414286 0.337255 0.414286 0.333333 0.412245 0.321569 0.412245 0.321569 0.416327 0.325490 0.416327 0.329412 0.418367 0.329412 0.440816 0.325490 0.442857 0.321569 0.442857 0.321569 0.448980 0.325490 0.448980 0.329412 0.451020 0.329412 0.465306 0.325490 0.467347 0.321569 0.467347 0.321569 0.477551 0.317647 0.479592 0.317647 0.483673 0.321569 0.485714 0.321569 0.524490 0.329412 0.524490 0.329412 0.520408 0.333333 0.518367 0.341176 0.518367 0.345098 0.520408 0.345098 0.524490 0.352941 0.524490 0.352941 0.516327 0.356863 0.514286 0.384314 0.514286 0.388235 0.516327 0.388235 0.524490 0.400000 0.524490 0.400000 0.520408 0.403922 0.518367 0.407843 0.518367 0.407843 0.514286 0.396078 0.508163 0.396078 0.504082 0.388235 0.504082 0.384314 0.502041 0.384314 0.493878 0.376471 0.489796 0.372549 0.489796 0.368627 0.487755 0.368627 0.479592 0.364706 0.477551 0.364706 0.473469 0.368627 0.471429 0.380392 0.471429 0.384314 0.473469 0.384314 0.483673 0.400000 0.483673 0.400000 0.479592 0.403922 0.477551 0.407843 0.477551 0.407843 0.473469 0.411765 0.471429 0.427451 0.471429 0.431373 0.473469 0.431373 0.477551 0.435294 0.479592 0.435294 0.483673 0.431373 0.485714 0.431373 0.487755 0.427451 0.489796 0.427451 0.497959 0.431373 0.497959 0.435294 0.500000 0.435294 0.510204 0.439216 0.512245 0.439216 0.514286 0.443137 0.516327 0.443137 0.518367 0.450980 0.522449 0.450980 0.524490 0.454902 0.526531 0.454902 0.530612 0.450980 0.532653 0.435294 0.532653 0.435294 0.546939 0.439216 0.548980 0.439216 0.553061 0.435294 0.555102 0.435294 0.559184 0.439216 0.561224 0.439216 0.591837 0.435294 0.593878 0.435294 0.600000 0.431373 0.602041 0.423529 0.602041 0.419608 0.600000 0.419608 0.536735 0.400000 0.536735 0.396078 0.534694 0.388235 0.534694 0.384314 0.536735 0.368627 0.536735 0.364706 0.538776 0.356863 0.538776 0.352941 0.536735 0.321569 0.536735 0.317647 0.538776 0.309804 0.538776 0.305882 0.536735 0.305882 0.534694 0.298039 0.534694 0.298039 0.536735 0.294118 0.538776 0.266667 0.538776 0.262745 0.536735 0.262745 0.534694 0.258824 0.532653 0.250980 0.532653 0.250980 0.536735 0.247059 0.538776 0.227451 0.538776 0.227451 0.544898 0.223529 0.546939 0.215686 0.546939 0.215686 0.551020 0.227451 0.551020 0.231373 0.548980 0.258824 0.548980 0.262745 0.551020 0.266667 0.551020 0.270588 0.553061 0.270588 0.559184 0.266667 0.561224 0.254902 0.561224 0.250980 0.559184 0.239216 0.559184 0.239216 0.571429 0.235294 0.573469 0.215686 0.573469 0.215686 0.581633 0.227451 0.581633 0.227451 0.579592 0.231373 0.577551 0.247059 0.577551 0.250980 0.579592 0.250980 0.581633 0.258824 0.581633 0.262745 0.583673 0.262745 0.585714 0.270588 0.585714 0.274510 0.587755 0.274510 0.595918 0.270588 0.597959 0.262745 0.597959 0.262745 0.602041 0.258824 0.604082 0.239216 0.604082 0.239216 0.622449 0.235294 0.624490 0.215686 0.624490 0.215686 0.632653 0.211765 0.634694 0.211765 0.640816 0.215686 0.640816 0.219608 0.642857 0.235294 0.642857 0.239216 0.644898 0.247059 0.644898 0.250980 0.642857 0.278431 0.642857 0.282353 0.644898 0.384314 0.644898 0.388235 0.646939 0.388235 0.657143 0.384314 0.659184 0.364706 0.659184 0.360784 0.661224 0.352941 0.661224 0.349020 0.659184 0.349020 0.657143 0.341176 0.657143 0.337255 0.659184 0.298039 0.659184 0.294118 0.657143 0.294118 0.655102 0.239216 0.655102 0.239216 0.657143 0.231373 0.661224 0.227451 0.661224 0.227451 0.663265 0.223529 0.665306 0.215686 0.665306 0.215686 0.669388 0.211765 0.671429 0.211765 0.691837 0.207843 0.693878 0.207843 0.697959 0.211765 0.700000 0.211765 0.702041 0.215686 0.702041 0.219608 0.704082 0.219608 0.706122 0.223529 0.706122 0.227451 0.708163 0.227451 0.712245 0.223529 0.714286 0.207843 0.714286 0.207843 0.734694 0.203922 0.736735 0.196078 0.736735 0.188235 0.732653 0.188235 0.728571 0.192157 0.726531 0.192157 0.714286 0.188235 0.712245 0.188235 0.708163 0.184314 0.708163 0.180392 0.706122 0.180392 0.689796 0.184314 0.687755 0.184314 0.673469 0.180392 0.671429 0.180392 0.665306 0.184314 0.663265 0.184314 0.659184 0.180392 0.657143 0.180392 0.655102 0.172549 0.655102 0.172549 0.657143 0.168627 0.659184 0.160784 0.659184 0.156863 0.657143 0.156863 0.655102 0.149020 0.655102 0.149020 0.657143 0.141176 0.661224 0.141176 0.665306 0.145098 0.665306 0.149020 0.667347 0.149020 0.671429 0.164706 0.671429 0.168627 0.673469 0.168627 0.677551 0.164706 0.679592 0.149020 0.679592 0.145098 0.681633 0.137255 0.681633 0.133333 0.679592 0.125490 0.679592 0.125490 0.706122 0.133333 0.706122 0.137255 0.708163 0.137255 0.714286 0.145098 0.714286 0.149020 0.716327 0.149020 0.718367 0.152941 0.718367 0.156863 0.720408 0.156863 0.724490 0.152941 0.726531 0.129412 0.726531 0.129412 0.728571 0.125490 0.730612 0.109804 0.730612 0.109804 0.736735 0.105882 0.738776 0.101961 0.738776 0.098039 0.740816 0.090196 0.740816 0.090196 0.746939 0.094118 0.748980 0.094118 0.753061 0.101961 0.757143 0.101961 0.765306 0.113725 0.765306 0.117647 0.767347 0.133333 0.767347 0.137255 0.769388 0.137255 0.773469 0.133333 0.775510 0.133333 0.777551 0.129412 0.779592 0.117647 0.779592 0.113725 0.781633 0.094118 0.781633 0.094118 0.783673 0.090196 0.785714 0.090196 0.787755 0.086275 0.789796 0.074510 0.789796 0.070588 0.791837 0.066667 0.791837 0.066667 0.797959 0.062745 0.800000 0.062745 0.804082 0.066667 0.804082 0.070588 0.806122 0.070588 0.812245 0.086275 0.812245 0.090196 0.814286 0.090196 0.816327 0.094118 0.818367 0.094118 0.832653 0.098039 0.832653 0.101961 0.834694 0.101961 0.851020 0.098039 0.853061 0.090196 0.853061 0.090196 0.867347 0.113725 0.867347 0.117647 0.865306 0.141176 0.865306 0.145098 0.867347 0.145098 0.869388 0.149020 0.871429 0.149020 0.875510 0.160784 0.875510 0.164706 0.877551 0.164706 0.885714 0.172549 0.885714 0.172549 0.877551 0.176471 0.875510 0.180392 0.875510 0.180392 0.846939 0.184314 0.844898 0.196078 0.844898 0.200000 0.846939 0.200000 0.848980 0.203922 0.851020 0.203922 0.857143 0.207843 0.859184 0.207843 0.865306 0.211765 0.867347 0.211765 0.871429 0.215686 0.873469 0.215686 0.879592 0.219608 0.881633 0.219608 0.883673 0.227451 0.883673 0.227451 0.879592 0.231373 0.877551 0.254902 0.877551 0.258824 0.879592 0.282353 0.879592 0.282353 0.877551 0.286275 0.875510 0.298039 0.875510 0.298039 0.871429 0.301961 0.869388 0.309804 0.869388 0.313725 0.867347 0.337255 0.867347 0.345098 0.871429 0.345098 0.879592 0.349020 0.881633 0.349020 0.889796 0.345098 0.891837 0.345098 0.893878 0.333333 0.900000 0.329412 0.900000 0.329412 0.904082 0.333333 0.906122 0.333333 0.910204 0.329412 0.912245 0.329412 0.916327 0.325490 0.918367 0.325490 0.924490 0.321569 0.926531 0.321569 0.928571 0.317647 0.930612 0.317647 0.934694 0.313725 0.936735 0.313725 0.948980 0.317647 0.948980 0.321569 0.951020 0.321569 0.953061 0.325490 0.955102 0.325490 0.959184 0.321569 0.961224 0.321569 0.973469 0.325490 0.973469 0.329412 0.975510 0.329412 0.977551 0.345098 0.977551 0.349020 0.979592 0.349020 0.983673 0.352941 0.983673 0.356863 0.985714 0.356863 0.993878 0.368627 0.993878 0.368627 0.979592 0.376471 0.975510 0.376471 0.967347 0.380392 0.965306 0.384314 0.965306 0.388235 0.963265 0.392157 0.963265 0.392157 0.959184 0.388235 0.957143 0.388235 0.955102 0.384314 0.955102 0.380392 0.953061 0.380392 0.948980 0.384314 0.946939 0.384314 0.944898 0.388235 0.942857 0.400000 0.942857 0.403922 0.944898 0.411765 0.944898 0.411765 0.930612 0.423529 0.924490 0.423529 0.910204 0.427451 0.908163 0.447059 0.908163 0.450980 0.910204 0.470588 0.910204 0.474510 0.912245 0.474510 0.934694 0.482353 0.934694 0.482353 0.918367 0.486275 0.916327 0.494118 0.916327 0.498039 0.918367 0.498039 0.926531 0.505882 0.926531 0.505882 0.908163 0.513725 0.904082 0.525490 0.904082 0.525490 0.895918 0.517647 0.895918 0.513725 0.897959 0.498039 0.897959 0.498039 0.900000 0.494118 0.902041 0.486275 0.902041 0.482353 0.900000 0.482353 0.895918 0.454902 0.895918 0.447059 0.891837 0.447059 0.887755 0.450980 0.885714 0.494118 0.885714 0.498039 0.883673 0.525490 0.883673 0.525490 0.881633 0.529412 0.879592 0.537255 0.879592 0.537255 0.877551 0.541176 0.875510 0.549020 0.875510 0.552941 0.877551 0.552941 0.895918 0.549020 0.897959 0.549020 0.902041 0.545098 0.904082 0.541176 0.904082 0.537255 0.906122 0.537255 0.920408 0.533333 0.922449 0.533333 0.930612 0.529412 0.932653 0.529412 0.940816 0.533333 0.942857 0.533333 0.951020 0.537255 0.953061 0.537255 0.955102 0.545098 0.959184 0.545098 0.961224 0.549020 0.961224 0.552941 0.963265 0.552941 0.973469 0.556863 0.975510 0.556863 0.977551 0.564706 0.977551 0.564706 0.973469 0.560784 0.971429 0.560784 0.965306 0.564706 0.963265 0.568627 0.963265 0.568627 0.959184 0.564706 0.957143 0.564706 0.951020 0.560784 0.948980 0.560784 0.942857 0.564706 0.940816 0.584314 0.940816 0.588235 0.942857 0.596078 0.942857 0.596078 0.895918 0.592157 0.895918 0.584314 0.891837 0.584314 0.885714 0.592157 0.881633 0.603922 0.881633 0.607843 0.883673 0.611765 0.883673 0.615686 0.885714 0.615686 0.887755 0.619608 0.889796 0.619608 0.908163 0.615686 0.910204 0.611765 0.910204 0.611765 0.916327 0.619608 0.916327 0.619608 0.912245 0.623529 0.910204 0.639216 0.910204 0.643137 0.912245 0.643137 0.918367 0.654902 0.918367 0.658824 0.920408 0.658824 0.928571 0.662745 0.930612 0.662745 0.932653 0.666667 0.934694 0.670588 0.934694 0.674510 0.936735 0.674510 0.942857 0.686275 0.942857 0.690196 0.944898 0.690196 0.959184 0.701961 0.959184 0.705882 0.961224 0.705882 0.973469 0.709804 0.973469 0.713725 0.975510 0.721569 0.975510 0.725490 0.977551 0.733333 0.977551 0.737255 0.979592 0.737255 0.987755 0.749020 0.987755 0.749020 0.977551 0.752941 0.975510 0.760784 0.975510 0.760784 0.965306 0.756863 0.965306 0.749020 0.961224 0.749020 0.944898 0.745098 0.944898 0.741176 0.942857 0.741176 0.936735 0.737255 0.934694 0.737255 0.928571 0.725490 0.928571 0.721569 0.926531 0.721569 0.924490 0.717647 0.924490 0.713725 0.922449 0.713725 0.916327 0.717647 0.914286 0.725490 0.914286 0.733333 0.918367 0.737255 0.918367 0.745098 0.922449 0.745098 0.926531 0.749020 0.926531 0.752941 0.928571 0.752941 0.930612 0.756863 0.930612 0.760784 0.932653 0.760784 0.934694 0.768627 0.934694 0.768627 0.932653 0.772549 0.930612 0.772549 0.918367 0.768627 0.918367 0.764706 0.916327 0.764706 0.914286 0.756863 0.910204 0.756863 0.908163 0.752941 0.906122 0.752941 0.902041 0.745098 0.902041 0.741176 0.900000 0.737255 0.900000 0.733333 0.897959 0.733333 0.895918 0.729412 0.895918 0.725490 0.893878 0.725490 0.891837 0.713725 0.891837 0.709804 0.893878 0.701961 0.893878 0.698039 0.891837 0.698039 0.887755 0.701961 0.885714 0.705882 0.885714 0.713725 0.881633 0.713725 0.863265 0.705882 0.863265 0.705882 0.873469 0.701961 0.875510 0.694118 0.875510 0.690196 0.873469 0.690196 0.846939 0.694118 0.844898 0.713725 0.844898 0.713725 0.836735 0.705882 0.836735 0.701961 0.834694 0.701961 0.824490 0.705882 0.822449 0.709804 0.822449 0.709804 0.820408 0.713725 0.818367 0.721569 0.818367 0.725490 0.820408 0.725490 0.824490 0.733333 0.824490 0.733333 0.822449 0.737255 0.820408 0.741176 0.820408 0.745098 0.818367 0.756863 0.818367 0.756863 0.810204 0.760784 0.808163 0.792157 0.808163 0.796078 0.810204 0.796078 0.824490 0.800000 0.824490 0.803922 0.826531 0.803922 0.830612 0.811765 0.830612 0.811765 0.826531 0.807843 0.826531 0.803922 0.824490 0.803922 0.820408 0.807843 0.818367 0.807843 0.812245 0.811765 0.810204 0.827451 0.810204 0.831373 0.808163 0.854902 0.808163 0.858824 0.806122 0.874510 0.806122 0.874510 0.797959 0.882353 0.793878 0.886275 0.793878 0.886275 0.777551 0.890196 0.775510 0.898039 0.775510 0.901961 0.777551 0.901961 0.783673 0.905882 0.783673 0.909804 0.785714 0.909804 0.793878 0.917647 0.793878 0.921569 0.791837 0.929412 0.791837 0.933333 0.793878 0.933333 0.800000 0.945098 0.800000 0.949020 0.797959 0.964706 0.797959 0.964706 0.795918 0.968627 0.793878 0.976471 0.793878 0.980392 0.795918 0.980392 0.806122 0.988235 0.806122 0.988235 0.789796 0.992157 0.787755 0.996078 0.787755 0.996078 0.706122 0.992157 0.706122 0.988235 0.704082 0.988235 0.655102 0.976471 0.655102 0.972549 0.653061 0.972549 0.644898 0.964706 0.644898 0.964706 0.655102 0.960784 0.657143 0.960784 0.659184 0.956863 0.661224 0.956863 0.679592 0.952941 0.681633 0.921569 0.681633 0.917647 0.679592 0.917647 0.655102 0.909804 0.655102 0.905882 0.657143 0.898039 0.657143 0.898039 0.663265 0.901961 0.665306 0.901961 0.675510 0.905882 0.675510 0.909804 0.677551 0.909804 0.681633 0.913725 0.683673 0.913725 0.702041 0.909804 0.704082 0.901961 0.704082 0.901961 0.712245 0.898039 0.714286 0.886275 0.714286 0.882353 0.712245 0.882353 0.700000 0.886275 0.697959 0.886275 0.689796 0.882353 0.687755 0.882353 0.683673 0.874510 0.683673 0.870588 0.681633 0.870588 0.655102 0.839216 0.655102 0.835294 0.653061 0.835294 0.644898 0.839216 0.642857 0.850980 0.642857 0.850980 0.606122 0.847059 0.604082 0.847059 0.591837 0.850980 0.589796 0.858824 0.589796 0.862745 0.591837 0.862745 0.602041 0.870588 0.602041 0.870588 0.591837 0.874510 0.589796 0.878431 0.589796 0.878431 0.585714 0.850980 0.585714 0.847059 0.583673 0.847059 0.579592 0.850980 0.577551 0.870588 0.577551 0.870588 0.569388 0.878431 0.565306 0.882353 0.565306 0.882353 0.548980 0.874510 0.548980 0.870588 0.546939 0.870588 0.536735 0.850980 0.536735 0.847059 0.534694 0.847059 0.532653 0.839216 0.532653 0.835294 0.530612 0.835294 0.526531 0.843137 0.522449 0.847059 0.522449 0.847059 0.520408 0.850980 0.518367 0.858824 0.518367 0.862745 0.520408 0.862745 0.522449 0.870588 0.522449 0.870588 0.510204 0.874510 0.508163 0.882353 0.508163 0.882353 0.504082 0.874510 0.504082 0.870588 0.502041 0.870588 0.497959 0.874510 0.495918 0.882353 0.495918 0.882353 0.489796 0.874510 0.489796 0.870588 0.487755 0.870588 0.483673 0.874510 0.481633 0.882353 0.481633 0.882353 0.477551 0.874510 0.477551 0.870588 0.475510 0.870588 0.471429 0.874510 0.469388 0.882353 0.469388 0.882353 0.461224 0.886275 0.459184 0.894118 0.459184 0.898039 0.461224 0.898039 0.471429 0.901961 0.471429 0.905882 0.473469 0.905882 0.487755 0.901961 0.489796 0.901961 0.497959 0.898039 0.500000 0.898039 0.504082 0.901961 0.504082 0.905882 0.506122 0.905882 0.512245 0.901961 0.514286 0.901961 0.518367 0.905882 0.520408 0.917647 0.520408 0.921569 0.522449 0.921569 0.528571 0.917647 0.530612 0.901961 0.530612 0.901961 0.536735 0.898039 0.538776 0.898039 0.553061 0.901961 0.555102 0.901961 0.559184 0.898039 0.561224 0.898039 0.567347 0.901961 0.567347 0.905882 0.569388 0.905882 0.573469 0.901961 0.575510 0.898039 0.575510 0.898039 0.579592 0.901961 0.581633 0.901961 0.589796 0.905882 0.589796 0.909804 0.591837 0.925490 0.591837 0.925490 0.581633 0.929412 0.579592 0.945098 0.579592 0.949020 0.581633 0.949020 0.589796 0.952941 0.591837 0.952941 0.600000 0.960784 0.600000 0.960784 0.591837 0.964706 0.589796 0.972549 0.589796 0.972549 0.585714 0.968627 0.585714 0.964706 0.583673 0.964706 0.579592 0.968627 0.577551 0.976471 0.577551 0.980392 0.579592 0.980392 0.583673 0.988235 0.583673 0.988235 0.544898 0.992157 0.542857 0.996078 0.542857 0.996078 0.514286 0.992157 0.514286 0.988235 0.512245 0.988235 0.508163 0.992157 0.506122 0.996078 0.506122 0.996078 0.440816 0.992157 0.440816 0.988235 0.438776 0.988235 0.434694 0.992157 0.432653 0.996078 0.432653 0.996078 0.428571 0.992157 0.428571 0.988235 0.426531 0.988235 0.422449 0.992157 0.420408 0.996078 0.420408 0.996078 0.369388 0.992157 0.369388 0.988235 0.367347 0.988235 0.363265 0.992157 0.361224 0.996078 0.361224 0.996078 0.295918 0.992157 0.295918 0.988235 0.293878 0.980392 0.293878 0.976471 0.291837 0.976471 0.283673 0.980392 0.281633 0.984314 0.281633 0.984314 0.279592 0.988235 0.277551 0.996078 0.277551 0.996078 0.091837 0.988235 0.091837 0.984314 0.089796 0.984314 0.063265 0.988235 0.061224 0.996078 0.061224 0.996078 0.055102 0.976471 0.055102 0.976471 0.067347 0.972549 0.069388 0.964706 0.069388 0.960784 0.067347 0.960784 0.057143 0.949020 0.057143 0.945098 0.055102 0.941176 0.055102 0.937255 0.053061 0.929412 0.053061 0.929412 0.063265 0.945098 0.063265 0.949020 0.065306 0.949020 0.075510 0.945098 0.077551 0.929412 0.077551 0.929412 0.089796 0.925490 0.091837 0.905882 0.091837 0.905882 0.102041 0.917647 0.102041 0.921569 0.104082 0.921569 0.110204 0.929412 0.110204 0.929412 0.104082 0.933333 0.102041 0.937255 0.102041 0.937255 0.100000 0.941176 0.097959 0.949020 0.097959 0.952941 0.100000 0.952941 0.102041 0.956863 0.102041 0.960784 0.104082 0.960784 0.108163 0.956863 0.110204 0.952941 0.110204 0.952941 0.118367 0.960784 0.118367 0.964706 0.120408 0.964706 0.132653 0.960784 0.134694 0.949020 0.134694 0.945098 0.132653 0.945098 0.128571 0.941176 0.128571 0.937255 0.126531 0.937255 0.122449 0.929412 0.122449 0.929412 0.126531 0.925490 0.128571 0.917647 0.128571 0.913725 0.126531 0.913725 0.120408 0.905882 0.120408 0.905882 0.134694 0.921569 0.134694 0.925490 0.136735 0.925490 0.146939 0.929412 0.148980 0.929412 0.161224 0.937255 0.161224 0.937255 0.159184 0.941176 0.157143 0.941176 0.148980 0.945098 0.146939 0.945098 0.140816 0.949020 0.138776 0.960784 0.138776 0.964706 0.140816 0.964706 0.163265 0.968627 0.165306 0.968627 0.177551 0.964706 0.179592 0.952941 0.179592 0.952941 0.185714 0.949020 0.187755 0.941176 0.187755 0.937255 0.185714 0.905882 0.185714 0.905882 0.193878 0.917647 0.193878 0.917647 0.191837 0.921569 0.189796 0.933333 0.189796 0.937255 0.191837 0.949020 0.191837 0.952941 0.193878 0.952941 0.214286 0.964706 0.214286 0.968627 0.216327 0.968627 0.218367 0.976471 0.222449 0.980392 0.222449 0.984314 0.224490 0.984314 0.228571 0.980392 0.230612 0.976471 0.230612 0.976471 0.232653 0.972549 0.234694 0.964706 0.234694 0.960784 0.232653 0.956863 0.232653 0.952941 0.230612 0.952941 0.224490 0.921569 0.224490 0.917647 0.222449 0.917647 0.216327 0.921569 0.214286 0.937255 0.214286 0.937255 0.208163 0.921569 0.208163 0.917647 0.206122 0.905882 0.206122 0.905882 0.216327 0.909804 0.218367 0.909804 0.220408 0.913725 0.220408 0.917647 0.222449 0.917647 0.228571 0.925490 0.228571 0.929412 0.230612 0.929412 0.236735 0.925490 0.238776 0.905882 0.238776 0.905882 0.248980 0.901961 0.251020 0.901961 0.265306 0.905882 0.267347 0.905882 0.279592 0.909804 0.281633 0.913725 0.281633 0.917647 0.283673 0.917647 0.289796 0.913725 0.291837 0.905882 0.291837 0.905882 0.306122 0.901961 0.308163 0.901961 0.314286 0.905882 0.316327 0.905882 0.318367 0.925490 0.318367 0.929412 0.320408 0.929412 0.324490 0.925490 0.326531 0.905882 0.326531 0.905882 0.330612 0.901961 0.332653 0.901961 0.348980 0.905882 0.351020 0.905882 0.387755 0.909804 0.389796 0.909804 0.397959 0.905882 0.400000 0.898039 0.400000 0.898039 0.422449 0.901961 0.424490 0.901961 0.430612 0.898039 0.432653 0.898039 0.444898 0.901961 0.446939 0.901961 0.451020 0.898039 0.453061 0.886275 0.453061 0.882353 0.451020 0.882353 0.440816 0.874510 0.440816 0.870588 0.438776 0.870588 0.422449 0.874510 0.420408 0.882353 0.420408 0.882353 0.412245 0.878431 0.410204 0.862745 0.410204 0.858824 0.408163 0.858824 0.397959 0.862745 0.395918 0.862745 0.393878 0.866667 0.391837 0.870588 0.391837 0.870588 0.363265 0.874510 0.361224 0.874510 0.357143 0.870588 0.355102 0.870588 0.351020 0.874510 0.348980 0.878431 0.348980 0.878431 0.342857 0.874510 0.342857 0.870588 0.340816 0.870588 0.328571 0.874510 0.326531 0.874510 0.320408 0.862745 0.320408 0.858824 0.322449 0.858824 0.326531 0.862745 0.328571 0.862745 0.340816 0.866667 0.340816 0.870588 0.342857 0.870588 0.346939 0.866667 0.348980 0.858824 0.348980 0.858824 0.353061 0.862745 0.355102 0.862745 0.365306 0.858824 0.367347 0.858824 0.371429 0.862745 0.373469 0.862745 0.383673 0.858824 0.385714 0.839216 0.385714 0.835294 0.383673 0.835294 0.379592 0.827451 0.379592 0.823529 0.377551 0.823529 0.353061 0.827451 0.351020 0.835294 0.351020 0.835294 0.344898 0.827451 0.344898 0.823529 0.342857 0.823529 0.336735 0.819608 0.336735 0.815686 0.334694 0.803922 0.334694 0.800000 0.332653 0.800000 0.302041 0.792157 0.302041 0.792157 0.306122 0.788235 0.308163 0.784314 0.308163 0.784314 0.312245 0.788235 0.314286 0.788235 0.318367 0.784314 0.320408 0.784314 0.324490 0.788235 0.324490 0.792157 0.326531 0.792157 0.330612 0.796078 0.330612 0.800000 0.332653 0.800000 0.351020 0.796078 0.353061 0.792157 0.353061 0.792157 0.355102 0.788235 0.357143 0.784314 0.357143 0.784314 0.361224 0.788235 0.361224 0.792157 0.363265 0.792157 0.389796 0.784314 0.393878 0.780392 0.393878 0.780392 0.395918 0.776471 0.397959 0.756863 0.397959 0.752941 0.395918 0.752941 0.373469 0.756863 0.371429 0.756863 0.351020 0.745098 0.351020 0.745098 0.369388 0.741176 0.371429 0.729412 0.371429 0.725490 0.373469 0.713725 0.373469 0.709804 0.371429 0.709804 0.369388 0.690196 0.369388 0.686275 0.367347 0.686275 0.355102 0.678431 0.355102 0.678431 0.369388 0.694118 0.369388 0.698039 0.371429 0.698039 0.377551 0.694118 0.379592 0.678431 0.379592 0.678431 0.400000 0.686275 0.400000 0.690196 0.402041 0.690196 0.406122 0.682353 0.410204 0.666667 0.410204 0.666667 0.416327 0.674510 0.416327 0.678431 0.418367 0.678431 0.453061 0.674510 0.455102 0.666667 0.455102 0.666667 0.459184 0.674510 0.459184 0.678431 0.461224 0.678431 0.465306 0.686275 0.465306 0.690196 0.467347 0.690196 0.473469 0.686275 0.475510 0.666667 0.475510 0.666667 0.497959 0.670588 0.500000 0.682353 0.500000 0.690196 0.504082 0.690196 0.522449 0.709804 0.522449 0.713725 0.524490 0.741176 0.524490 0.745098 0.522449 0.752941 0.522449 0.756863 0.524490 0.768627 0.524490 0.772549 0.522449 0.780392 0.522449 0.784314 0.524490 0.792157 0.524490 0.796078 0.522449 0.803922 0.522449 0.807843 0.520408 0.819608 0.520408 0.823529 0.522449 0.823529 0.528571 0.819608 0.530612 0.807843 0.530612 0.803922 0.532653 0.784314 0.532653 0.780392 0.534694 0.772549 0.534694 0.768627 0.532653 0.756863 0.532653 0.752941 0.534694 0.745098 0.534694 0.741176 0.532653 0.733333 0.532653 0.729412 0.534694 0.690196 0.534694 0.686275 0.536735 0.670588 0.536735 0.670588 0.546939 0.666667 0.548980 0.666667 0.567347 0.670588 0.569388 0.670588 0.591837 0.666667 0.593878 0.666667 0.604082 0.670588 0.606122 0.670588 0.616327 0.674510 0.616327 0.678431 0.618367 0.678431 0.630612 0.674510 0.632653 0.666667 0.632653 0.666667 0.638776 0.682353 0.638776 0.686275 0.640816 0.686275 0.642857 0.690196 0.644898 0.698039 0.644898 0.701961 0.642857 0.709804 0.642857 0.713725 0.644898 0.725490 0.644898 0.733333 0.640816 0.752941 0.640816 0.760784 0.644898 0.776471 0.644898 0.780392 0.646939 0.780392 0.663265 0.776471 0.665306 0.768627 0.665306 0.764706 0.663265 0.764706 0.661224 0.760784 0.659184 0.760784 0.655102 0.752941 0.655102 0.749020 0.657143 0.741176 0.657143 0.737255 0.655102 0.701961 0.655102 0.698039 0.653061 0.690196 0.653061 0.686275 0.655102 0.666667 0.655102 0.666667 0.671429 0.662745 0.673469 0.654902 0.673469 0.650980 0.671429 0.650980 0.655102 0.635294 0.655102 0.631373 0.653061 0.631373 0.642857 0.635294 0.640816 0.647059 0.640816 0.650980 0.638776 0.650980 0.634694 0.647059 0.634694 0.643137 0.632653 0.643137 0.618367 0.647059 0.616327 0.647059 0.606122 0.650980 0.604082 0.650980 0.542857 0.647059 0.540816 0.647059 0.538776 0.635294 0.538776 0.631373 0.536735 0.631373 0.534694 0.627451 0.532653 0.611765 0.532653 0.607843 0.530612 0.607843 0.526531 0.611765 0.524490 0.627451 0.524490 0.631373 0.522449 0.631373 0.502041 0.635294 0.500000 0.647059 0.500000 0.647059 0.495918 0.643137 0.493878 0.643137 0.481633 0.639216 0.479592 0.639216 0.471429 0.643137 0.469388 0.647059 0.469388 0.647059 0.459184 0.650980 0.457143 0.650980 0.453061 0.643137 0.453061 0.639216 0.451020 0.639216 0.444898 0.631373 0.444898 0.631373 0.453061 0.627451 0.455102 0.619608 0.455102 0.615686 0.453061 0.615686 0.438776 0.619608 0.436735 0.619608 0.434694 0.623529 0.432653 0.635294 0.432653 0.635294 0.430612 0.639216 0.428571 0.639216 0.420408 0.643137 0.418367 0.647059 0.418367 0.647059 0.412245 0.635294 0.412245 0.631373 0.410204 0.631373 0.406122 0.635294 0.404082 0.639216 0.404082 0.639216 0.389796 0.635294 0.387755 0.635294 0.379592 0.619608 0.379592 0.615686 0.377551 0.615686 0.373469 0.607843 0.373469 0.607843 0.379592 0.603922 0.381633 0.596078 0.381633 0.592157 0.379592 0.592157 0.369388 0.584314 0.369388 0.584314 0.389796 0.580392 0.391837 0.572549 0.391837 0.568627 0.389796 0.568627 0.353061 0.572549 0.351020 0.580392 0.351020 0.584314 0.353061 0.584314 0.359184 0.592157 0.359184 0.592157 0.355102 0.588235 0.355102 0.584314 0.353061 0.584314 0.346939 0.588235 0.344898 0.592157 0.344898 0.592157 0.302041 0.584314 0.302041 0.584314 0.318367 0.580392 0.320408 0.572549 0.320408 0.568627 0.318367 0.568627 0.291837 0.560784 0.291837 0.560784 0.393878 0.556863 0.395918 0.556863 0.397959 0.552941 0.400000 0.552941 0.402041 0.549020 0.404082 0.549020 0.412245 0.545098 0.414286 0.537255 0.414286 0.533333 0.412245 0.533333 0.404082 0.509804 0.404082 0.505882 0.402041 0.505882 0.395918 0.509804 0.393878 0.525490 0.393878 0.525490 0.377551 0.517647 0.377551 0.513725 0.379592 0.505882 0.379592 0.501961 0.377551 0.501961 0.371429 0.505882 0.369388 0.525490 0.369388 0.525490 0.363265 0.505882 0.363265 0.501961 0.361224 0.501961 0.353061 0.494118 0.353061 0.490196 0.351020 0.490196 0.346939 0.494118 0.344898 0.525490 0.344898 0.525490 0.340816 0.529412 0.338776 0.529412 0.334694 0.525490 0.332653 0.525490 0.328571 0.505882 0.328571 0.501961 0.326531 0.501961 0.318367 0.505882 0.316327 0.525490 0.316327 0.525490 0.304082 0.494118 0.304082 0.490196 0.302041 0.490196 0.297959 0.486275 0.295918 0.486275 0.287755 0.494118 0.283673 0.501961 0.283673 0.501961 0.281633 0.505882 0.279592 0.513725 0.279592 0.513725 0.273469 0.505882 0.273469 0.501961 0.271429 0.501961 0.267347 0.498039 0.265306 0.498039 0.259184 0.501961 0.257143 0.517647 0.257143 0.521569 0.255102 0.525490 0.255102 0.525490 0.244898 0.529412 0.242857 0.529412 0.238776 0.533333 0.236735 0.545098 0.236735 0.549020 0.238776 0.549020 0.255102 0.556863 0.255102 0.560784 0.257143 0.560784 0.275510 0.568627 0.275510 0.568627 0.269388 0.572549 0.267347 0.584314 0.267347 0.584314 0.263265 0.588235 0.261224 0.592157 0.261224 0.592157 0.257143 0.596078 0.255102 0.603922 0.255102 0.607843 0.257143 0.607843 0.267347 0.615686 0.267347 0.615686 0.257143 0.619608 0.255102 0.639216 0.255102 0.639216 0.244898 0.631373 0.244898 0.631373 0.246939 0.627451 0.248980 0.627451 0.253061 0.623529 0.255102 0.603922 0.255102 0.600000 0.253061 0.600000 0.248980 0.596078 0.248980 0.592157 0.246939 0.592157 0.244898 0.588235 0.244898 0.584314 0.242857 0.584314 0.236735 0.572549 0.236735 0.568627 0.234694 0.568627 0.232653 0.509804 0.232653 0.505882 0.230612 0.501961 0.230612 0.498039 0.228571 0.498039 0.218367 0.494118 0.218367 0.490196 0.216327 0.490196 0.214286 0.482353 0.214286 0.478431 0.212245 0.478431 0.208163 0.482353 0.206122 0.490196 0.206122 0.490196 0.204082 0.494118 0.202041 0.501961 0.202041 0.505882 0.200000 0.521569 0.200000 0.521569 0.185714 0.525490 0.183673 0.529412 0.183673 0.529412 0.169388 0.521569 0.169388 0.517647 0.171429 0.501961 0.171429 0.501961 0.175510 0.498039 0.177551 0.470588 0.177551 0.466667 0.175510 0.466667 0.173469 0.462745 0.171429 0.458824 0.171429 0.454902 0.169388 0.454902 0.165306 0.458824 0.163265 0.466667 0.163265 0.466667 0.148980 0.470588 0.146939 0.486275 0.146939 0.490196 0.148980 0.490196 0.155102 0.498039 0.155102 0.498039 0.148980 0.501961 0.146939 0.509804 0.146939 0.513725 0.148980 0.513725 0.151020 0.521569 0.151020 0.521569 0.146939 0.525490 0.144898 0.529412 0.144898 0.529412 0.140816 0.525490 0.140816 0.521569 0.138776 0.521569 0.124490 0.517647 0.124490 0.513725 0.122449 0.513725 0.118367 0.517647 0.116327 0.521569 0.116327 0.521569 0.112245 0.513725 0.112245 0.509804 0.110204 0.509804 0.106122 0.513725 0.104082 0.521569 0.104082 0.521569 0.100000 0.525490 0.097959 0.529412 0.097959 0.529412 0.093878 0.525490 0.093878 0.521569 0.091837 0.521569 0.075510 0.509804 0.075510 0.505882 0.073469 0.505882 0.069388 0.501961 0.069388 0.498039 0.067347 0.498039 0.063265 0.501961 0.061224 0.513725 0.061224 0.513725 0.059184 0.517647 0.057143 0.521569 0.057143 0.521569 0.053061
0 0.203922 0.053061 0.203922 0.069388 0.211765 0.069388 0.211765 0.065306 0.215686 0.063265 0.231373 0.063265 0.235294 0.065306 0.235294 0.069388 0.247059 0.069388 0.250980 0.071429 0.250980 0.075510 0.254902 0.075510 0.258824 0.077551 0.258824 0.081633 0.266667 0.081633 0.266667 0.075510 0.262745 0.075510 0.258824 0.073469 0.258824 0.071429 0.250980 0.071429 0.247059 0.069388 0.247059 0.065306 0.250980 0.063265 0.254902 0.063265 0.254902 0.059184 0.215686 0.059184 0.211765 0.057143 0.211765 0.053061
0 0.949020 0.000000 0.949020 0.002041 0.952941 0.004082 0.952941 0.024490 0.964706 0.024490 0.968627 0.022449 0.984314 0.022449 0.984314 0.018367 0.976471 0.018367 0.972549 0.020408 0.964706 0.020408 0.960784 0.018367 0.960784 0.012245 0.964706 0.010204 0.984314 0.010204 0.984314 0.000000
0 0.560784 0.000000 0.560784 0.016327 0.552941 0.020408 0.552941 0.026531 0.560784 0.030612 0.560784 0.042857 0.592157 0.042857 0.592157 0.032653 0.572549 0.032653 0.568627 0.030612 0.568627 0.024490 0.564706 0.022449 0.564706 0.016327 0.568627 0.014286 0.568627 0.000000
0 0.270588 0.000000 0.270588 0.002041 0.266667 0.004082 0.262745 0.004082 0.258824 0.006122 0.254902 0.006122 0.250980 0.008163 0.235294 0.008163 0.235294 0.010204 0.231373 0.012245 0.227451 0.012245 0.215686 0.018367 0.207843 0.018367 0.188235 0.028571 0.184314 0.028571 0.180392 0.030612 0.180392 0.032653 0.176471 0.034694 0.172549 0.034694 0.168627 0.036735 0.160784 0.036735 0.160784 0.040816 0.152941 0.044898 0.149020 0.044898 0.145098 0.046939 0.137255 0.046939 0.137255 0.048980 0.125490 0.055102 0.121569 0.055102 0.121569 0.057143 0.117647 0.059184 0.113725 0.059184 0.105882 0.063265 0.105882 0.067347 0.098039 0.071429 0.098039 0.073469 0.094118 0.075510 0.094118 0.077551 0.090196 0.079592 0.090196 0.081633 0.086275 0.083673 0.086275 0.085714 0.082353 0.087755 0.082353 0.089796 0.078431 0.091837 0.078431 0.095918 0.074510 0.097959 0.074510 0.118367 0.078431 0.120408 0.078431 0.128571 0.082353 0.130612 0.082353 0.132653 0.086275 0.134694 0.086275 0.140816 0.090196 0.142857 0.090196 0.144898 0.094118 0.146939 0.094118 0.155102 0.098039 0.157143 0.098039 0.175510 0.094118 0.177551 0.094118 0.181633 0.098039 0.181633 0.101961 0.183673 0.101961 0.187755 0.105882 0.189796 0.105882 0.191837 0.113725 0.195918 0.113725 0.202041 0.121569 0.202041 0.125490 0.204082 0.125490 0.218367 0.129412 0.218367 0.137255 0.222449 0.137255 0.242857 0.129412 0.246939 0.113725 0.246939 0.113725 0.253061 0.129412 0.253061 0.133333 0.255102 0.133333 0.273469 0.129412 0.275510 0.129412 0.277551 0.125490 0.279592 0.125490 0.281633 0.121569 0.283673 0.121569 0.300000 0.113725 0.304082 0.113725 0.308163 0.109804 0.310204 0.109804 0.328571 0.113725 0.330612 0.113725 0.344898 0.121569 0.344898 0.121569 0.340816 0.125490 0.338776 0.141176 0.338776 0.145098 0.340816 0.145098 0.344898 0.176471 0.344898 0.176471 0.342857 0.180392 0.340816 0.184314 0.340816 0.184314 0.322449 0.180392 0.322449 0.176471 0.320408 0.176471 0.316327 0.172549 0.316327 0.168627 0.314286 0.168627 0.312245 0.160784 0.312245 0.156863 0.310204 0.156863 0.300000 0.152941 0.297959 0.152941 0.293878 0.149020 0.293878 0.145098 0.291837 0.145098 0.285714 0.149020 0.283673 0.160784 0.283673 0.160784 0.269388 0.164706 0.267347 0.164706 0.253061 0.160784 0.251020 0.160784 0.232653 0.164706 0.230612 0.164706 0.226531 0.160784 0.224490 0.160784 0.214286 0.164706 0.212245 0.176471 0.212245 0.176471 0.208163 0.160784 0.208163 0.156863 0.206122 0.156863 0.204082 0.149020 0.200000 0.133333 0.200000 0.125490 0.195918 0.125490 0.189796 0.121569 0.189796 0.117647 0.187755 0.117647 0.173469 0.113725 0.173469 0.109804 0.171429 0.109804 0.167347 0.113725 0.165306 0.113725 0.155102 0.109804 0.153061 0.109804 0.142857 0.105882 0.140816 0.105882 0.136735 0.101961 0.134694 0.101961 0.126531 0.105882 0.124490 0.117647 0.124490 0.121569 0.126531 0.121569 0.128571 0.129412 0.128571 0.133333 0.126531 0.137255 0.126531 0.137255 0.118367 0.133333 0.116327 0.133333 0.114286 0.121569 0.114286 0.121569 0.116327 0.117647 0.118367 0.101961 0.118367 0.098039 0.116327 0.098039 0.108163 0.101961 0.106122 0.145098 0.106122 0.149020 0.104082 0.160784 0.104082 0.160784 0.097959 0.164706 0.095918 0.164706 0.083673 0.168627 0.081633 0.184314 0.081633 0.184314 0.053061 0.172549 0.053061 0.168627 0.051020 0.168627 0.046939 0.172549 0.044898 0.184314 0.044898 0.184314 0.038776 0.192157 0.034694 0.200000 0.034694 0.203922 0.036735 0.203922 0.044898 0.211765 0.044898 0.215686 0.042857 0.223529 0.042857 0.227451 0.044898 0.235294 0.044898 0.239216 0.042857 0.239216 0.034694 0.243137 0.032653 0.243137 0.022449 0.247059 0.020408 0.266667 0.020408 0.266667 0.018367 0.270588 0.016327 0.278431 0.016327 0.282353 0.018367 0.282353 0.032653 0.290196 0.032653 0.290196 0.016327 0.294118 0.014286 0.301961 0.014286 0.301961 0.000000