0 0.103723 0.964401 0.101064 0.966019 0.095745 0.966019 0.093085 0.967638 0.087766 0.967638 0.087766 0.969256 0.079787 0.974110 0.079787 0.978964 0.085106 0.978964 0.087766 0.980583 0.087766 0.987055 0.085106 0.988673 0.085106 0.993528 0.093085 0.993528 0.093085 0.990291 0.095745 0.988673 0.101064 0.988673 0.101064 0.983819 0.103723 0.982201 0.109043 0.982201 0.111702 0.980583 0.122340 0.980583 0.125000 0.978964 0.125000 0.970874 0.122340 0.970874 0.119681 0.969256 0.119681 0.966019 0.117021 0.966019 0.114362 0.964401
0 0.728723 0.805825 0.728723 0.810680 0.726064 0.812298 0.720745 0.812298 0.718085 0.810680 0.718085 0.807443 0.712766 0.807443 0.712766 0.826861 0.718085 0.826861 0.720745 0.825243 0.726064 0.825243 0.728723 0.826861 0.734043 0.826861 0.734043 0.822006 0.723404 0.822006 0.720745 0.820388 0.720745 0.815534 0.723404 0.813916 0.734043 0.813916 0.734043 0.805825
0 0.760638 0.770227 0.760638 0.825243 0.765957 0.825243 0.765957 0.770227
0 0.683511 0.755663 0.683511 0.765372 0.680851 0.766990 0.680851 0.786408 0.688830 0.786408 0.688830 0.755663
0 0.747340 0.754045 0.747340 0.760518 0.744681 0.762136 0.739362 0.762136 0.736702 0.760518 0.736702 0.758900 0.734043 0.757282 0.734043 0.755663 0.728723 0.755663 0.728723 0.762136 0.742021 0.762136 0.744681 0.763754 0.744681 0.776699 0.750000 0.776699 0.750000 0.762136 0.752660 0.760518 0.765957 0.760518 0.765957 0.754045
0 0.635638 0.711974 0.635638 0.741100 0.640957 0.741100 0.643617 0.739482 0.648936 0.739482 0.651596 0.741100 0.656915 0.741100 0.659574 0.739482 0.664894 0.739482 0.667553 0.741100 0.672872 0.741100 0.672872 0.733010 0.675532 0.731392 0.688830 0.731392 0.688830 0.728155 0.667553 0.728155 0.667553 0.734628 0.664894 0.736246 0.659574 0.736246 0.656915 0.734628 0.656915 0.731392 0.651596 0.731392 0.651596 0.733010 0.648936 0.734628 0.643617 0.734628 0.640957 0.733010 0.640957 0.711974
0 0.667553 0.700647 0.667553 0.720065 0.678191 0.720065 0.680851 0.721683 0.688830 0.721683 0.688830 0.708738 0.683511 0.708738 0.683511 0.715210 0.680851 0.716828 0.675532 0.716828 0.672872 0.715210 0.672872 0.700647
0 0.869681 0.666667 0.869681 0.690939 0.882979 0.690939 0.885638 0.692557 0.906915 0.692557 0.906915 0.684466 0.896277 0.684466 0.893617 0.682848 0.893617 0.681230 0.877660 0.681230 0.875000 0.679612 0.875000 0.676375 0.877660 0.674757 0.893617 0.674757 0.893617 0.668285 0.885638 0.668285 0.882979 0.669903 0.877660 0.669903 0.875000 0.668285 0.875000 0.666667
0 0.824468 0.665049 0.824468 0.669903 0.819149 0.673139 0.808511 0.673139 0.808511 0.692557 0.816489 0.692557 0.816489 0.686084 0.819149 0.684466 0.829787 0.684466 0.829787 0.665049
0 0.949468 0.656958 0.949468 0.689320 0.946809 0.690939 0.946809 0.694175 0.944149 0.695793 0.944149 0.699029 0.952128 0.699029 0.954787 0.700647 0.954787 0.703883 0.952128 0.705502 0.949468 0.705502 0.949468 0.720065 0.954787 0.720065 0.954787 0.715210 0.957447 0.713592 0.970745 0.713592 0.970745 0.703883 0.973404 0.702265 0.973404 0.699029 0.970745 0.697411 0.970745 0.676375 0.965426 0.676375 0.965426 0.689320 0.962766 0.690939 0.957447 0.690939 0.954787 0.689320 0.954787 0.656958
0 0.667553 0.656958 0.667553 0.686084 0.664894 0.687702 0.659574 0.687702 0.656915 0.686084 0.656915 0.671521 0.651596 0.671521 0.651596 0.686084 0.648936 0.687702 0.643617 0.687702 0.640957 0.686084 0.640957 0.660194 0.635638 0.660194 0.635638 0.695793 0.640957 0.695793 0.640957 0.694175 0.643617 0.692557 0.648936 0.692557 0.651596 0.694175 0.651596 0.718447 0.656915 0.718447 0.656915 0.694175 0.659574 0.692557 0.659574 0.689320 0.662234 0.687702 0.672872 0.687702 0.672872 0.656958
0 0.063830 0.655340 0.061170 0.656958 0.055851 0.656958 0.053191 0.658576 0.053191 0.661812 0.050532 0.663430 0.045213 0.663430 0.042553 0.661812 0.042553 0.658576 0.031915 0.658576 0.031915 0.661812 0.034574 0.661812 0.037234 0.663430 0.037234 0.666667 0.034574 0.668285 0.031915 0.668285 0.031915 0.673139 0.037234 0.673139 0.039894 0.674757 0.039894 0.681230 0.053191 0.681230 0.055851 0.682848 0.055851 0.700647 0.053191 0.702265 0.039894 0.702265 0.039894 0.707120 0.053191 0.707120 0.055851 0.708738 0.055851 0.711974 0.053191 0.713592 0.039894 0.713592 0.039894 0.720065 0.053191 0.720065 0.055851 0.721683 0.055851 0.741100 0.063830 0.741100 0.063830 0.739482 0.066489 0.737864 0.069149 0.737864 0.069149 0.734628 0.066489 0.734628 0.063830 0.733010 0.063830 0.710356 0.066489 0.708738 0.069149 0.708738 0.069149 0.697411 0.066489 0.697411 0.063830 0.695793 0.063830 0.689320 0.061170 0.687702 0.061170 0.665049 0.063830 0.663430 0.069149 0.663430 0.069149 0.655340
0 0.824468 0.618123 0.824468 0.629450 0.821809 0.631068 0.816489 0.631068 0.813830 0.629450 0.813830 0.626214 0.808511 0.626214 0.808511 0.648867 0.813830 0.648867 0.813830 0.647249 0.816489 0.645631 0.821809 0.645631 0.824468 0.647249 0.824468 0.648867 0.829787 0.648867 0.829787 0.618123
0 0.760638 0.490291 0.760638 0.493528 0.763298 0.495146 0.763298 0.498382 0.760638 0.500000 0.760638 0.501618 0.757979 0.503236 0.747340 0.503236 0.747340 0.506472 0.760638 0.506472 0.763298 0.508091 0.763298 0.514563 0.760638 0.516181 0.739362 0.516181 0.736702 0.514563 0.736702 0.512945 0.726064 0.512945 0.720745 0.509709 0.720745 0.491909 0.715426 0.491909 0.715426 0.509709 0.712766 0.511327 0.704787 0.511327 0.704787 0.514563 0.707447 0.516181 0.707447 0.517799 0.712766 0.517799 0.715426 0.519417 0.715426 0.525890 0.712766 0.527508 0.707447 0.527508 0.707447 0.530744 0.712766 0.530744 0.715426 0.532362 0.715426 0.535599 0.720745 0.535599 0.720745 0.527508 0.723404 0.525890 0.731383 0.525890 0.734043 0.527508 0.734043 0.532362 0.731383 0.533981 0.731383 0.543689 0.742021 0.543689 0.744681 0.545307 0.744681 0.551780 0.742021 0.553398 0.739362 0.553398 0.739362 0.559871 0.757979 0.559871 0.757979 0.558252 0.760638 0.556634 0.773936 0.556634 0.773936 0.553398 0.755319 0.553398 0.752660 0.551780 0.752660 0.522654 0.755319 0.521036 0.768617 0.521036 0.768617 0.490291
0 0.558511 0.467638 0.555851 0.469256 0.553191 0.469256 0.553191 0.474110 0.555851 0.474110 0.558511 0.475728 0.558511 0.478964 0.555851 0.480583 0.555851 0.483819 0.558511 0.485437 0.558511 0.500000 0.563830 0.500000 0.563830 0.495146 0.566489 0.493528 0.571809 0.493528 0.574468 0.495146 0.579787 0.495146 0.579787 0.490291 0.566489 0.490291 0.563830 0.488673 0.563830 0.480583 0.566489 0.478964 0.579787 0.478964 0.579787 0.469256 0.566489 0.469256 0.563830 0.467638
0 0.872340 0.417476 0.872340 0.430421 0.869681 0.432039 0.869681 0.435275 0.872340 0.436893 0.872340 0.457929 0.877660 0.457929 0.877660 0.417476
0 0.824468 0.388350 0.824468 0.391586 0.821809 0.393204 0.816489 0.393204 0.813830 0.391586 0.808511 0.391586 0.808511 0.393204 0.805851 0.394822 0.795213 0.394822 0.795213 0.398058 0.797872 0.399676 0.797872 0.402913 0.795213 0.404531 0.795213 0.409385 0.800532 0.409385 0.800532 0.407767 0.803191 0.406149 0.803191 0.399676 0.805851 0.398058 0.813830 0.398058 0.816489 0.396440 0.824468 0.396440 0.827128 0.398058 0.827128 0.401294 0.824468 0.402913 0.816489 0.402913 0.816489 0.406149 0.821809 0.406149 0.824468 0.407767 0.824468 0.411003 0.845745 0.411003 0.845745 0.406149 0.837766 0.406149 0.835106 0.404531 0.835106 0.399676 0.837766 0.398058 0.840426 0.398058 0.840426 0.393204 0.835106 0.393204 0.832447 0.391586 0.832447 0.388350
0 0.872340 0.380259 0.872340 0.393204 0.882979 0.393204 0.885638 0.394822 0.885638 0.398058 0.882979 0.399676 0.872340 0.399676 0.872340 0.411003 0.877660 0.411003 0.877660 0.409385 0.882979 0.406149 0.882979 0.402913 0.885638 0.401294 0.893617 0.401294 0.893617 0.386731 0.888298 0.386731 0.888298 0.391586 0.885638 0.393204 0.880319 0.393204 0.877660 0.391586 0.877660 0.380259
0 0.720745 0.378641 0.720745 0.389968 0.723404 0.391586 0.723404 0.393204 0.726064 0.394822 0.726064 0.399676 0.734043 0.404531 0.734043 0.406149 0.736702 0.407767 0.739362 0.407767 0.742021 0.409385 0.742021 0.411003 0.747340 0.411003 0.752660 0.414239 0.752660 0.417476 0.750000 0.419094 0.747340 0.419094 0.747340 0.440129 0.752660 0.440129 0.752660 0.436893 0.755319 0.435275 0.760638 0.435275 0.763298 0.436893 0.763298 0.438511 0.765957 0.438511 0.768617 0.440129 0.768617 0.444984 0.765957 0.446602 0.763298 0.446602 0.763298 0.451456 0.768617 0.451456 0.768617 0.446602 0.771277 0.444984 0.776596 0.444984 0.779255 0.443366 0.787234 0.443366 0.792553 0.446602 0.792553 0.451456 0.800532 0.451456 0.800532 0.444984 0.803191 0.443366 0.808511 0.443366 0.811170 0.444984 0.827128 0.444984 0.829787 0.446602 0.829787 0.453074 0.827128 0.454693 0.827128 0.461165 0.829787 0.461165 0.832447 0.462783 0.832447 0.472492 0.835106 0.472492 0.840426 0.475728 0.840426 0.477346 0.843085 0.477346 0.845745 0.478964 0.845745 0.482201 0.843085 0.483819 0.840426 0.483819 0.840426 0.495146 0.845745 0.495146 0.848404 0.493528 0.851064 0.493528 0.851064 0.490291 0.848404 0.488673 0.848404 0.485437 0.851064 0.483819 0.853723 0.483819 0.853723 0.466019 0.851064 0.464401 0.851064 0.451456 0.848404 0.449838 0.848404 0.444984 0.835106 0.444984 0.832447 0.443366 0.832447 0.440129 0.835106 0.438511 0.848404 0.438511 0.848404 0.428803 0.819149 0.428803 0.816489 0.427184 0.816489 0.423948 0.819149 0.422330 0.832447 0.422330 0.832447 0.417476 0.776596 0.417476 0.773936 0.415858 0.765957 0.415858 0.763298 0.414239 0.763298 0.407767 0.765957 0.406149 0.776596 0.406149 0.776596 0.402913 0.755319 0.402913 0.752660 0.401294 0.752660 0.398058 0.750000 0.398058 0.747340 0.396440 0.747340 0.393204 0.742021 0.393204 0.739362 0.391586 0.739362 0.389968 0.736702 0.388350 0.736702 0.383495 0.734043 0.383495 0.731383 0.381877 0.731383 0.378641
0 0.795213 0.372168 0.795213 0.386731 0.803191 0.386731 0.803191 0.380259 0.805851 0.378641 0.821809 0.378641 0.824468 0.380259 0.832447 0.380259 0.832447 0.372168 0.824468 0.372168 0.821809 0.373786 0.803191 0.373786 0.800532 0.372168
0 0.795213 0.333333 0.795213 0.344660 0.800532 0.344660 0.800532 0.341424 0.803191 0.339806 0.819149 0.339806 0.821809 0.341424 0.821809 0.344660 0.819149 0.346278 0.819149 0.351133 0.821809 0.351133 0.824468 0.352751 0.824468 0.364078 0.832447 0.364078 0.832447 0.355987 0.835106 0.354369 0.848404 0.354369 0.848404 0.352751 0.853723 0.349515 0.853723 0.346278 0.851064 0.344660 0.851064 0.341424 0.853723 0.339806 0.853723 0.336570 0.845745 0.336570 0.845745 0.347896 0.840426 0.351133 0.832447 0.351133 0.829787 0.349515 0.829787 0.346278 0.832447 0.344660 0.832447 0.334951 0.819149 0.334951 0.816489 0.333333 0.811170 0.333333 0.808511 0.334951 0.803191 0.334951 0.800532 0.333333
0 0.872340 0.322006 0.872340 0.339806 0.890957 0.339806 0.893617 0.341424 0.898936 0.341424 0.901596 0.339806 0.906915 0.339806 0.909574 0.341424 0.909574 0.351133 0.914894 0.351133 0.917553 0.349515 0.917553 0.346278 0.914894 0.344660 0.914894 0.326861 0.896277 0.326861 0.896277 0.330097 0.893617 0.331715 0.888298 0.331715 0.885638 0.330097 0.885638 0.326861 0.882979 0.326861 0.880319 0.325243 0.880319 0.322006
0 0.984043 0.304207 0.984043 0.310680 0.981383 0.312298 0.981383 0.315534 0.978723 0.317152 0.976064 0.317152 0.976064 0.322006 0.973404 0.323625 0.968085 0.323625 0.965426 0.322006 0.965426 0.317152 0.960106 0.317152 0.960106 0.322006 0.962766 0.323625 0.962766 0.334951 0.960106 0.336570 0.946809 0.336570 0.944149 0.338188 0.941489 0.338188 0.941489 0.341424 0.954787 0.341424 0.957447 0.343042 0.957447 0.347896 0.954787 0.349515 0.952128 0.349515 0.952128 0.362460 0.954787 0.362460 0.957447 0.364078 0.965426 0.364078 0.965426 0.360841 0.968085 0.359223 0.981383 0.359223 0.981383 0.355987 0.984043 0.354369 0.989362 0.354369 0.989362 0.343042 0.992021 0.341424 0.997340 0.341424 0.997340 0.336570 0.992021 0.336570 0.989362 0.334951 0.989362 0.331715 0.992021 0.330097 0.997340 0.330097 0.997340 0.317152 0.992021 0.317152 0.989362 0.315534 0.989362 0.304207
0 0.247340 0.200647 0.247340 0.218447 0.244681 0.220065 0.242021 0.220065 0.242021 0.224919 0.247340 0.224919 0.247340 0.218447 0.250000 0.216828 0.255319 0.216828 0.257979 0.215210 0.265957 0.215210 0.265957 0.210356 0.257979 0.210356 0.255319 0.208738 0.255319 0.200647
0 0.300532 0.182848 0.300532 0.186084 0.297872 0.187702 0.263298 0.187702 0.263298 0.192557 0.271277 0.192557 0.273936 0.190939 0.287234 0.190939 0.289894 0.192557 0.289894 0.195793 0.311170 0.195793 0.311170 0.192557 0.305851 0.192557 0.303191 0.190939 0.303191 0.187702 0.305851 0.186084 0.305851 0.182848
0 0.521277 0.087379 0.521277 0.092233 0.529255 0.092233 0.531915 0.093851 0.531915 0.103560 0.529255 0.105178 0.529255 0.111650 0.531915 0.113269 0.531915 0.118123 0.529255 0.119741 0.529255 0.126214 0.526596 0.127832 0.521277 0.127832 0.521277 0.131068 0.529255 0.131068 0.529255 0.126214 0.531915 0.124595 0.537234 0.124595 0.537234 0.090615 0.534574 0.090615 0.529255 0.087379
0 0.593085 0.045307 0.593085 0.067961 0.590426 0.069579 0.585106 0.069579 0.585106 0.072816 0.590426 0.072816 0.593085 0.074434 0.593085 0.076052 0.601064 0.076052 0.601064 0.069579 0.603723 0.067961 0.614362 0.067961 0.614362 0.063107 0.606383 0.063107 0.603723 0.061489 0.603723 0.058252 0.601064 0.056634 0.601064 0.045307
0 0.436170 0.038835 0.436170 0.045307 0.438830 0.046926 0.438830 0.050162 0.436170 0.051780 0.430851 0.051780 0.428191 0.050162 0.420213 0.050162 0.420213 0.051780 0.417553 0.053398 0.406915 0.053398 0.406915 0.058252 0.417553 0.058252 0.420213 0.059871 0.420213 0.072816 0.433511 0.072816 0.436170 0.074434 0.436170 0.076052 0.457447 0.076052 0.457447 0.064725 0.460106 0.063107 0.460106 0.038835
0 0.933511 0.000000 0.933511 0.008091 0.936170 0.009709 0.936170 0.014563 0.938830 0.016181 0.938830 0.017799 0.941489 0.019417 0.941489 0.021036 0.944149 0.022654 0.944149 0.024272 0.946809 0.025890 0.946809 0.027508 0.952128 0.027508 0.952128 0.024272 0.954787 0.022654 0.954787 0.003236 0.957447 0.001618 0.960106 0.001618 0.960106 0.000000
0 0.656915 0.000000 0.656915 0.006472 0.675532 0.006472 0.678191 0.004854 0.683511 0.004854 0.686170 0.006472 0.686170 0.009709 0.683511 0.011327 0.678191 0.011327 0.678191 0.017799 0.672872 0.021036 0.667553 0.021036 0.667553 0.029126 0.664894 0.030744 0.664894 0.038835 0.662234 0.040453 0.662234 0.046926 0.659574 0.048544 0.648936 0.048544 0.646277 0.046926 0.646277 0.045307 0.640957 0.045307 0.640957 0.069579 0.643617 0.069579 0.648936 0.072816 0.648936 0.084142 0.643617 0.087379 0.632979 0.087379 0.632979 0.092233 0.635638 0.093851 0.643617 0.093851 0.646277 0.095469 0.646277 0.105178 0.643617 0.106796 0.640957 0.106796 0.640957 0.111650 0.643617 0.111650 0.646277 0.113269 0.646277 0.116505 0.648936 0.118123 0.648936 0.129450 0.646277 0.131068 0.640957 0.131068 0.638298 0.129450 0.638298 0.124595 0.632979 0.124595 0.632979 0.137540 0.630319 0.139159 0.625000 0.139159 0.622340 0.137540 0.622340 0.124595 0.619681 0.124595 0.617021 0.122977 0.617021 0.113269 0.619681 0.111650 0.619681 0.106796 0.601064 0.106796 0.601064 0.110032 0.598404 0.111650 0.587766 0.111650 0.585106 0.110032 0.585106 0.101942 0.571809 0.101942 0.569149 0.100324 0.569149 0.097087 0.571809 0.095469 0.590426 0.095469 0.593085 0.097087 0.593085 0.098706 0.598404 0.098706 0.598404 0.093851 0.601064 0.092233 0.619681 0.092233 0.619681 0.087379 0.617021 0.085761 0.617021 0.084142 0.593085 0.084142 0.593085 0.090615 0.590426 0.092233 0.579787 0.092233 0.577128 0.090615 0.577128 0.088997 0.571809 0.088997 0.569149 0.087379 0.569149 0.085761 0.563830 0.085761 0.561170 0.087379 0.561170 0.114887 0.569149 0.114887 0.569149 0.113269 0.571809 0.111650 0.582447 0.111650 0.585106 0.113269 0.585106 0.122977 0.582447 0.124595 0.569149 0.124595 0.569149 0.131068 0.587766 0.131068 0.590426 0.132686 0.590426 0.137540 0.587766 0.139159 0.561170 0.139159 0.561170 0.142395 0.555851 0.145631 0.553191 0.145631 0.553191 0.148867 0.555851 0.148867 0.558511 0.150485 0.558511 0.156958 0.561170 0.158576 0.561170 0.163430 0.558511 0.165049 0.553191 0.165049 0.553191 0.168285 0.558511 0.168285 0.561170 0.169903 0.569149 0.169903 0.571809 0.171521 0.571809 0.181230 0.569149 0.182848 0.531915 0.182848 0.529255 0.181230 0.529255 0.179612 0.502660 0.179612 0.497340 0.176375 0.497340 0.173139 0.500000 0.171521 0.505319 0.171521 0.507979 0.173139 0.513298 0.173139 0.513298 0.171521 0.515957 0.169903 0.515957 0.166667 0.507979 0.166667 0.505319 0.165049 0.505319 0.160194 0.500000 0.160194 0.497340 0.161812 0.492021 0.161812 0.489362 0.160194 0.489362 0.150485 0.492021 0.148867 0.497340 0.148867 0.500000 0.150485 0.500000 0.153722 0.505319 0.153722 0.505319 0.150485 0.507979 0.148867 0.523936 0.148867 0.526596 0.150485 0.526596 0.153722 0.523936 0.155340 0.521277 0.155340 0.521277 0.158576 0.526596 0.158576 0.531915 0.161812 0.531915 0.163430 0.537234 0.163430 0.537234 0.139159 0.531915 0.139159 0.531915 0.142395 0.529255 0.144013 0.507979 0.144013 0.505319 0.142395 0.505319 0.132686 0.507979 0.131068 0.510638 0.131068 0.510638 0.127832 0.507979 0.127832 0.505319 0.126214 0.505319 0.100324 0.500000 0.100324 0.500000 0.103560 0.497340 0.105178 0.492021 0.105178 0.489362 0.103560 0.489362 0.093851 0.492021 0.092233 0.497340 0.092233 0.500000 0.093851 0.507979 0.093851 0.507979 0.090615 0.505319 0.088997 0.497340 0.088997 0.494681 0.090615 0.486702 0.090615 0.484043 0.088997 0.484043 0.087379 0.478723 0.087379 0.478723 0.090615 0.481383 0.090615 0.484043 0.092233 0.484043 0.114887 0.481383 0.116505 0.481383 0.119741 0.484043 0.121359 0.484043 0.124595 0.489362 0.124595 0.489362 0.121359 0.492021 0.119741 0.497340 0.119741 0.500000 0.121359 0.500000 0.122977 0.502660 0.122977 0.505319 0.124595 0.505319 0.129450 0.502660 0.131068 0.500000 0.131068 0.500000 0.132686 0.497340 0.134304 0.494681 0.134304 0.492021 0.135922 0.481383 0.135922 0.481383 0.139159 0.484043 0.139159 0.486702 0.140777 0.486702 0.144013 0.484043 0.145631 0.476064 0.145631 0.476064 0.148867 0.473404 0.150485 0.468085 0.150485 0.465426 0.148867 0.465426 0.145631 0.468085 0.144013 0.468085 0.134304 0.465426 0.132686 0.465426 0.124595 0.462766 0.124595 0.460106 0.122977 0.460106 0.114887 0.457447 0.113269 0.457447 0.097087 0.446809 0.097087 0.444149 0.095469 0.444149 0.085761 0.436170 0.085761 0.436170 0.095469 0.433511 0.097087 0.414894 0.097087 0.412234 0.095469 0.412234 0.090615 0.406915 0.090615 0.406915 0.106796 0.404255 0.108414 0.404255 0.124595 0.412234 0.124595 0.414894 0.126214 0.414894 0.129450 0.412234 0.131068 0.406915 0.131068 0.406915 0.137540 0.404255 0.139159 0.404255 0.155340 0.409574 0.155340 0.409574 0.150485 0.412234 0.148867 0.433511 0.148867 0.436170 0.150485 0.436170 0.153722 0.441489 0.153722 0.441489 0.152104 0.444149 0.150485 0.449468 0.150485 0.452128 0.152104 0.452128 0.153722 0.454787 0.153722 0.457447 0.155340 0.457447 0.160194 0.454787 0.161812 0.452128 0.161812 0.452128 0.168285 0.470745 0.168285 0.476064 0.171521 0.476064 0.173139 0.478723 0.174757 0.478723 0.195793 0.481383 0.197411 0.481383 0.200647 0.478723 0.202265 0.473404 0.202265 0.473404 0.208738 0.470745 0.210356 0.460106 0.210356 0.457447 0.208738 0.457447 0.205502 0.449468 0.205502 0.446809 0.203883 0.446809 0.199029 0.449468 0.197411 0.457447 0.197411 0.457447 0.184466 0.449468 0.184466 0.449468 0.187702 0.446809 0.189320 0.441489 0.189320 0.438830 0.187702 0.438830 0.184466 0.417553 0.184466 0.412234 0.181230 0.401596 0.181230 0.398936 0.182848 0.398936 0.189320 0.396277 0.190939 0.388298 0.190939 0.385638 0.189320 0.385638 0.177994 0.380319 0.177994 0.377660 0.179612 0.372340 0.179612 0.369681 0.177994 0.361702 0.177994 0.359043 0.176375 0.359043 0.173139 0.361702 0.171521 0.369681 0.171521 0.369681 0.165049 0.367021 0.165049 0.364362 0.163430 0.364362 0.160194 0.367021 0.158576 0.382979 0.158576 0.382979 0.155340 0.380319 0.153722 0.380319 0.150485 0.382979 0.148867 0.382979 0.140777 0.385638 0.139159 0.385638 0.126214 0.382979 0.126214 0.380319 0.124595 0.380319 0.110032 0.369681 0.110032 0.367021 0.108414 0.367021 0.105178 0.364362 0.103560 0.364362 0.093851 0.367021 0.092233 0.372340 0.092233 0.375000 0.093851 0.375000 0.095469 0.380319 0.095469 0.380319 0.090615 0.369681 0.090615 0.367021 0.088997 0.367021 0.087379 0.364362 0.085761 0.364362 0.084142 0.359043 0.084142 0.359043 0.114887 0.364362 0.114887 0.364362 0.111650 0.367021 0.110032 0.372340 0.110032 0.375000 0.111650 0.375000 0.122977 0.372340 0.124595 0.367021 0.124595 0.367021 0.129450 0.364362 0.131068 0.359043 0.131068 0.359043 0.132686 0.356383 0.134304 0.351064 0.134304 0.348404 0.132686 0.348404 0.131068 0.343085 0.131068 0.343085 0.132686 0.340426 0.134304 0.332447 0.134304 0.332447 0.139159 0.340426 0.139159 0.343085 0.140777 0.343085 0.152104 0.340426 0.153722 0.327128 0.153722 0.327128 0.163430 0.332447 0.163430 0.332447 0.160194 0.335106 0.158576 0.340426 0.158576 0.343085 0.160194 0.343085 0.163430 0.340426 0.165049 0.337766 0.165049 0.337766 0.169903 0.340426 0.169903 0.343085 0.171521 0.343085 0.176375 0.345745 0.176375 0.348404 0.177994 0.348404 0.181230 0.351064 0.182848 0.351064 0.186084 0.348404 0.187702 0.340426 0.187702 0.337766 0.186084 0.337766 0.184466 0.332447 0.184466 0.329787 0.186084 0.327128 0.186084 0.327128 0.218447 0.329787 0.218447 0.332447 0.220065 0.332447 0.224919 0.329787 0.226537 0.327128 0.226537 0.327128 0.245955 0.324468 0.247573 0.324468 0.262136 0.327128 0.263754 0.327128 0.265372 0.332447 0.265372 0.335106 0.263754 0.345745 0.263754 0.348404 0.262136 0.359043 0.262136 0.361702 0.263754 0.361702 0.266990 0.364362 0.268608 0.364362 0.275081 0.359043 0.278317 0.351064 0.278317 0.348404 0.276699 0.348404 0.273463 0.324468 0.273463 0.324468 0.286408 0.321809 0.288026 0.319149 0.288026 0.319149 0.291262 0.321809 0.291262 0.327128 0.294498 0.327128 0.304207 0.324468 0.305825 0.303191 0.305825 0.300532 0.304207 0.300532 0.300971 0.303191 0.299353 0.308511 0.299353 0.308511 0.288026 0.305851 0.288026 0.303191 0.286408 0.303191 0.281553 0.297872 0.281553 0.295213 0.279935 0.295213 0.278317 0.279255 0.278317 0.276596 0.276699 0.276596 0.268608 0.281915 0.265372 0.300532 0.265372 0.300532 0.263754 0.303191 0.262136 0.311170 0.262136 0.311170 0.258900 0.305851 0.258900 0.303191 0.257282 0.303191 0.254045 0.305851 0.252427 0.305851 0.249191 0.297872 0.249191 0.295213 0.247573 0.295213 0.244337 0.297872 0.242718 0.305851 0.242718 0.305851 0.239482 0.303191 0.237864 0.303191 0.234628 0.305851 0.233010 0.305851 0.229773 0.295213 0.229773 0.292553 0.228155 0.292553 0.220065 0.287234 0.220065 0.287234 0.228155 0.284574 0.229773 0.279255 0.229773 0.276596 0.228155 0.276596 0.220065 0.271277 0.220065 0.271277 0.228155 0.268617 0.229773 0.252660 0.229773 0.252660 0.233010 0.284574 0.233010 0.287234 0.234628 0.287234 0.237864 0.284574 0.239482 0.271277 0.239482 0.271277 0.245955 0.268617 0.247573 0.257979 0.247573 0.255319 0.245955 0.255319 0.241100 0.247340 0.241100 0.247340 0.245955 0.244681 0.247573 0.244681 0.252427 0.247340 0.252427 0.250000 0.254045 0.250000 0.257282 0.247340 0.258900 0.247340 0.262136 0.260638 0.262136 0.263298 0.263754 0.263298 0.273463 0.260638 0.275081 0.247340 0.275081 0.247340 0.278317 0.250000 0.278317 0.252660 0.279935 0.252660 0.284790 0.250000 0.286408 0.247340 0.286408 0.247340 0.294498 0.244681 0.296117 0.239362 0.296117 0.239362 0.300971 0.242021 0.300971 0.244681 0.302589 0.244681 0.309061 0.247340 0.310680 0.247340 0.312298 0.252660 0.312298 0.255319 0.313916 0.255319 0.318770 0.252660 0.320388 0.239362 0.320388 0.239362 0.323625 0.236702 0.325243 0.231383 0.325243 0.228723 0.323625 0.228723 0.305825 0.226064 0.305825 0.223404 0.304207 0.223404 0.300971 0.226064 0.299353 0.226064 0.288026 0.223404 0.286408 0.223404 0.281553 0.215426 0.281553 0.212766 0.283172 0.202128 0.283172 0.199468 0.284790 0.194149 0.284790 0.191489 0.283172 0.191489 0.281553 0.186170 0.281553 0.186170 0.283172 0.183511 0.284790 0.178191 0.284790 0.175532 0.283172 0.172872 0.283172 0.167553 0.279935 0.156915 0.279935 0.156915 0.283172 0.159574 0.284790 0.159574 0.288026 0.162234 0.289644 0.162234 0.291262 0.164894 0.292880 0.164894 0.294498 0.167553 0.296117 0.167553 0.297735 0.170213 0.297735 0.175532 0.300971 0.175532 0.309061 0.172872 0.310680 0.170213 0.310680 0.170213 0.315534 0.175532 0.315534 0.175532 0.312298 0.178191 0.310680 0.188830 0.310680 0.191489 0.312298 0.191489 0.315534 0.196809 0.315534 0.204787 0.320388 0.204787 0.323625 0.202128 0.325243 0.183511 0.325243 0.183511 0.339806 0.188830 0.339806 0.188830 0.330097 0.191489 0.328479 0.199468 0.328479 0.202128 0.330097 0.202128 0.334951 0.204787 0.334951 0.207447 0.336570 0.207447 0.339806 0.210106 0.339806 0.212766 0.341424 0.212766 0.347896 0.215426 0.349515 0.215426 0.352751 0.212766 0.354369 0.207447 0.354369 0.204787 0.352751 0.204787 0.349515 0.194149 0.349515 0.191489 0.347896 0.183511 0.347896 0.183511 0.360841 0.191489 0.360841 0.194149 0.359223 0.204787 0.359223 0.207447 0.357605 0.212766 0.357605 0.215426 0.359223 0.215426 0.360841 0.228723 0.360841 0.228723 0.355987 0.231383 0.354369 0.236702 0.354369 0.239362 0.355987 0.239362 0.360841 0.252660 0.360841 0.257979 0.364078 0.257979 0.367314 0.255319 0.368932 0.255319 0.372168 0.252660 0.373786 0.247340 0.373786 0.247340 0.385113 0.250000 0.385113 0.252660 0.386731 0.252660 0.394822 0.250000 0.396440 0.247340 0.396440 0.247340 0.399676 0.244681 0.401294 0.242021 0.401294 0.242021 0.404531 0.244681 0.404531 0.247340 0.406149 0.247340 0.409385 0.252660 0.409385 0.255319 0.411003 0.255319 0.414239 0.252660 0.415858 0.247340 0.415858 0.247340 0.427184 0.242021 0.430421 0.239362 0.430421 0.239362 0.453074 0.242021 0.453074 0.244681 0.454693 0.244681 0.456311 0.252660 0.456311 0.255319 0.454693 0.260638 0.454693 0.263298 0.456311 0.263298 0.457929 0.265957 0.457929 0.268617 0.459547 0.268617 0.462783 0.265957 0.464401 0.263298 0.464401 0.263298 0.466019 0.260638 0.467638 0.252660 0.467638 0.250000 0.466019 0.244681 0.466019 0.244681 0.467638 0.242021 0.469256 0.239362 0.469256 0.239362 0.472492 0.242021 0.472492 0.244681 0.474110 0.244681 0.485437 0.242021 0.487055 0.239362 0.487055 0.239362 0.529126 0.236702 0.530744 0.231383 0.530744 0.228723 0.529126 0.228723 0.516181 0.226064 0.514563 0.226064 0.508091 0.223404 0.508091 0.220745 0.506472 0.220745 0.503236 0.223404 0.501618 0.228723 0.501618 0.228723 0.495146 0.226064 0.493528 0.226064 0.488673 0.223404 0.488673 0.220745 0.487055 0.220745 0.483819 0.223404 0.482201 0.228723 0.482201 0.228723 0.469256 0.226064 0.467638 0.226064 0.461165 0.223404 0.461165 0.220745 0.459547 0.220745 0.454693 0.223404 0.453074 0.228723 0.453074 0.228723 0.448220 0.223404 0.448220 0.220745 0.446602 0.220745 0.425566 0.223404 0.423948 0.226064 0.423948 0.226064 0.411003 0.223404 0.411003 0.220745 0.409385 0.220745 0.404531 0.223404 0.402913 0.223404 0.391586 0.220745 0.389968 0.220745 0.378641 0.223404 0.377023 0.223404 0.373786 0.220745 0.372168 0.220745 0.370550 0.215426 0.370550 0.215426 0.389968 0.212766 0.391586 0.207447 0.391586 0.204787 0.393204 0.199468 0.393204 0.199468 0.398058 0.210106 0.398058 0.212766 0.399676 0.212766 0.404531 0.210106 0.406149 0.199468 0.406149 0.199468 0.409385 0.196809 0.411003 0.194149 0.411003 0.194149 0.415858 0.196809 0.417476 0.196809 0.423948 0.199468 0.425566 0.210106 0.425566 0.212766 0.427184 0.212766 0.430421 0.210106 0.432039 0.199468 0.432039 0.199468 0.436893 0.196809 0.438511 0.191489 0.438511 0.188830 0.436893 0.188830 0.435275 0.183511 0.435275 0.183511 0.438511 0.180851 0.440129 0.178191 0.440129 0.178191 0.446602 0.175532 0.448220 0.167553 0.448220 0.167553 0.453074 0.180851 0.453074 0.183511 0.454693 0.183511 0.457929 0.188830 0.457929 0.191489 0.459547 0.191489 0.462783 0.196809 0.462783 0.199468 0.464401 0.199468 0.475728 0.196809 0.477346 0.191489 0.477346 0.188830 0.475728 0.188830 0.474110 0.183511 0.474110 0.183511 0.485437 0.180851 0.487055 0.180851 0.488673 0.178191 0.490291 0.167553 0.490291 0.167553 0.495146 0.178191 0.495146 0.180851 0.496764 0.180851 0.504854 0.178191 0.506472 0.159574 0.506472 0.159574 0.511327 0.162234 0.511327 0.164894 0.512945 0.164894 0.521036 0.167553 0.522654 0.167553 0.543689 0.170213 0.543689 0.172872 0.545307 0.172872 0.548544 0.170213 0.550162 0.159574 0.550162 0.159574 0.553398 0.188830 0.553398 0.191489 0.555016 0.191489 0.558252 0.188830 0.559871 0.183511 0.559871 0.183511 0.563107 0.186170 0.564725 0.186170 0.569579 0.183511 0.571197 0.180851 0.571197 0.178191 0.572816 0.172872 0.572816 0.172872 0.574434 0.170213 0.576052 0.167553 0.576052 0.167553 0.579288 0.162234 0.582524 0.159574 0.582524 0.159574 0.585761 0.162234 0.585761 0.164894 0.587379 0.164894 0.598706 0.162234 0.600324 0.159574 0.600324 0.159574 0.648867 0.164894 0.648867 0.167553 0.647249 0.186170 0.647249 0.188830 0.648867 0.204787 0.648867 0.207447 0.650485 0.207447 0.653722 0.202128 0.656958 0.196809 0.656958 0.194149 0.655340 0.188830 0.655340 0.186170 0.656958 0.159574 0.656958 0.159574 0.681230 0.156915 0.682848 0.151596 0.682848 0.148936 0.681230 0.148936 0.673139 0.146277 0.671521 0.146277 0.668285 0.148936 0.666667 0.148936 0.656958 0.146277 0.655340 0.127660 0.655340 0.125000 0.656958 0.119681 0.656958 0.117021 0.655340 0.103723 0.655340 0.101064 0.653722 0.101064 0.650485 0.103723 0.648867 0.117021 0.648867 0.119681 0.647249 0.125000 0.647249 0.127660 0.648867 0.132979 0.648867 0.132979 0.640777 0.135638 0.639159 0.140957 0.639159 0.140957 0.635922 0.143617 0.634304 0.143617 0.626214 0.146277 0.624595 0.148936 0.624595 0.148936 0.621359 0.146277 0.621359 0.140957 0.618123 0.140957 0.606796 0.135638 0.606796 0.135638 0.629450 0.132979 0.631068 0.132979 0.632686 0.130319 0.634304 0.119681 0.634304 0.119681 0.637540 0.117021 0.639159 0.082447 0.639159 0.082447 0.644013 0.093085 0.644013 0.095745 0.645631 0.095745 0.656958 0.093085 0.658576 0.082447 0.658576 0.082447 0.679612 0.085106 0.679612 0.087766 0.681230 0.087766 0.686084 0.090426 0.686084 0.093085 0.687702 0.093085 0.694175 0.090426 0.695793 0.085106 0.695793 0.082447 0.697411 0.082447 0.702265 0.085106 0.703883 0.085106 0.708738 0.087766 0.710356 0.090426 0.710356 0.093085 0.711974 0.093085 0.720065 0.101064 0.720065 0.103723 0.721683 0.103723 0.739482 0.117021 0.739482 0.119681 0.741100 0.119681 0.742718 0.135638 0.742718 0.138298 0.744337 0.140957 0.744337 0.143617 0.745955 0.143617 0.749191 0.140957 0.750809 0.135638 0.750809 0.132979 0.749191 0.125000 0.749191 0.125000 0.750809 0.122340 0.752427 0.119681 0.752427 0.117021 0.754045 0.111702 0.754045 0.109043 0.752427 0.103723 0.752427 0.098404 0.755663 0.093085 0.755663 0.093085 0.757282 0.090426 0.758900 0.087766 0.758900 0.087766 0.770227 0.085106 0.771845 0.079787 0.771845 0.079787 0.788026 0.077128 0.789644 0.077128 0.794498 0.079787 0.796117 0.079787 0.823625 0.074468 0.826861 0.069149 0.826861 0.066489 0.825243 0.066489 0.812298 0.069149 0.810680 0.069149 0.804207 0.066489 0.802589 0.066489 0.788026 0.069149 0.786408 0.069149 0.781553 0.066489 0.779935 0.066489 0.773463 0.063830 0.771845 0.063830 0.763754 0.061170 0.762136 0.061170 0.758900 0.063830 0.757282 0.069149 0.757282 0.069149 0.754045 0.063830 0.754045 0.061170 0.752427 0.061170 0.750809 0.055851 0.750809 0.055851 0.752427 0.053191 0.754045 0.053191 0.755663 0.050532 0.757282 0.039894 0.757282 0.039894 0.765372 0.050532 0.765372 0.053191 0.766990 0.053191 0.770227 0.050532 0.771845 0.045213 0.771845 0.045213 0.775081 0.042553 0.776699 0.034574 0.776699 0.031915 0.775081 0.031915 0.771845 0.023936 0.771845 0.023936 0.783172 0.029255 0.783172 0.029255 0.778317 0.031915 0.776699 0.037234 0.776699 0.039894 0.778317 0.039894 0.791262 0.037234 0.792880 0.031915 0.792880 0.031915 0.802589 0.029255 0.804207 0.018617 0.804207 0.015957 0.802589 0.015957 0.800971 0.013298 0.799353 0.013298 0.797735 0.007979 0.797735 0.007979 0.804207 0.021277 0.804207 0.023936 0.805825 0.023936 0.809061 0.021277 0.810680 0.007979 0.810680 0.007979 0.818770 0.005319 0.820388 0.005319 0.825243 0.021277 0.825243 0.023936 0.826861 0.023936 0.833333 0.029255 0.833333 0.031915 0.834951 0.031915 0.841424 0.029255 0.843042 0.015957 0.843042 0.013298 0.844660 0.007979 0.844660 0.005319 0.843042 0.005319 0.841424 0.000000 0.841424 0.000000 0.844660 0.002660 0.844660 0.005319 0.846278 0.005319 0.851133 0.013298 0.851133 0.015957 0.852751 0.015957 0.862460 0.013298 0.864078 0.007979 0.864078 0.007979 0.867314 0.013298 0.867314 0.013298 0.865696 0.015957 0.864078 0.021277 0.864078 0.023936 0.865696 0.023936 0.883495 0.029255 0.883495 0.029255 0.875405 0.031915 0.873786 0.037234 0.873786 0.039894 0.875405 0.039894 0.886731 0.045213 0.886731 0.045213 0.885113 0.047872 0.883495 0.047872 0.878641 0.050532 0.877023 0.061170 0.877023 0.063830 0.878641 0.063830 0.881877 0.077128 0.881877 0.079787 0.883495 0.079787 0.901294 0.082447 0.901294 0.085106 0.902913 0.085106 0.904531 0.093085 0.904531 0.095745 0.906149 0.095745 0.911003 0.103723 0.911003 0.106383 0.909385 0.111702 0.909385 0.114362 0.911003 0.114362 0.914239 0.117021 0.915858 0.117021 0.919094 0.122340 0.919094 0.122340 0.912621 0.125000 0.911003 0.130319 0.911003 0.132979 0.912621 0.132979 0.922330 0.122340 0.928803 0.122340 0.932039 0.127660 0.932039 0.130319 0.930421 0.135638 0.930421 0.138298 0.932039 0.138298 0.935275 0.143617 0.935275 0.146277 0.933657 0.183511 0.933657 0.186170 0.935275 0.186170 0.944984 0.188830 0.944984 0.191489 0.946602 0.191489 0.948220 0.196809 0.948220 0.196809 0.946602 0.199468 0.944984 0.202128 0.944984 0.202128 0.941748 0.196809 0.941748 0.194149 0.940129 0.194149 0.936893 0.196809 0.935275 0.207447 0.935275 0.210106 0.933657 0.215426 0.933657 0.220745 0.936893 0.220745 0.943366 0.218085 0.944984 0.218085 0.951456 0.210106 0.956311 0.210106 0.957929 0.207447 0.959547 0.207447 0.961165 0.204787 0.962783 0.204787 0.966019 0.202128 0.967638 0.202128 0.970874 0.207447 0.970874 0.210106 0.972492 0.210106 0.985437 0.212766 0.985437 0.215426 0.987055 0.215426 0.998382 0.226064 0.998382 0.226064 0.990291 0.223404 0.988673 0.223404 0.977346 0.226064 0.975728 0.226064 0.974110 0.231383 0.970874 0.236702 0.970874 0.239362 0.969256 0.250000 0.969256 0.252660 0.967638 0.260638 0.967638 0.263298 0.966019 0.263298 0.961165 0.265957 0.959547 0.271277 0.959547 0.273936 0.961165 0.273936 0.972492 0.279255 0.972492 0.279255 0.951456 0.281915 0.949838 0.287234 0.949838 0.289894 0.951456 0.289894 0.967638 0.295213 0.967638 0.295213 0.941748 0.289894 0.941748 0.289894 0.943366 0.287234 0.944984 0.271277 0.944984 0.268617 0.943366 0.268617 0.941748 0.260638 0.941748 0.255319 0.938511 0.255319 0.935275 0.257979 0.933657 0.263298 0.933657 0.265957 0.935275 0.271277 0.935275 0.276596 0.932039 0.279255 0.932039 0.281915 0.930421 0.287234 0.930421 0.289894 0.932039 0.289894 0.933657 0.295213 0.933657 0.295213 0.932039 0.297872 0.930421 0.303191 0.930421 0.305851 0.932039 0.316489 0.932039 0.319149 0.933657 0.327128 0.933657 0.327128 0.930421 0.329787 0.928803 0.343085 0.928803 0.343085 0.923948 0.345745 0.922330 0.351064 0.922330 0.353723 0.923948 0.353723 0.932039 0.364362 0.932039 0.367021 0.933657 0.372340 0.933657 0.372340 0.925566 0.375000 0.923948 0.375000 0.920712 0.372340 0.919094 0.372340 0.914239 0.377660 0.911003 0.380319 0.911003 0.380319 0.872168 0.382979 0.870550 0.388298 0.870550 0.390957 0.872168 0.390957 0.873786 0.393617 0.875405 0.393617 0.904531 0.390957 0.906149 0.390957 0.912621 0.393617 0.912621 0.396277 0.914239 0.396277 0.920712 0.398936 0.922330 0.398936 0.932039 0.404255 0.932039 0.404255 0.914239 0.406915 0.912621 0.412234 0.912621 0.414894 0.914239 0.414894 0.933657 0.412234 0.935275 0.406915 0.935275 0.406915 0.940129 0.412234 0.940129 0.412234 0.935275 0.414894 0.933657 0.420213 0.933657 0.420213 0.932039 0.422872 0.930421 0.422872 0.927184 0.420213 0.925566 0.420213 0.915858 0.422872 0.914239 0.433511 0.914239 0.433511 0.912621 0.436170 0.911003 0.444149 0.911003 0.446809 0.912621 0.446809 0.919094 0.449468 0.920712 0.449468 0.923948 0.446809 0.925566 0.446809 0.928803 0.452128 0.928803 0.452128 0.922330 0.454787 0.920712 0.454787 0.917476 0.452128 0.915858 0.452128 0.911003 0.454787 0.909385 0.465426 0.909385 0.468085 0.911003 0.476064 0.911003 0.478723 0.912621 0.478723 0.914239 0.481383 0.915858 0.481383 0.919094 0.484043 0.919094 0.489362 0.922330 0.489362 0.928803 0.500000 0.928803 0.500000 0.922330 0.505319 0.919094 0.510638 0.919094 0.513298 0.917476 0.513298 0.914239 0.515957 0.912621 0.521277 0.912621 0.523936 0.914239 0.523936 0.922330 0.531915 0.922330 0.534574 0.920712 0.539894 0.920712 0.539894 0.912621 0.537234 0.911003 0.537234 0.907767 0.539894 0.906149 0.545213 0.906149 0.547872 0.907767 0.547872 0.909385 0.553191 0.909385 0.555851 0.911003 0.555851 0.914239 0.561170 0.914239 0.561170 0.904531 0.563830 0.902913 0.569149 0.902913 0.571809 0.904531 0.571809 0.911003 0.598404 0.911003 0.601064 0.912621 0.614362 0.912621 0.617021 0.914239 0.617021 0.915858 0.625000 0.915858 0.627660 0.914239 0.632979 0.914239 0.635638 0.915858 0.635638 0.919094 0.640957 0.919094 0.640957 0.912621 0.638298 0.911003 0.635638 0.911003 0.632979 0.909385 0.632979 0.906149 0.635638 0.904531 0.635638 0.901294 0.632979 0.901294 0.630319 0.899676 0.630319 0.894822 0.632979 0.893204 0.632979 0.888350 0.630319 0.886731 0.630319 0.880259 0.625000 0.877023 0.625000 0.873786 0.622340 0.873786 0.619681 0.872168 0.619681 0.860841 0.622340 0.859223 0.625000 0.859223 0.625000 0.854369 0.622340 0.854369 0.619681 0.852751 0.619681 0.847896 0.617021 0.846278 0.617021 0.841424 0.619681 0.839806 0.625000 0.839806 0.627660 0.841424 0.632979 0.841424 0.635638 0.839806 0.640957 0.839806 0.643617 0.841424 0.646277 0.841424 0.648936 0.843042 0.648936 0.846278 0.646277 0.847896 0.635638 0.847896 0.635638 0.859223 0.640957 0.859223 0.640957 0.851133 0.643617 0.849515 0.654255 0.849515 0.654255 0.844660 0.656915 0.843042 0.662234 0.843042 0.667553 0.839806 0.688830 0.839806 0.688830 0.834951 0.686170 0.833333 0.686170 0.826861 0.688830 0.825243 0.691489 0.825243 0.691489 0.820388 0.694149 0.818770 0.694149 0.812298 0.691489 0.810680 0.691489 0.809061 0.680851 0.809061 0.675532 0.805825 0.675532 0.802589 0.678191 0.800971 0.688830 0.800971 0.688830 0.797735 0.680851 0.797735 0.678191 0.796117 0.678191 0.794498 0.672872 0.794498 0.672872 0.796117 0.670213 0.797735 0.664894 0.797735 0.662234 0.796117 0.662234 0.792880 0.643617 0.792880 0.640957 0.791262 0.640957 0.788026 0.643617 0.786408 0.656915 0.786408 0.656915 0.781553 0.659574 0.779935 0.670213 0.779935 0.670213 0.763754 0.659574 0.763754 0.656915 0.762136 0.656915 0.760518 0.648936 0.760518 0.646277 0.758900 0.646277 0.757282 0.638298 0.757282 0.635638 0.755663 0.635638 0.754045 0.625000 0.754045 0.625000 0.757282 0.638298 0.757282 0.640957 0.758900 0.640957 0.762136 0.638298 0.763754 0.632979 0.763754 0.632979 0.771845 0.630319 0.773463 0.622340 0.773463 0.619681 0.771845 0.619681 0.768608 0.617021 0.768608 0.614362 0.766990 0.614362 0.765372 0.611702 0.763754 0.611702 0.758900 0.614362 0.757282 0.614362 0.754045 0.611702 0.752427 0.601064 0.752427 0.598404 0.754045 0.590426 0.754045 0.587766 0.752427 0.587766 0.747573 0.590426 0.745955 0.601064 0.745955 0.606383 0.742718 0.611702 0.742718 0.611702 0.724919 0.609043 0.723301 0.609043 0.703883 0.606383 0.703883 0.603723 0.702265 0.603723 0.699029 0.606383 0.697411 0.609043 0.697411 0.609043 0.695793 0.611702 0.694175 0.611702 0.687702 0.609043 0.686084 0.609043 0.681230 0.611702 0.679612 0.611702 0.663430 0.606383 0.663430 0.603723 0.661812 0.603723 0.660194 0.601064 0.658576 0.601064 0.652104 0.598404 0.652104 0.595745 0.650485 0.595745 0.639159 0.598404 0.637540 0.611702 0.637540 0.611702 0.631068 0.598404 0.631068 0.595745 0.629450 0.582447 0.629450 0.579787 0.627832 0.579787 0.621359 0.582447 0.619741 0.595745 0.619741 0.595745 0.608414 0.598404 0.606796 0.603723 0.606796 0.603723 0.603560 0.598404 0.603560 0.598404 0.606796 0.595745 0.608414 0.590426 0.608414 0.587766 0.606796 0.587766 0.601942 0.582447 0.601942 0.579787 0.600324 0.579787 0.593851 0.574468 0.593851 0.574468 0.600324 0.571809 0.601942 0.571809 0.610032 0.569149 0.611650 0.561170 0.611650 0.558511 0.610032 0.558511 0.603560 0.550532 0.603560 0.550532 0.606796 0.553191 0.606796 0.555851 0.608414 0.555851 0.614887 0.558511 0.616505 0.558511 0.624595 0.563830 0.624595 0.563830 0.616505 0.566489 0.614887 0.571809 0.614887 0.574468 0.616505 0.574468 0.629450 0.569149 0.632686 0.558511 0.632686 0.558511 0.639159 0.561170 0.639159 0.563830 0.640777 0.563830 0.648867 0.561170 0.650485 0.550532 0.650485 0.550532 0.655340 0.553191 0.656958 0.553191 0.663430 0.555851 0.665049 0.555851 0.668285 0.553191 0.669903 0.547872 0.669903 0.547872 0.673139 0.555851 0.673139 0.558511 0.674757 0.558511 0.677994 0.555851 0.679612 0.534574 0.679612 0.531915 0.677994 0.531915 0.665049 0.534574 0.663430 0.539894 0.663430 0.539894 0.660194 0.537234 0.658576 0.537234 0.648867 0.534574 0.648867 0.531915 0.647249 0.531915 0.637540 0.534574 0.635922 0.534574 0.626214 0.531915 0.624595 0.531915 0.608414 0.534574 0.606796 0.539894 0.606796 0.539894 0.600324 0.537234 0.600324 0.534574 0.598706 0.534574 0.593851 0.526596 0.593851 0.526596 0.600324 0.523936 0.601942 0.518617 0.601942 0.515957 0.600324 0.515957 0.574434 0.505319 0.574434 0.502660 0.572816 0.502660 0.569579 0.505319 0.567961 0.523936 0.567961 0.526596 0.566343 0.534574 0.566343 0.537234 0.564725 0.539894 0.564725 0.539894 0.561489 0.542553 0.559871 0.555851 0.559871 0.558511 0.561489 0.558511 0.566343 0.563830 0.566343 0.566489 0.564725 0.579787 0.564725 0.579787 0.561489 0.582447 0.559871 0.587766 0.559871 0.590426 0.561489 0.590426 0.576052 0.595745 0.576052 0.595745 0.561489 0.598404 0.559871 0.603723 0.559871 0.606383 0.561489 0.606383 0.566343 0.611702 0.566343 0.611702 0.561489 0.614362 0.559871 0.680851 0.559871 0.680851 0.558252 0.686170 0.555016 0.688830 0.555016 0.688830 0.548544 0.683511 0.548544 0.683511 0.551780 0.680851 0.553398 0.659574 0.553398 0.656915 0.551780 0.656915 0.550162 0.638298 0.550162 0.635638 0.551780 0.622340 0.551780 0.619681 0.550162 0.614362 0.550162 0.611702 0.548544 0.611702 0.545307 0.606383 0.545307 0.603723 0.546926 0.582447 0.546926 0.579787 0.545307 0.579787 0.522654 0.582447 0.521036 0.587766 0.521036 0.590426 0.522654 0.590426 0.527508 0.595745 0.527508 0.595745 0.512945 0.590426 0.512945 0.587766 0.511327 0.587766 0.506472 0.579787 0.506472 0.579787 0.514563 0.577128 0.516181 0.566489 0.516181 0.563830 0.514563 0.563830 0.506472 0.553191 0.506472 0.553191 0.514563 0.550532 0.516181 0.550532 0.527508 0.553191 0.529126 0.553191 0.530744 0.558511 0.530744 0.561170 0.532362 0.561170 0.537217 0.558511 0.538835 0.558511 0.545307 0.555851 0.546926 0.550532 0.546926 0.550532 0.551780 0.547872 0.553398 0.542553 0.553398 0.539894 0.551780 0.539894 0.535599 0.537234 0.533981 0.537234 0.527508 0.534574 0.527508 0.531915 0.525890 0.531915 0.522654 0.534574 0.521036 0.539894 0.521036 0.539894 0.506472 0.534574 0.506472 0.531915 0.504854 0.531915 0.483819 0.534574 0.482201 0.539894 0.482201 0.539894 0.478964 0.534574 0.478964 0.531915 0.477346 0.531915 0.474110 0.534574 0.472492 0.539894 0.472492 0.539894 0.443366 0.542553 0.441748 0.550532 0.441748 0.553191 0.443366 0.553191 0.457929 0.566489 0.457929 0.569149 0.459547 0.574468 0.459547 0.577128 0.457929 0.579787 0.457929 0.579787 0.456311 0.582447 0.454693 0.603723 0.454693 0.606383 0.456311 0.611702 0.456311 0.611702 0.454693 0.614362 0.453074 0.617021 0.453074 0.617021 0.449838 0.619681 0.448220 0.619681 0.438511 0.622340 0.436893 0.632979 0.436893 0.635638 0.435275 0.635638 0.427184 0.638298 0.425566 0.643617 0.425566 0.643617 0.417476 0.638298 0.417476 0.635638 0.415858 0.635638 0.412621 0.638298 0.411003 0.643617 0.411003 0.643617 0.399676 0.646277 0.398058 0.651596 0.398058 0.654255 0.399676 0.654255 0.401294 0.659574 0.401294 0.659574 0.398058 0.648936 0.398058 0.646277 0.396440 0.646277 0.388350 0.648936 0.386731 0.651596 0.386731 0.651596 0.385113 0.654255 0.383495 0.659574 0.383495 0.659574 0.370550 0.656915 0.370550 0.654255 0.368932 0.654255 0.364078 0.656915 0.362460 0.664894 0.362460 0.664894 0.360841 0.670213 0.357605 0.675532 0.357605 0.675532 0.341424 0.680851 0.338188 0.680851 0.336570 0.683511 0.334951 0.691489 0.334951 0.691489 0.331715 0.686170 0.331715 0.683511 0.330097 0.683511 0.309061 0.686170 0.307443 0.686170 0.299353 0.688830 0.297735 0.691489 0.297735 0.691489 0.292880 0.688830 0.292880 0.686170 0.291262 0.686170 0.283172 0.688830 0.281553 0.691489 0.281553 0.691489 0.278317 0.688830 0.276699 0.688830 0.268608 0.691489 0.266990 0.691489 0.245955 0.694149 0.244337 0.696809 0.244337 0.696809 0.231392 0.702128 0.228155 0.710106 0.228155 0.712766 0.229773 0.712766 0.234628 0.715426 0.234628 0.718085 0.236246 0.718085 0.239482 0.723404 0.239482 0.723404 0.236246 0.726064 0.234628 0.736702 0.234628 0.739362 0.236246 0.739362 0.241100 0.744681 0.241100 0.747340 0.242718 0.750000 0.242718 0.752660 0.244337 0.792553 0.244337 0.795213 0.245955 0.795213 0.247573 0.800532 0.247573 0.800532 0.245955 0.803191 0.244337 0.805851 0.244337 0.805851 0.241100 0.808511 0.239482 0.816489 0.239482 0.816489 0.236246 0.805851 0.236246 0.803191 0.234628 0.803191 0.228155 0.797872 0.228155 0.792553 0.224919 0.792553 0.221683 0.787234 0.221683 0.784574 0.223301 0.773936 0.223301 0.771277 0.224919 0.765957 0.224919 0.763298 0.223301 0.763298 0.211974 0.765957 0.210356 0.771277 0.210356 0.771277 0.208738 0.776596 0.205502 0.779255 0.205502 0.779255 0.199029 0.781915 0.197411 0.808511 0.197411 0.811170 0.199029 0.816489 0.199029 0.819149 0.197411 0.824468 0.197411 0.827128 0.199029 0.827128 0.202265 0.832447 0.202265 0.832447 0.197411 0.835106 0.195793 0.837766 0.195793 0.837766 0.190939 0.840426 0.189320 0.840426 0.184466 0.843085 0.182848 0.856383 0.182848 0.861702 0.186084 0.864362 0.186084 0.867021 0.187702 0.867021 0.194175 0.880319 0.194175 0.880319 0.189320 0.875000 0.189320 0.872340 0.187702 0.872340 0.182848 0.869681 0.181230 0.864362 0.181230 0.861702 0.179612 0.861702 0.176375 0.859043 0.174757 0.859043 0.171521 0.856383 0.169903 0.856383 0.152104 0.859043 0.150485 0.864362 0.150485 0.867021 0.152104 0.867021 0.158576 0.890957 0.158576 0.890957 0.156958 0.893617 0.155340 0.896277 0.155340 0.896277 0.153722 0.898936 0.152104 0.904255 0.152104 0.906915 0.153722 0.906915 0.163430 0.912234 0.163430 0.912234 0.153722 0.914894 0.152104 0.928191 0.152104 0.930851 0.150485 0.936170 0.150485 0.936170 0.147249 0.938830 0.145631 0.949468 0.145631 0.952128 0.147249 0.952128 0.155340 0.965426 0.155340 0.968085 0.156958 0.968085 0.161812 0.973404 0.161812 0.976064 0.160194 0.981383 0.160194 0.984043 0.161812 0.984043 0.166667 0.989362 0.166667 0.989362 0.132686 0.986702 0.132686 0.984043 0.131068 0.984043 0.127832 0.986702 0.126214 0.989362 0.126214 0.989362 0.122977 0.984043 0.122977 0.984043 0.126214 0.981383 0.127832 0.973404 0.127832 0.968085 0.131068 0.965426 0.131068 0.962766 0.132686 0.949468 0.132686 0.946809 0.134304 0.914894 0.134304 0.912234 0.132686 0.906915 0.132686 0.904255 0.134304 0.898936 0.134304 0.896277 0.132686 0.890957 0.132686 0.888298 0.131068 0.877660 0.131068 0.875000 0.129450 0.875000 0.121359 0.877660 0.119741 0.885638 0.119741 0.885638 0.114887 0.888298 0.113269 0.888298 0.110032 0.890957 0.108414 0.890957 0.105178 0.893617 0.103560 0.904255 0.103560 0.906915 0.105178 0.906915 0.124595 0.912234 0.124595 0.912234 0.103560 0.914894 0.101942 0.917553 0.101942 0.917553 0.090615 0.920213 0.088997 0.922872 0.088997 0.922872 0.084142 0.917553 0.084142 0.914894 0.082524 0.909574 0.082524 0.906915 0.084142 0.904255 0.084142 0.901596 0.085761 0.898936 0.085761 0.898936 0.087379 0.893617 0.090615 0.890957 0.090615 0.888298 0.092233 0.888298 0.093851 0.880319 0.098706 0.877660 0.098706 0.877660 0.100324 0.875000 0.101942 0.875000 0.103560 0.869681 0.106796 0.869681 0.110032 0.867021 0.111650 0.867021 0.113269 0.864362 0.114887 0.864362 0.118123 0.859043 0.121359 0.859043 0.124595 0.853723 0.127832 0.853723 0.129450 0.845745 0.134304 0.843085 0.134304 0.837766 0.137540 0.837766 0.142395 0.832447 0.145631 0.805851 0.145631 0.803191 0.144013 0.803191 0.142395 0.797872 0.142395 0.797872 0.144013 0.795213 0.145631 0.787234 0.145631 0.784574 0.147249 0.773936 0.147249 0.771277 0.145631 0.771277 0.140777 0.765957 0.140777 0.765957 0.148867 0.763298 0.150485 0.747340 0.150485 0.744681 0.148867 0.744681 0.145631 0.742021 0.145631 0.739362 0.144013 0.739362 0.131068 0.720745 0.131068 0.720745 0.134304 0.718085 0.135922 0.718085 0.139159 0.720745 0.140777 0.720745 0.144013 0.718085 0.145631 0.712766 0.145631 0.712766 0.148867 0.707447 0.152104 0.702128 0.152104 0.699468 0.150485 0.699468 0.145631 0.694149 0.142395 0.694149 0.131068 0.688830 0.131068 0.686170 0.129450 0.686170 0.127832 0.672872 0.127832 0.670213 0.126214 0.670213 0.121359 0.667553 0.119741 0.667553 0.116505 0.670213 0.114887 0.675532 0.114887 0.678191 0.116505 0.678191 0.119741 0.686170 0.119741 0.688830 0.121359 0.688830 0.124595 0.694149 0.124595 0.694149 0.111650 0.696809 0.110032 0.699468 0.110032 0.699468 0.106796 0.696809 0.106796 0.694149 0.105178 0.694149 0.085761 0.688830 0.085761 0.688830 0.087379 0.686170 0.088997 0.680851 0.088997 0.678191 0.087379 0.678191 0.084142 0.672872 0.084142 0.667553 0.080906 0.667553 0.077670 0.670213 0.076052 0.694149 0.076052 0.694149 0.064725 0.696809 0.063107 0.696809 0.059871 0.694149 0.058252 0.694149 0.043689 0.691489 0.043689 0.688830 0.042071 0.688830 0.038835 0.691489 0.037217 0.699468 0.037217 0.699468 0.030744 0.702128 0.029126 0.702128 0.025890 0.699468 0.024272 0.699468 0.000000 0.694149 0.000000 0.694149 0.001618 0.691489 0.003236 0.683511 0.003236 0.680851 0.001618 0.680851 0.000000
0 0.510638 0.000000 0.510638 0.001618 0.507979 0.003236 0.505319 0.003236 0.505319 0.004854 0.502660 0.006472 0.494681 0.006472 0.492021 0.004854 0.492021 0.003236 0.481383 0.003236 0.481383 0.006472 0.484043 0.008091 0.484043 0.011327 0.486702 0.011327 0.489362 0.012945 0.489362 0.016181 0.497340 0.016181 0.500000 0.017799 0.500000 0.021036 0.521277 0.021036 0.521277 0.016181 0.523936 0.014563 0.529255 0.014563 0.531915 0.016181 0.531915 0.021036 0.529255 0.022654 0.529255 0.025890 0.531915 0.027508 0.531915 0.029126 0.537234 0.029126 0.537234 0.008091 0.539894 0.006472 0.542553 0.006472 0.542553 0.000000
0 0.452128 0.000000 0.452128 0.001618 0.454787 0.003236 0.454787 0.009709 0.452128 0.011327 0.446809 0.011327 0.444149 0.009709 0.444149 0.006472 0.438830 0.006472 0.438830 0.008091 0.433511 0.011327 0.428191 0.011327 0.428191 0.014563 0.430851 0.014563 0.433511 0.016181 0.436170 0.016181 0.438830 0.017799 0.438830 0.024272 0.444149 0.024272 0.446809 0.022654 0.460106 0.022654 0.460106 0.000000