0 0.046316 0.757614 0.046316 0.761421 0.044211 0.762690 0.040000 0.762690 0.040000 0.765228 0.042105 0.766497 0.042105 0.769036 0.046316 0.769036 0.048421 0.770305 0.048421 0.772843 0.052632 0.772843 0.052632 0.771574 0.054737 0.770305 0.054737 0.766497 0.052632 0.765228 0.052632 0.757614
0 0.058947 0.684010 0.058947 0.694162 0.056842 0.695431 0.052632 0.695431 0.050526 0.694162 0.050526 0.691624 0.046316 0.691624 0.046316 0.692893 0.044211 0.694162 0.033684 0.694162 0.033684 0.701777 0.037895 0.701777 0.037895 0.700508 0.042105 0.697970 0.046316 0.697970 0.048421 0.699239 0.048421 0.700508 0.050526 0.701777 0.050526 0.710660 0.048421 0.711929 0.044211 0.711929 0.044211 0.715736 0.046316 0.717005 0.046316 0.722081 0.044211 0.723350 0.042105 0.723350 0.042105 0.728426 0.044211 0.729695 0.044211 0.730964 0.046316 0.732234 0.046316 0.736041 0.050526 0.736041 0.052632 0.737310 0.052632 0.744924 0.054737 0.746193 0.054737 0.747462 0.056842 0.747462 0.058947 0.748731 0.058947 0.755076 0.063158 0.755076 0.063158 0.752538 0.065263 0.751269 0.065263 0.746193 0.067368 0.744924 0.067368 0.741117 0.065263 0.739848 0.065263 0.737310 0.063158 0.736041 0.063158 0.684010
0 0.044211 0.630711 0.044211 0.649746 0.046316 0.651015 0.046316 0.659898 0.050526 0.659898 0.050526 0.630711
0 0.846316 0.549492 0.846316 0.553299 0.844211 0.554569 0.844211 0.557107 0.846316 0.558376 0.846316 0.562183 0.842105 0.564721 0.835789 0.564721 0.835789 0.565990 0.833684 0.567259 0.833684 0.574873 0.829474 0.577411 0.829474 0.578680 0.827368 0.579949 0.825263 0.579949 0.825263 0.582487 0.831579 0.582487 0.831579 0.581218 0.833684 0.579949 0.842105 0.579949 0.844211 0.581218 0.844211 0.583756 0.842105 0.585025 0.842105 0.586294 0.840000 0.587563 0.833684 0.587563 0.833684 0.592640 0.842105 0.592640 0.846316 0.595178 0.846316 0.598985 0.848421 0.600254 0.848421 0.630711 0.846316 0.631980 0.844211 0.631980 0.844211 0.634518 0.846316 0.635787 0.846316 0.644670 0.848421 0.645939 0.848421 0.654822 0.850526 0.654822 0.852632 0.656091 0.865263 0.656091 0.865263 0.652284 0.858947 0.652284 0.856842 0.651015 0.856842 0.649746 0.854737 0.648477 0.854737 0.642132 0.856842 0.640863 0.856842 0.626904 0.854737 0.625635 0.854737 0.611675 0.856842 0.610406 0.856842 0.596447 0.854737 0.595178 0.854737 0.587563 0.848421 0.587563 0.846316 0.586294 0.846316 0.583756 0.848421 0.582487 0.854737 0.582487 0.854737 0.554569 0.852632 0.553299 0.852632 0.549492
0 0.848421 0.455584 0.848421 0.467005 0.846316 0.468274 0.844211 0.468274 0.844211 0.486041 0.846316 0.486041 0.848421 0.487310 0.852632 0.487310 0.852632 0.455584
0 0.065263 0.427665 0.065263 0.436548 0.063158 0.437817 0.056842 0.437817 0.056842 0.440355 0.054737 0.441624 0.052632 0.441624 0.050526 0.442893 0.050526 0.445431 0.054737 0.445431 0.056842 0.446701 0.063158 0.446701 0.065263 0.447970 0.065263 0.455584 0.063158 0.456853 0.052632 0.456853 0.050526 0.458122 0.035789 0.458122 0.031579 0.455584 0.031579 0.444162 0.027368 0.444162 0.027368 0.445431 0.025263 0.446701 0.021053 0.446701 0.018947 0.445431 0.018947 0.444162 0.014737 0.444162 0.014737 0.445431 0.012632 0.446701 0.004211 0.446701 0.004211 0.451777 0.008421 0.451777 0.010526 0.450508 0.014737 0.450508 0.016842 0.451777 0.016842 0.459391 0.014737 0.460660 0.010526 0.460660 0.008421 0.459391 0.008421 0.456853 0.004211 0.456853 0.004211 0.467005 0.008421 0.467005 0.008421 0.464467 0.010526 0.463198 0.025263 0.463198 0.027368 0.464467 0.027368 0.465736 0.029474 0.467005 0.029474 0.475888 0.033684 0.475888 0.033684 0.465736 0.035789 0.464467 0.050526 0.464467 0.052632 0.465736 0.063158 0.465736 0.065263 0.467005 0.065263 0.480964 0.071579 0.480964 0.071579 0.468274 0.073684 0.467005 0.082105 0.467005 0.082105 0.455584 0.080000 0.454315 0.080000 0.446701 0.082105 0.445431 0.086316 0.445431 0.090526 0.447970 0.090526 0.487310 0.094737 0.487310 0.094737 0.472081 0.096842 0.470812 0.096842 0.468274 0.094737 0.467005 0.094737 0.447970 0.096842 0.446701 0.098947 0.446701 0.098947 0.440355 0.096842 0.440355 0.094737 0.439086 0.094737 0.435279 0.090526 0.435279 0.090526 0.437817 0.088421 0.439086 0.084211 0.439086 0.082105 0.437817 0.073684 0.437817 0.069474 0.435279 0.069474 0.427665
0 0.075789 0.392132 0.075789 0.403553 0.077895 0.404822 0.077895 0.408629 0.082105 0.408629 0.082105 0.404822 0.084211 0.403553 0.088421 0.403553 0.090526 0.404822 0.090526 0.411168 0.094737 0.411168 0.096842 0.409898 0.098947 0.409898 0.098947 0.407360 0.094737 0.407360 0.092632 0.406091 0.092632 0.392132
0 0.842105 0.385787 0.842105 0.387056 0.840000 0.388325 0.840000 0.392132 0.842105 0.393401 0.842105 0.431472 0.846316 0.431472 0.848421 0.432741 0.848421 0.436548 0.846316 0.437817 0.842105 0.437817 0.842105 0.446701 0.850526 0.446701 0.850526 0.439086 0.852632 0.437817 0.852632 0.434010 0.850526 0.432741 0.850526 0.385787
0 0.012632 0.385787 0.012632 0.387056 0.010526 0.388325 0.010526 0.390863 0.008421 0.392132 0.000000 0.392132 0.000000 0.397208 0.012632 0.397208 0.014737 0.398477 0.014737 0.402284 0.012632 0.403553 0.000000 0.403553 0.000000 0.406091 0.012632 0.406091 0.014737 0.407360 0.014737 0.426396 0.021053 0.426396 0.021053 0.416244 0.018947 0.414975 0.018947 0.385787
0 0.993684 0.253807 0.993684 0.255076 0.991579 0.256345 0.991579 0.258883 0.993684 0.260152 0.993684 0.262690 0.991579 0.263959 0.989474 0.263959 0.989474 0.274112 0.991579 0.275381 0.991579 0.279188 0.997895 0.279188 0.997895 0.253807
0 0.000000 0.000000 0.000000 0.139594 0.002105 0.139594 0.004211 0.140863 0.004211 0.145939 0.002105 0.147208 0.000000 0.147208 0.000000 0.369289 0.012632 0.369289 0.014737 0.370558 0.014737 0.379442 0.025263 0.379442 0.027368 0.380711 0.027368 0.397208 0.029474 0.398477 0.029474 0.399746 0.037895 0.399746 0.040000 0.401015 0.040000 0.425127 0.050526 0.425127 0.052632 0.426396 0.052632 0.432741 0.056842 0.432741 0.056842 0.418782 0.058947 0.417513 0.067368 0.417513 0.067368 0.403553 0.061053 0.403553 0.058947 0.402284 0.058947 0.399746 0.056842 0.398477 0.056842 0.374365 0.058947 0.373096 0.067368 0.373096 0.067368 0.369289 0.058947 0.369289 0.054737 0.366751 0.054737 0.352792 0.056842 0.351523 0.061053 0.351523 0.063158 0.352792 0.067368 0.352792 0.067368 0.345178 0.069474 0.343909 0.073684 0.343909 0.075789 0.345178 0.075789 0.362944 0.080000 0.362944 0.080000 0.355330 0.082105 0.354061 0.086316 0.354061 0.088421 0.355330 0.088421 0.360406 0.090526 0.360406 0.092632 0.361675 0.092632 0.364213 0.090526 0.365482 0.088421 0.365482 0.088421 0.368020 0.086316 0.369289 0.077895 0.369289 0.077895 0.370558 0.075789 0.371827 0.075789 0.381980 0.080000 0.381980 0.080000 0.380711 0.082105 0.379442 0.086316 0.379442 0.088421 0.380711 0.088421 0.383249 0.092632 0.383249 0.092632 0.373096 0.094737 0.371827 0.103158 0.371827 0.105263 0.373096 0.105263 0.375635 0.107368 0.376904 0.107368 0.380711 0.111579 0.380711 0.113684 0.381980 0.113684 0.384518 0.111579 0.385787 0.111579 0.390863 0.109474 0.392132 0.107368 0.392132 0.107368 0.417513 0.109474 0.418782 0.109474 0.420051 0.111579 0.420051 0.113684 0.421320 0.113684 0.436548 0.111579 0.437817 0.109474 0.437817 0.109474 0.449239 0.111579 0.449239 0.113684 0.450508 0.113684 0.455584 0.111579 0.456853 0.109474 0.456853 0.109474 0.464467 0.113684 0.464467 0.115789 0.465736 0.115789 0.507614 0.113684 0.508883 0.096842 0.508883 0.094737 0.507614 0.094737 0.506345 0.090526 0.506345 0.090526 0.507614 0.088421 0.508883 0.084211 0.508883 0.082105 0.507614 0.077895 0.507614 0.075789 0.508883 0.061053 0.508883 0.058947 0.507614 0.054737 0.507614 0.054737 0.508883 0.052632 0.510152 0.048421 0.510152 0.046316 0.508883 0.035789 0.508883 0.033684 0.507614 0.033684 0.498731 0.029474 0.498731 0.029474 0.507614 0.027368 0.508883 0.023158 0.508883 0.021053 0.507614 0.021053 0.505076 0.016842 0.505076 0.016842 0.507614 0.014737 0.508883 0.004211 0.508883 0.002105 0.510152 0.000000 0.510152 0.000000 0.520305 0.004211 0.520305 0.006316 0.521574 0.010526 0.521574 0.012632 0.520305 0.016842 0.520305 0.018947 0.521574 0.018947 0.526650 0.016842 0.527919 0.016842 0.531726 0.023158 0.531726 0.023158 0.524112 0.025263 0.522843 0.033684 0.522843 0.035789 0.521574 0.040000 0.521574 0.042105 0.522843 0.042105 0.529188 0.046316 0.529188 0.046316 0.521574 0.048421 0.520305 0.052632 0.520305 0.054737 0.521574 0.054737 0.526650 0.058947 0.526650 0.058947 0.521574 0.061053 0.520305 0.065263 0.520305 0.067368 0.521574 0.067368 0.557107 0.065263 0.558376 0.050526 0.558376 0.048421 0.557107 0.048421 0.539340 0.042105 0.539340 0.042105 0.578680 0.040000 0.579949 0.031579 0.579949 0.031579 0.581218 0.029474 0.582487 0.025263 0.582487 0.023158 0.581218 0.023158 0.568528 0.025263 0.567259 0.033684 0.567259 0.033684 0.554569 0.029474 0.554569 0.029474 0.557107 0.027368 0.558376 0.018947 0.558376 0.018947 0.573604 0.016842 0.574873 0.008421 0.574873 0.008421 0.577411 0.016842 0.577411 0.018947 0.578680 0.018947 0.586294 0.016842 0.587563 0.010526 0.587563 0.008421 0.586294 0.008421 0.585025 0.004211 0.585025 0.004211 0.586294 0.002105 0.587563 0.000000 0.587563 0.000000 0.597716 0.004211 0.597716 0.006316 0.598985 0.006316 0.614213 0.018947 0.614213 0.021053 0.615482 0.021053 0.620558 0.025263 0.620558 0.027368 0.619289 0.035789 0.619289 0.035789 0.607868 0.037895 0.606599 0.042105 0.606599 0.044211 0.607868 0.044211 0.621827 0.054737 0.621827 0.056842 0.623096 0.056842 0.629442 0.065263 0.629442 0.067368 0.630711 0.067368 0.634518 0.069474 0.635787 0.069474 0.639594 0.067368 0.640863 0.067368 0.643401 0.069474 0.644670 0.069474 0.667513 0.067368 0.668782 0.061053 0.668782 0.058947 0.667513 0.058947 0.663706 0.054737 0.663706 0.054737 0.672589 0.056842 0.673858 0.061053 0.673858 0.061053 0.672589 0.063158 0.671320 0.067368 0.671320 0.069474 0.672589 0.069474 0.677665 0.071579 0.678934 0.071579 0.680203 0.075789 0.680203 0.075789 0.672589 0.077895 0.671320 0.092632 0.671320 0.094737 0.672589 0.094737 0.673858 0.098947 0.673858 0.101053 0.672589 0.101053 0.671320 0.103158 0.670051 0.103158 0.662437 0.105263 0.661168 0.105263 0.653553 0.103158 0.653553 0.098947 0.651015 0.098947 0.620558 0.101053 0.619289 0.105263 0.619289 0.105263 0.610406 0.101053 0.610406 0.098947 0.609137 0.098947 0.606599 0.101053 0.605330 0.105263 0.605330 0.105263 0.600254 0.103158 0.598985 0.103158 0.590102 0.098947 0.590102 0.096842 0.591371 0.092632 0.591371 0.090526 0.590102 0.090526 0.587563 0.088421 0.587563 0.086316 0.586294 0.086316 0.577411 0.075789 0.577411 0.073684 0.576142 0.073684 0.568528 0.075789 0.567259 0.084211 0.567259 0.084211 0.565990 0.086316 0.564721 0.086316 0.553299 0.084211 0.552030 0.084211 0.522843 0.086316 0.521574 0.098947 0.521574 0.101053 0.520305 0.113684 0.520305 0.115789 0.521574 0.115789 0.541878 0.113684 0.543147 0.111579 0.543147 0.111579 0.545685 0.113684 0.545685 0.115789 0.546954 0.115789 0.548223 0.117895 0.549492 0.117895 0.564721 0.122105 0.564721 0.122105 0.559645 0.124211 0.558376 0.128421 0.558376 0.130526 0.559645 0.130526 0.562183 0.138947 0.562183 0.141053 0.563452 0.141053 0.565990 0.143158 0.567259 0.143158 0.578680 0.141053 0.579949 0.136842 0.579949 0.134737 0.578680 0.134737 0.574873 0.130526 0.574873 0.130526 0.585025 0.128421 0.586294 0.124211 0.586294 0.122105 0.585025 0.122105 0.574873 0.117895 0.574873 0.117895 0.587563 0.115789 0.588832 0.113684 0.588832 0.113684 0.596447 0.115789 0.596447 0.117895 0.597716 0.117895 0.619289 0.120000 0.620558 0.120000 0.624365 0.117895 0.625635 0.117895 0.634518 0.120000 0.635787 0.120000 0.651015 0.117895 0.652284 0.117895 0.661168 0.115789 0.662437 0.113684 0.662437 0.113684 0.671320 0.115789 0.671320 0.117895 0.672589 0.117895 0.676396 0.115789 0.677665 0.113684 0.677665 0.113684 0.699239 0.111579 0.700508 0.103158 0.700508 0.101053 0.699239 0.096842 0.699239 0.096842 0.710660 0.101053 0.710660 0.101053 0.708122 0.103158 0.706853 0.107368 0.706853 0.107368 0.704315 0.109474 0.703046 0.113684 0.703046 0.115789 0.704315 0.115789 0.710660 0.113684 0.711929 0.113684 0.724619 0.111579 0.725888 0.103158 0.725888 0.101053 0.724619 0.096842 0.724619 0.094737 0.725888 0.090526 0.725888 0.090526 0.728426 0.088421 0.729695 0.086316 0.729695 0.086316 0.732234 0.090526 0.732234 0.092632 0.733503 0.092632 0.737310 0.094737 0.738579 0.094737 0.742386 0.096842 0.743655 0.096842 0.747462 0.098947 0.748731 0.098947 0.761421 0.111579 0.761421 0.113684 0.762690 0.113684 0.774112 0.115789 0.775381 0.115789 0.782995 0.113684 0.784264 0.113684 0.802030 0.111579 0.803299 0.080000 0.803299 0.077895 0.802030 0.077895 0.799492 0.058947 0.799492 0.054737 0.796954 0.054737 0.795685 0.052632 0.794416 0.052632 0.781726 0.046316 0.781726 0.046316 0.788071 0.048421 0.789340 0.048421 0.793147 0.046316 0.794416 0.042105 0.794416 0.040000 0.793147 0.035789 0.793147 0.035789 0.796954 0.033684 0.798223 0.029474 0.798223 0.027368 0.796954 0.012632 0.796954 0.008421 0.799492 0.004211 0.799492 0.002105 0.798223 0.002105 0.776650 0.000000 0.776650 0.000000 0.802030 0.008421 0.802030 0.012632 0.804569 0.012632 0.809645 0.018947 0.809645 0.021053 0.810914 0.021053 0.817259 0.023158 0.818528 0.023158 0.819797 0.025263 0.821066 0.046316 0.821066 0.048421 0.822335 0.048421 0.829949 0.052632 0.829949 0.052632 0.821066 0.054737 0.819797 0.058947 0.819797 0.061053 0.821066 0.071579 0.821066 0.073684 0.822335 0.073684 0.827411 0.077895 0.827411 0.077895 0.826142 0.080000 0.824873 0.084211 0.824873 0.086316 0.826142 0.086316 0.828680 0.096842 0.828680 0.098947 0.829949 0.098947 0.836294 0.103158 0.836294 0.103158 0.831218 0.105263 0.829949 0.109474 0.829949 0.109474 0.824873 0.107368 0.823604 0.107368 0.810914 0.109474 0.809645 0.113684 0.809645 0.115789 0.810914 0.115789 0.812183 0.117895 0.813452 0.117895 0.829949 0.115789 0.831218 0.115789 0.833756 0.120000 0.833756 0.122105 0.835025 0.122105 0.842640 0.124211 0.843909 0.124211 0.856599 0.130526 0.856599 0.132632 0.857868 0.132632 0.859137 0.134737 0.860406 0.134737 0.864213 0.136842 0.865482 0.136842 0.885787 0.134737 0.887056 0.130526 0.887056 0.128421 0.885787 0.128421 0.884518 0.124211 0.884518 0.124211 0.885787 0.122105 0.887056 0.122105 0.890863 0.124211 0.892132 0.124211 0.895939 0.128421 0.895939 0.128421 0.890863 0.130526 0.889594 0.136842 0.889594 0.138947 0.890863 0.138947 0.897208 0.147368 0.897208 0.149474 0.898477 0.153684 0.898477 0.153684 0.895939 0.155789 0.894670 0.160000 0.894670 0.162105 0.895939 0.162105 0.909898 0.164211 0.911168 0.164211 0.913706 0.162105 0.914975 0.162105 0.917513 0.185263 0.917513 0.187368 0.918782 0.187368 0.921320 0.185263 0.922589 0.164211 0.922589 0.164211 0.931472 0.172632 0.931472 0.174737 0.932741 0.174737 0.934010 0.178947 0.934010 0.178947 0.932741 0.181053 0.931472 0.187368 0.931472 0.189474 0.932741 0.204211 0.932741 0.206316 0.931472 0.210526 0.931472 0.212632 0.932741 0.212632 0.954315 0.216842 0.954315 0.216842 0.934010 0.218947 0.932741 0.223158 0.932741 0.225263 0.934010 0.225263 0.954315 0.231579 0.954315 0.231579 0.951777 0.229474 0.950508 0.229474 0.941624 0.231579 0.940355 0.231579 0.935279 0.233684 0.934010 0.240000 0.934010 0.242105 0.935279 0.242105 0.945431 0.248421 0.945431 0.250526 0.946701 0.250526 0.964467 0.248421 0.965736 0.248421 0.968274 0.250526 0.969543 0.250526 0.970812 0.254737 0.970812 0.254737 0.965736 0.256842 0.964467 0.261053 0.964467 0.263158 0.965736 0.263158 0.975888 0.267368 0.975888 0.267368 0.969543 0.269474 0.968274 0.273684 0.968274 0.275789 0.969543 0.275789 0.978426 0.280000 0.978426 0.280000 0.970812 0.282105 0.969543 0.286316 0.969543 0.288421 0.970812 0.288421 0.974619 0.292632 0.974619 0.294737 0.975888 0.296842 0.975888 0.298947 0.977157 0.298947 0.983503 0.301053 0.984772 0.301053 0.998731 0.360000 0.998731 0.360000 0.986041 0.362105 0.984772 0.366316 0.984772 0.368421 0.986041 0.368421 0.998731 0.608421 0.998731 0.608421 0.989848 0.610526 0.988579 0.621053 0.988579 0.623158 0.989848 0.623158 0.993655 0.621053 0.994924 0.621053 0.998731 0.629474 0.998731 0.629474 0.996193 0.627368 0.994924 0.627368 0.989848 0.629474 0.988579 0.640000 0.988579 0.640000 0.983503 0.642105 0.982234 0.646316 0.982234 0.648421 0.983503 0.648421 0.988579 0.652632 0.988579 0.652632 0.982234 0.654737 0.980964 0.658947 0.980964 0.661053 0.982234 0.669474 0.982234 0.671579 0.983503 0.675789 0.983503 0.675789 0.975888 0.677895 0.974619 0.682105 0.974619 0.684211 0.975888 0.684211 0.980964 0.688421 0.980964 0.688421 0.977157 0.686316 0.975888 0.686316 0.973350 0.688421 0.972081 0.688421 0.968274 0.690526 0.967005 0.694737 0.967005 0.696842 0.968274 0.701053 0.968274 0.701053 0.967005 0.703158 0.965736 0.726316 0.965736 0.728421 0.964467 0.728421 0.961929 0.730526 0.960660 0.730526 0.955584 0.732632 0.954315 0.736842 0.954315 0.738947 0.955584 0.738947 0.958122 0.749474 0.958122 0.749474 0.951777 0.751579 0.950508 0.755789 0.950508 0.757895 0.951777 0.757895 0.954315 0.762105 0.954315 0.762105 0.947970 0.764211 0.946701 0.764211 0.945431 0.766316 0.944162 0.772632 0.944162 0.774737 0.942893 0.774737 0.941624 0.778947 0.939086 0.785263 0.939086 0.785263 0.937817 0.787368 0.936548 0.797895 0.936548 0.797895 0.935279 0.800000 0.934010 0.800000 0.932741 0.802105 0.931472 0.812632 0.931472 0.812632 0.926396 0.814737 0.925127 0.823158 0.925127 0.823158 0.923858 0.825263 0.922589 0.825263 0.921320 0.827368 0.920051 0.835789 0.920051 0.835789 0.916244 0.840000 0.913706 0.846316 0.913706 0.848421 0.912437 0.856842 0.912437 0.858947 0.913706 0.858947 0.923858 0.856842 0.925127 0.854737 0.925127 0.854737 0.934010 0.858947 0.934010 0.861053 0.935279 0.861053 0.964467 0.858947 0.965736 0.856842 0.965736 0.856842 0.998731 0.865263 0.998731 0.865263 0.908629 0.867368 0.907360 0.871579 0.907360 0.871579 0.906091 0.877895 0.902284 0.884211 0.902284 0.884211 0.899746 0.886316 0.898477 0.888421 0.898477 0.890526 0.897208 0.892632 0.897208 0.894737 0.895939 0.894737 0.894670 0.901053 0.890863 0.901053 0.887056 0.890526 0.887056 0.888421 0.888325 0.882105 0.888325 0.877895 0.890863 0.875789 0.890863 0.873684 0.892132 0.867368 0.892132 0.865263 0.890863 0.865263 0.884518 0.863158 0.883249 0.863158 0.868020 0.861053 0.866751 0.861053 0.860406 0.863158 0.859137 0.863158 0.845178 0.865263 0.843909 0.865263 0.841371 0.867368 0.840102 0.867368 0.836294 0.869474 0.835025 0.869474 0.833756 0.871579 0.832487 0.894737 0.832487 0.894737 0.831218 0.896842 0.829949 0.901053 0.829949 0.903158 0.831218 0.911579 0.831218 0.913684 0.832487 0.920000 0.832487 0.920000 0.828680 0.922105 0.827411 0.926316 0.827411 0.928421 0.828680 0.928421 0.831218 0.932632 0.831218 0.932632 0.829949 0.934737 0.828680 0.934737 0.827411 0.936842 0.826142 0.945263 0.826142 0.945263 0.823604 0.943158 0.822335 0.943158 0.821066 0.941053 0.821066 0.938947 0.819797 0.938947 0.817259 0.928421 0.817259 0.928421 0.819797 0.926316 0.821066 0.922105 0.821066 0.920000 0.819797 0.920000 0.815990 0.907368 0.815990 0.905263 0.814721 0.905263 0.810914 0.907368 0.809645 0.909474 0.809645 0.911579 0.808376 0.911579 0.807107 0.915789 0.804569 0.920000 0.804569 0.920000 0.803299 0.924211 0.800761 0.930526 0.800761 0.930526 0.798223 0.936842 0.794416 0.943158 0.794416 0.943158 0.791878 0.949474 0.788071 0.955789 0.788071 0.955789 0.786802 0.957895 0.785533 0.957895 0.784264 0.960000 0.782995 0.960000 0.779188 0.957895 0.777919 0.953684 0.777919 0.951579 0.779188 0.949474 0.779188 0.947368 0.780457 0.945263 0.780457 0.943158 0.781726 0.941053 0.781726 0.934737 0.785533 0.932632 0.785533 0.930526 0.786802 0.928421 0.786802 0.920000 0.791878 0.915789 0.791878 0.915789 0.794416 0.913684 0.795685 0.905263 0.795685 0.898947 0.799492 0.894737 0.799492 0.892632 0.800761 0.890526 0.800761 0.886316 0.803299 0.880000 0.803299 0.875789 0.805838 0.871579 0.805838 0.869474 0.804569 0.869474 0.780457 0.871579 0.779188 0.871579 0.774112 0.869474 0.772843 0.861053 0.772843 0.858947 0.771574 0.858947 0.717005 0.856842 0.715736 0.856842 0.714467 0.850526 0.714467 0.850526 0.723350 0.848421 0.724619 0.848421 0.727157 0.850526 0.728426 0.852632 0.728426 0.854737 0.729695 0.854737 0.734772 0.852632 0.736041 0.850526 0.736041 0.850526 0.737310 0.848421 0.738579 0.848421 0.743655 0.846316 0.744924 0.840000 0.744924 0.840000 0.746193 0.837895 0.747462 0.833684 0.747462 0.831579 0.746193 0.831579 0.744924 0.829474 0.743655 0.829474 0.741117 0.831579 0.739848 0.831579 0.738579 0.833684 0.737310 0.833684 0.730964 0.825263 0.730964 0.821053 0.733503 0.821053 0.738579 0.818947 0.739848 0.812632 0.739848 0.806316 0.743655 0.804211 0.743655 0.802105 0.744924 0.797895 0.744924 0.795789 0.743655 0.795789 0.742386 0.791579 0.742386 0.789474 0.741117 0.789474 0.733503 0.791579 0.732234 0.795789 0.732234 0.795789 0.725888 0.797895 0.724619 0.797895 0.723350 0.800000 0.722081 0.806316 0.722081 0.806316 0.703046 0.808421 0.701777 0.808421 0.687817 0.806316 0.686548 0.806316 0.663706 0.800000 0.663706 0.797895 0.662437 0.797895 0.654822 0.795789 0.653553 0.795789 0.652284 0.789474 0.652284 0.783158 0.656091 0.781053 0.656091 0.778947 0.657360 0.772632 0.657360 0.770526 0.658629 0.768421 0.658629 0.766316 0.659898 0.757895 0.659898 0.755789 0.658629 0.755789 0.649746 0.749474 0.649746 0.747368 0.648477 0.747368 0.642132 0.751579 0.639594 0.755789 0.639594 0.755789 0.626904 0.753684 0.625635 0.753684 0.619289 0.755789 0.618020 0.755789 0.614213 0.757895 0.612944 0.757895 0.611675 0.762105 0.609137 0.764211 0.609137 0.764211 0.600254 0.766316 0.598985 0.766316 0.596447 0.764211 0.595178 0.764211 0.592640 0.766316 0.591371 0.766316 0.583756 0.770526 0.581218 0.770526 0.578680 0.768421 0.577411 0.764211 0.577411 0.762105 0.578680 0.762105 0.581218 0.760000 0.582487 0.755789 0.582487 0.753684 0.581218 0.753684 0.574873 0.743158 0.574873 0.741053 0.573604 0.741053 0.572335 0.738947 0.571066 0.738947 0.563452 0.741053 0.562183 0.745263 0.562183 0.749474 0.564721 0.749474 0.568528 0.753684 0.568528 0.753684 0.564721 0.755789 0.563452 0.766316 0.563452 0.768421 0.562183 0.776842 0.562183 0.776842 0.555838 0.778947 0.554569 0.783158 0.554569 0.785263 0.555838 0.785263 0.562183 0.789474 0.562183 0.789474 0.541878 0.785263 0.541878 0.785263 0.550761 0.783158 0.552030 0.778947 0.552030 0.776842 0.550761 0.776842 0.543147 0.768421 0.543147 0.766316 0.541878 0.766316 0.534264 0.764211 0.532995 0.764211 0.517766 0.766316 0.516497 0.774737 0.516497 0.776842 0.515228 0.781053 0.515228 0.783158 0.516497 0.783158 0.517766 0.789474 0.517766 0.789474 0.516497 0.791579 0.515228 0.812632 0.515228 0.814737 0.513959 0.831579 0.513959 0.833684 0.515228 0.833684 0.529188 0.835789 0.529188 0.837895 0.530457 0.837895 0.532995 0.840000 0.532995 0.842105 0.534264 0.842105 0.535533 0.846316 0.535533 0.846316 0.519036 0.848421 0.517766 0.852632 0.517766 0.852632 0.515228 0.856842 0.512690 0.858947 0.512690 0.861053 0.511421 0.867368 0.511421 0.869474 0.512690 0.875789 0.512690 0.877895 0.511421 0.892632 0.511421 0.894737 0.512690 0.898947 0.512690 0.901053 0.511421 0.997895 0.511421 0.997895 0.505076 0.989474 0.505076 0.987368 0.503807 0.981053 0.503807 0.981053 0.505076 0.978947 0.506345 0.970526 0.506345 0.968421 0.505076 0.964211 0.505076 0.962105 0.506345 0.938947 0.506345 0.936842 0.505076 0.932632 0.505076 0.930526 0.506345 0.920000 0.506345 0.917895 0.507614 0.901053 0.507614 0.898947 0.506345 0.869474 0.506345 0.867368 0.507614 0.856842 0.507614 0.852632 0.505076 0.852632 0.501269 0.848421 0.501269 0.846316 0.500000 0.842105 0.500000 0.842105 0.503807 0.840000 0.505076 0.802105 0.505076 0.800000 0.506345 0.791579 0.506345 0.789474 0.505076 0.789474 0.498731 0.778947 0.498731 0.776842 0.497462 0.776842 0.496193 0.772632 0.496193 0.772632 0.498731 0.781053 0.498731 0.783158 0.500000 0.783158 0.502538 0.781053 0.503807 0.766316 0.503807 0.764211 0.502538 0.764211 0.493655 0.766316 0.492386 0.768421 0.492386 0.770526 0.491117 0.772632 0.491117 0.772632 0.488579 0.766316 0.488579 0.764211 0.487310 0.764211 0.479695 0.766316 0.478426 0.766316 0.473350 0.768421 0.472081 0.768421 0.461929 0.770526 0.460660 0.774737 0.460660 0.774737 0.456853 0.768421 0.456853 0.766316 0.455584 0.766316 0.454315 0.764211 0.453046 0.764211 0.440355 0.762105 0.439086 0.762105 0.412437 0.764211 0.411168 0.764211 0.408629 0.762105 0.407360 0.757895 0.407360 0.757895 0.435279 0.755789 0.436548 0.751579 0.436548 0.749474 0.435279 0.749474 0.394670 0.747368 0.393401 0.738947 0.393401 0.736842 0.392132 0.736842 0.385787 0.734737 0.384518 0.734737 0.369289 0.736842 0.368020 0.753684 0.368020 0.755789 0.369289 0.760000 0.369289 0.760000 0.365482 0.751579 0.365482 0.749474 0.364213 0.749474 0.361675 0.747368 0.360406 0.747368 0.357868 0.745263 0.356599 0.745263 0.354061 0.747368 0.352792 0.747368 0.348985 0.751579 0.346447 0.766316 0.346447 0.768421 0.347716 0.768421 0.355330 0.772632 0.355330 0.772632 0.354061 0.774737 0.352792 0.785263 0.352792 0.785263 0.347716 0.789474 0.345178 0.795789 0.345178 0.795789 0.338832 0.789474 0.338832 0.785263 0.336294 0.785263 0.324873 0.787368 0.323604 0.795789 0.323604 0.795789 0.321066 0.787368 0.321066 0.785263 0.319797 0.785263 0.293147 0.787368 0.291878 0.795789 0.291878 0.797895 0.290609 0.802105 0.290609 0.804211 0.291878 0.804211 0.293147 0.806316 0.294416 0.806316 0.298223 0.810526 0.298223 0.810526 0.291878 0.812632 0.290609 0.821053 0.290609 0.821053 0.288071 0.818947 0.288071 0.816842 0.286802 0.816842 0.285533 0.814737 0.284264 0.814737 0.282995 0.810526 0.282995 0.808421 0.281726 0.808421 0.253807 0.810526 0.252538 0.812632 0.252538 0.812632 0.251269 0.816842 0.248731 0.818947 0.248731 0.818947 0.247462 0.821053 0.246193 0.825263 0.246193 0.827368 0.247462 0.827368 0.252538 0.831579 0.252538 0.835789 0.255076 0.835789 0.258883 0.833684 0.260152 0.833684 0.263959 0.831579 0.265228 0.831579 0.277919 0.833684 0.279188 0.833684 0.284264 0.835789 0.285533 0.835789 0.286802 0.842105 0.286802 0.844211 0.288071 0.844211 0.290609 0.842105 0.291878 0.837895 0.291878 0.837895 0.304569 0.835789 0.305838 0.829474 0.305838 0.829474 0.307107 0.827368 0.308376 0.818947 0.308376 0.818947 0.329949 0.827368 0.329949 0.829474 0.331218 0.829474 0.336294 0.827368 0.337563 0.818947 0.337563 0.818947 0.341371 0.827368 0.341371 0.829474 0.342640 0.829474 0.343909 0.835789 0.343909 0.837895 0.345178 0.837895 0.360406 0.844211 0.360406 0.846316 0.361675 0.846316 0.365482 0.844211 0.366751 0.840000 0.366751 0.840000 0.371827 0.844211 0.371827 0.844211 0.366751 0.846316 0.365482 0.850526 0.365482 0.850526 0.357868 0.848421 0.356599 0.848421 0.345178 0.850526 0.343909 0.850526 0.340102 0.848421 0.338832 0.848421 0.326142 0.850526 0.324873 0.850526 0.308376 0.848421 0.307107 0.848421 0.288071 0.850526 0.286802 0.852632 0.286802 0.852632 0.284264 0.850526 0.284264 0.848421 0.282995 0.848421 0.256345 0.846316 0.255076 0.846316 0.242386 0.848421 0.241117 0.854737 0.241117 0.854737 0.238579 0.848421 0.238579 0.846316 0.237310 0.846316 0.218274 0.848421 0.217005 0.856842 0.217005 0.856842 0.211929 0.852632 0.211929 0.852632 0.213198 0.850526 0.214467 0.835789 0.214467 0.835789 0.220812 0.833684 0.222081 0.833684 0.225888 0.835789 0.227157 0.835789 0.243655 0.833684 0.244924 0.823158 0.244924 0.821053 0.243655 0.821053 0.206853 0.818947 0.205584 0.818947 0.166244 0.821053 0.164975 0.825263 0.164975 0.827368 0.166244 0.827368 0.175127 0.835789 0.175127 0.835789 0.162437 0.833684 0.161168 0.833684 0.159898 0.831579 0.158629 0.831579 0.157360 0.829474 0.156091 0.829474 0.152284 0.825263 0.152284 0.823158 0.151015 0.821053 0.151015 0.818947 0.149746 0.814737 0.149746 0.814737 0.185279 0.812632 0.186548 0.808421 0.186548 0.806316 0.185279 0.806316 0.176396 0.804211 0.175127 0.804211 0.163706 0.806316 0.162437 0.806316 0.154822 0.804211 0.153553 0.804211 0.149746 0.806316 0.148477 0.806316 0.138325 0.810526 0.135787 0.810526 0.133249 0.808421 0.133249 0.806316 0.131980 0.806316 0.130711 0.800000 0.130711 0.797895 0.129442 0.797895 0.125635 0.800000 0.124365 0.804211 0.124365 0.804211 0.118020 0.806316 0.116751 0.806316 0.114213 0.804211 0.112944 0.804211 0.106599 0.806316 0.105330 0.810526 0.105330 0.812632 0.106599 0.812632 0.111675 0.816842 0.111675 0.816842 0.079949 0.808421 0.079949 0.804211 0.077411 0.804211 0.069797 0.806316 0.068528 0.814737 0.068528 0.816842 0.067259 0.821053 0.067259 0.823158 0.068528 0.823158 0.073604 0.829474 0.073604 0.829474 0.057107 0.827368 0.055838 0.827368 0.052030 0.818947 0.052030 0.816842 0.050761 0.816842 0.045685 0.818947 0.044416 0.827368 0.044416 0.827368 0.041878 0.818947 0.041878 0.816842 0.040609 0.816842 0.038071 0.818947 0.036802 0.827368 0.036802 0.827368 0.030457 0.829474 0.029188 0.829474 0.022843 0.831579 0.021574 0.833684 0.021574 0.833684 0.019036 0.831579 0.019036 0.829474 0.017766 0.829474 0.005076 0.827368 0.003807 0.818947 0.003807 0.816842 0.002538 0.816842 0.000000 0.101053 0.000000 0.101053 0.003807 0.098947 0.005076 0.098947 0.008883 0.101053 0.010152 0.101053 0.081218 0.098947 0.082487 0.094737 0.082487 0.092632 0.081218 0.092632 0.050761 0.090526 0.049492 0.090526 0.000000