0 0.772575 0.738382 0.772575 0.759036 0.779264 0.759036 0.779264 0.752151 0.782609 0.750430 0.795987 0.750430 0.799331 0.748709 0.799331 0.745267 0.795987 0.743546 0.795987 0.740103 0.782609 0.740103 0.779264 0.738382
0 0.866221 0.695353 0.866221 0.702238 0.862876 0.703959 0.849498 0.703959 0.849498 0.719449 0.856187 0.719449 0.856187 0.709122 0.859532 0.707401 0.876254 0.707401 0.876254 0.705680 0.879599 0.703959 0.906355 0.703959 0.906355 0.697074 0.876254 0.697074 0.872910 0.695353
0 0.826087 0.674699 0.822742 0.676420 0.822742 0.678141 0.819398 0.679862 0.816054 0.679862 0.816054 0.683305 0.826087 0.683305 0.829431 0.685026 0.829431 0.693632 0.826087 0.695353 0.826087 0.703959 0.829431 0.705680 0.829431 0.709122 0.836120 0.709122 0.836120 0.691910 0.839465 0.690189 0.839465 0.679862 0.836120 0.679862 0.832776 0.678141 0.832776 0.674699
0 0.290970 0.456110 0.290970 0.468158 0.287625 0.469880 0.274247 0.469880 0.274247 0.473322 0.287625 0.473322 0.290970 0.475043 0.290970 0.478485 0.287625 0.480207 0.270903 0.480207 0.270903 0.481928 0.267559 0.483649 0.244147 0.483649 0.240803 0.481928 0.234114 0.481928 0.234114 0.485370 0.247492 0.485370 0.250836 0.487091 0.250836 0.495697 0.247492 0.497418 0.234114 0.497418 0.234114 0.507745 0.240803 0.507745 0.240803 0.500861 0.244147 0.499139 0.260870 0.499139 0.260870 0.487091 0.264214 0.485370 0.270903 0.485370 0.274247 0.487091 0.274247 0.506024 0.280936 0.506024 0.280936 0.502582 0.284281 0.500861 0.301003 0.500861 0.304348 0.499139 0.317726 0.499139 0.317726 0.493976 0.321070 0.492255 0.321070 0.488812 0.324415 0.487091 0.337793 0.487091 0.337793 0.469880 0.331104 0.469880 0.331104 0.480207 0.327759 0.481928 0.321070 0.481928 0.317726 0.480207 0.317726 0.461274 0.311037 0.461274 0.311037 0.476764 0.307692 0.478485 0.301003 0.478485 0.297659 0.476764 0.297659 0.456110
0 0.976589 0.450947 0.976589 0.452668 0.973244 0.454389 0.959866 0.454389 0.959866 0.478485 0.963211 0.480207 0.963211 0.483649 0.959866 0.485370 0.959866 0.504303 0.976589 0.504303 0.979933 0.506024 0.979933 0.512909 0.986622 0.512909 0.986622 0.499139 0.989967 0.497418 0.989967 0.485370 0.986622 0.483649 0.986622 0.450947
0 0.939799 0.387263 0.939799 0.442341 0.946488 0.442341 0.946488 0.387263
0 0.956522 0.306368 0.956522 0.323580 0.953177 0.325301 0.946488 0.325301 0.943144 0.323580 0.943144 0.314974 0.936455 0.314974 0.936455 0.323580 0.933110 0.325301 0.916388 0.325301 0.916388 0.328744 0.933110 0.328744 0.936455 0.330465 0.943144 0.330465 0.946488 0.328744 0.959866 0.328744 0.959866 0.321859 0.963211 0.320138 0.963211 0.306368
0 0.976589 0.301205 0.976589 0.354561 0.983278 0.354561 0.983278 0.301205
0 0.127090 0.166954 0.110368 0.175559 0.107023 0.175559 0.107023 0.177281 0.103679 0.179002 0.100334 0.179002 0.096990 0.180723 0.096990 0.182444 0.093645 0.184165 0.086957 0.184165 0.080268 0.187608 0.080268 0.189329 0.076923 0.191050 0.076923 0.192771 0.063545 0.199656 0.063545 0.203098 0.060201 0.204819 0.060201 0.208262 0.056856 0.209983 0.056856 0.211704 0.053512 0.213425 0.053512 0.220310 0.050167 0.222031 0.050167 0.234079 0.046823 0.235800 0.046823 0.240964 0.050167 0.240964 0.053512 0.242685 0.053512 0.244406 0.063545 0.244406 0.063545 0.242685 0.066890 0.240964 0.066890 0.235800 0.070234 0.234079 0.070234 0.228916 0.073579 0.227194 0.073579 0.216867 0.080268 0.213425 0.083612 0.213425 0.083612 0.209983 0.086957 0.208262 0.093645 0.208262 0.093645 0.201377 0.096990 0.199656 0.103679 0.199656 0.103679 0.197935 0.107023 0.196213 0.107023 0.194492 0.110368 0.192771 0.133779 0.192771 0.133779 0.184165 0.137124 0.182444 0.143813 0.182444 0.147157 0.184165 0.147157 0.185886 0.153846 0.185886 0.153846 0.184165 0.157191 0.182444 0.173913 0.182444 0.177258 0.180723 0.190635 0.180723 0.190635 0.179002 0.193980 0.177281 0.200669 0.177281 0.200669 0.172117 0.173913 0.172117 0.170569 0.170396 0.170569 0.168675 0.163880 0.168675 0.160535 0.166954
0 0.645485 0.089501 0.642140 0.091222 0.642140 0.096386 0.645485 0.098107 0.652174 0.098107 0.655518 0.099828 0.655518 0.111876 0.652174 0.113597 0.638796 0.113597 0.638796 0.117040 0.645485 0.120482 0.648829 0.120482 0.655518 0.123924 0.655518 0.125645 0.658863 0.127367 0.658863 0.130809 0.662207 0.132530 0.662207 0.135972 0.668896 0.135972 0.668896 0.129088 0.672241 0.127367 0.672241 0.123924 0.668896 0.122203 0.668896 0.117040 0.675585 0.113597 0.682274 0.113597 0.682274 0.098107 0.678930 0.098107 0.675585 0.096386 0.675585 0.092943 0.668896 0.092943 0.665552 0.091222 0.655518 0.091222 0.652174 0.089501
0 0.471572 0.000000 0.471572 0.012048 0.468227 0.013769 0.468227 0.036145 0.464883 0.037866 0.464883 0.043029 0.458194 0.046472 0.458194 0.051635 0.451505 0.055077 0.451505 0.056799 0.444816 0.060241 0.441472 0.060241 0.441472 0.061962 0.438127 0.063683 0.438127 0.065404 0.431438 0.068847 0.431438 0.070568 0.414716 0.079174 0.411371 0.079174 0.411371 0.080895 0.404682 0.084337 0.397993 0.084337 0.394649 0.086059 0.384615 0.086059 0.381271 0.084337 0.374582 0.084337 0.371237 0.082616 0.371237 0.077453 0.361204 0.077453 0.357860 0.079174 0.354515 0.079174 0.347826 0.082616 0.337793 0.082616 0.334448 0.080895 0.334448 0.077453 0.331104 0.075731 0.331104 0.074010 0.327759 0.072289 0.327759 0.060241 0.321070 0.060241 0.317726 0.058520 0.317726 0.044750 0.314381 0.043029 0.314381 0.034423 0.311037 0.032702 0.311037 0.029260 0.307692 0.027539 0.307692 0.024096 0.301003 0.024096 0.301003 0.039587 0.297659 0.041308 0.297659 0.056799 0.301003 0.058520 0.301003 0.063683 0.297659 0.065404 0.280936 0.065404 0.277592 0.067126 0.277592 0.070568 0.297659 0.070568 0.301003 0.072289 0.301003 0.074010 0.304348 0.074010 0.307692 0.075731 0.307692 0.077453 0.311037 0.079174 0.311037 0.091222 0.307692 0.092943 0.290970 0.092943 0.287625 0.094664 0.264214 0.094664 0.260870 0.096386 0.230769 0.096386 0.227425 0.098107 0.227425 0.101549 0.260870 0.101549 0.264214 0.103270 0.270903 0.103270 0.277592 0.099828 0.304348 0.099828 0.307692 0.101549 0.314381 0.101549 0.317726 0.103270 0.317726 0.104991 0.321070 0.106713 0.324415 0.106713 0.327759 0.108434 0.331104 0.108434 0.334448 0.110155 0.334448 0.113597 0.337793 0.115318 0.337793 0.118761 0.341137 0.120482 0.341137 0.123924 0.337793 0.125645 0.337793 0.129088 0.341137 0.129088 0.344482 0.130809 0.344482 0.132530 0.347826 0.132530 0.351171 0.134251 0.351171 0.139415 0.357860 0.142857 0.357860 0.148021 0.361204 0.149742 0.361204 0.156627 0.364548 0.158348 0.364548 0.163511 0.361204 0.165232 0.357860 0.165232 0.351171 0.168675 0.344482 0.168675 0.331104 0.175559 0.294314 0.175559 0.290970 0.177281 0.284281 0.177281 0.277592 0.180723 0.237458 0.180723 0.230769 0.177281 0.230769 0.175559 0.217391 0.175559 0.217391 0.180723 0.224080 0.180723 0.227425 0.182444 0.227425 0.185886 0.224080 0.187608 0.217391 0.187608 0.214047 0.189329 0.204013 0.189329 0.200669 0.187608 0.187291 0.187608 0.187291 0.191050 0.183946 0.192771 0.180602 0.192771 0.177258 0.194492 0.173913 0.194492 0.173913 0.197935 0.183946 0.197935 0.187291 0.199656 0.187291 0.213425 0.193980 0.213425 0.193980 0.211704 0.197324 0.209983 0.197324 0.206540 0.193980 0.204819 0.193980 0.199656 0.197324 0.197935 0.200669 0.197935 0.200669 0.194492 0.204013 0.192771 0.230769 0.192771 0.234114 0.194492 0.234114 0.199656 0.230769 0.201377 0.227425 0.201377 0.227425 0.222031 0.234114 0.222031 0.234114 0.209983 0.237458 0.208262 0.244147 0.208262 0.247492 0.209983 0.247492 0.211704 0.254181 0.211704 0.254181 0.209983 0.257525 0.208262 0.270903 0.208262 0.274247 0.206540 0.280936 0.206540 0.284281 0.208262 0.284281 0.215146 0.290970 0.215146 0.294314 0.213425 0.294314 0.208262 0.297659 0.206540 0.311037 0.206540 0.311037 0.203098 0.314381 0.201377 0.321070 0.201377 0.324415 0.203098 0.324415 0.206540 0.331104 0.206540 0.331104 0.204819 0.334448 0.203098 0.341137 0.203098 0.344482 0.204819 0.344482 0.208262 0.347826 0.209983 0.361204 0.209983 0.364548 0.211704 0.364548 0.230637 0.381271 0.230637 0.384615 0.232358 0.384615 0.239243 0.391304 0.239243 0.391304 0.223752 0.397993 0.220310 0.401338 0.220310 0.401338 0.211704 0.404682 0.209983 0.418060 0.209983 0.421405 0.211704 0.421405 0.220310 0.428094 0.220310 0.428094 0.213425 0.431438 0.211704 0.438127 0.211704 0.441472 0.213425 0.441472 0.222031 0.448161 0.222031 0.448161 0.211704 0.451505 0.209983 0.458194 0.209983 0.461538 0.211704 0.461538 0.223752 0.468227 0.223752 0.468227 0.222031 0.471572 0.220310 0.478261 0.220310 0.481605 0.222031 0.481605 0.232358 0.491639 0.232358 0.494983 0.230637 0.505017 0.230637 0.508361 0.232358 0.508361 0.239243 0.511706 0.240964 0.511706 0.251291 0.518395 0.251291 0.518395 0.246127 0.521739 0.244406 0.531773 0.244406 0.535117 0.246127 0.535117 0.256454 0.531773 0.258176 0.531773 0.265060 0.528428 0.266781 0.521739 0.266781 0.521739 0.271945 0.518395 0.273666 0.505017 0.273666 0.501672 0.271945 0.501672 0.270224 0.494983 0.270224 0.491639 0.268503 0.484950 0.268503 0.484950 0.273666 0.481605 0.275387 0.474916 0.275387 0.471572 0.273666 0.471572 0.266781 0.454849 0.266781 0.451505 0.265060 0.451505 0.259897 0.444816 0.259897 0.444816 0.270224 0.441472 0.271945 0.424749 0.271945 0.421405 0.273666 0.421405 0.278830 0.424749 0.280551 0.424749 0.283993 0.418060 0.287435 0.418060 0.290878 0.408027 0.296041 0.408027 0.299484 0.404682 0.301205 0.394649 0.301205 0.391304 0.299484 0.391304 0.296041 0.394649 0.294320 0.397993 0.294320 0.397993 0.289157 0.387960 0.289157 0.387960 0.297762 0.384615 0.299484 0.377926 0.299484 0.374582 0.297762 0.374582 0.287435 0.364548 0.287435 0.361204 0.289157 0.344482 0.289157 0.344482 0.292599 0.351171 0.292599 0.354515 0.294320 0.354515 0.302926 0.351171 0.304647 0.347826 0.304647 0.344482 0.306368 0.327759 0.306368 0.327759 0.309811 0.324415 0.311532 0.317726 0.311532 0.317726 0.313253 0.314381 0.314974 0.311037 0.314974 0.307692 0.316695 0.301003 0.316695 0.294314 0.313253 0.294314 0.287435 0.287625 0.287435 0.287625 0.313253 0.284281 0.314974 0.277592 0.314974 0.274247 0.313253 0.274247 0.306368 0.267559 0.306368 0.264214 0.308090 0.237458 0.308090 0.234114 0.306368 0.227425 0.306368 0.227425 0.313253 0.230769 0.314974 0.230769 0.316695 0.234114 0.318417 0.234114 0.320138 0.244147 0.320138 0.247492 0.321859 0.247492 0.327022 0.264214 0.327022 0.267559 0.328744 0.267559 0.333907 0.274247 0.333907 0.277592 0.332186 0.284281 0.332186 0.287625 0.333907 0.287625 0.339071 0.294314 0.339071 0.294314 0.335628 0.297659 0.333907 0.304348 0.333907 0.307692 0.335628 0.307692 0.344234 0.314381 0.344234 0.314381 0.342513 0.317726 0.340792 0.324415 0.340792 0.327759 0.342513 0.327759 0.345955 0.334448 0.345955 0.334448 0.344234 0.337793 0.342513 0.344482 0.342513 0.347826 0.344234 0.347826 0.347676 0.354515 0.347676 0.354515 0.344234 0.357860 0.342513 0.374582 0.342513 0.374582 0.335628 0.381271 0.332186 0.391304 0.332186 0.394649 0.330465 0.397993 0.330465 0.397993 0.328744 0.401338 0.327022 0.401338 0.318417 0.404682 0.316695 0.411371 0.316695 0.414716 0.318417 0.414716 0.342513 0.434783 0.342513 0.434783 0.333907 0.444816 0.328744 0.451505 0.328744 0.451505 0.323580 0.454849 0.321859 0.461538 0.321859 0.464883 0.323580 0.464883 0.352840 0.461538 0.354561 0.448161 0.354561 0.448161 0.356282 0.444816 0.358003 0.438127 0.358003 0.434783 0.356282 0.434783 0.351119 0.428094 0.351119 0.428094 0.361446 0.424749 0.363167 0.424749 0.364888 0.418060 0.368330 0.418060 0.370052 0.411371 0.373494 0.408027 0.373494 0.408027 0.376936 0.401338 0.380379 0.401338 0.383821 0.411371 0.383821 0.414716 0.385542 0.414716 0.388985 0.418060 0.390706 0.418060 0.421687 0.421405 0.421687 0.428094 0.425129 0.428094 0.432014 0.441472 0.432014 0.444816 0.433735 0.444816 0.435456 0.448161 0.437177 0.448161 0.447504 0.451505 0.447504 0.458194 0.450947 0.458194 0.452668 0.464883 0.452668 0.468227 0.454389 0.468227 0.487091 0.464883 0.488812 0.458194 0.488812 0.454849 0.487091 0.454849 0.456110 0.448161 0.456110 0.448161 0.480207 0.444816 0.481928 0.431438 0.481928 0.431438 0.497418 0.444816 0.497418 0.448161 0.499139 0.448161 0.507745 0.458194 0.507745 0.458194 0.504303 0.461538 0.502582 0.484950 0.502582 0.488294 0.504303 0.488294 0.523236 0.484950 0.524957 0.461538 0.524957 0.458194 0.523236 0.458194 0.521515 0.448161 0.521515 0.448161 0.524957 0.464883 0.524957 0.468227 0.526678 0.468227 0.531842 0.464883 0.533563 0.451505 0.533563 0.451505 0.542169 0.448161 0.543890 0.441472 0.543890 0.438127 0.542169 0.438127 0.537005 0.431438 0.537005 0.431438 0.542169 0.428094 0.543890 0.401338 0.543890 0.397993 0.542169 0.397993 0.538726 0.391304 0.538726 0.391304 0.543890 0.387960 0.545611 0.381271 0.545611 0.377926 0.543890 0.377926 0.524957 0.371237 0.524957 0.371237 0.531842 0.367893 0.533563 0.351171 0.533563 0.351171 0.535284 0.347826 0.537005 0.324415 0.537005 0.321070 0.535284 0.321070 0.514630 0.311037 0.514630 0.311037 0.531842 0.307692 0.533563 0.301003 0.533563 0.297659 0.531842 0.297659 0.526678 0.290970 0.526678 0.290970 0.531842 0.287625 0.533563 0.274247 0.533563 0.274247 0.545611 0.270903 0.547332 0.264214 0.547332 0.260870 0.545611 0.260870 0.531842 0.254181 0.531842 0.254181 0.545611 0.250836 0.547332 0.244147 0.547332 0.240803 0.545611 0.240803 0.531842 0.234114 0.531842 0.234114 0.545611 0.230769 0.547332 0.224080 0.547332 0.224080 0.552496 0.220736 0.554217 0.214047 0.554217 0.210702 0.552496 0.210702 0.545611 0.173913 0.545611 0.170569 0.547332 0.157191 0.547332 0.153846 0.549053 0.147157 0.549053 0.143813 0.547332 0.143813 0.545611 0.137124 0.545611 0.137124 0.549053 0.133779 0.550775 0.107023 0.550775 0.103679 0.549053 0.076923 0.549053 0.073579 0.550775 0.050167 0.550775 0.046823 0.549053 0.036789 0.549053 0.036789 0.550775 0.033445 0.552496 0.020067 0.552496 0.016722 0.550775 0.010033 0.550775 0.006689 0.552496 0.000000 0.552496 0.000000 0.559380 0.113712 0.559380 0.117057 0.561102 0.117057 0.562823 0.123746 0.562823 0.123746 0.561102 0.127090 0.559380 0.133779 0.559380 0.137124 0.561102 0.153846 0.561102 0.157191 0.562823 0.157191 0.569707 0.163880 0.569707 0.163880 0.562823 0.167224 0.561102 0.190635 0.561102 0.193980 0.562823 0.200669 0.562823 0.207358 0.559380 0.214047 0.559380 0.217391 0.557659 0.230769 0.557659 0.234114 0.559380 0.240803 0.559380 0.244147 0.557659 0.250836 0.557659 0.254181 0.559380 0.254181 0.561102 0.260870 0.561102 0.264214 0.559380 0.290970 0.559380 0.294314 0.561102 0.294314 0.567986 0.307692 0.567986 0.311037 0.569707 0.311037 0.576592 0.314381 0.578313 0.314381 0.595525 0.321070 0.595525 0.321070 0.561102 0.324415 0.559380 0.341137 0.559380 0.344482 0.557659 0.351171 0.557659 0.354515 0.559380 0.367893 0.559380 0.371237 0.561102 0.371237 0.569707 0.367893 0.571429 0.361204 0.571429 0.357860 0.569707 0.357860 0.567986 0.334448 0.567986 0.334448 0.609294 0.331104 0.611015 0.307692 0.611015 0.304348 0.609294 0.297659 0.609294 0.297659 0.617900 0.311037 0.617900 0.314381 0.619621 0.314381 0.623064 0.311037 0.624785 0.277592 0.624785 0.277592 0.643718 0.274247 0.645439 0.274247 0.648881 0.284281 0.648881 0.284281 0.638554 0.287625 0.636833 0.311037 0.636833 0.314381 0.638554 0.314381 0.648881 0.311037 0.650602 0.307692 0.650602 0.304348 0.652324 0.304348 0.655766 0.311037 0.659208 0.311037 0.660929 0.317726 0.660929 0.317726 0.659208 0.321070 0.657487 0.327759 0.657487 0.331104 0.659208 0.331104 0.662651 0.327759 0.664372 0.324415 0.664372 0.324415 0.667814 0.321070 0.669535 0.317726 0.669535 0.317726 0.672978 0.331104 0.672978 0.334448 0.674699 0.334448 0.686747 0.337793 0.688468 0.337793 0.714286 0.344482 0.714286 0.344482 0.698795 0.347826 0.697074 0.354515 0.697074 0.357860 0.698795 0.357860 0.714286 0.364548 0.714286 0.367893 0.716007 0.367893 0.729776 0.364548 0.731497 0.361204 0.731497 0.361204 0.736661 0.367893 0.736661 0.371237 0.738382 0.371237 0.745267 0.374582 0.746988 0.374582 0.750430 0.371237 0.752151 0.351171 0.752151 0.347826 0.750430 0.347826 0.745267 0.337793 0.745267 0.334448 0.746988 0.317726 0.746988 0.317726 0.750430 0.334448 0.750430 0.337793 0.752151 0.337793 0.759036 0.334448 0.760757 0.317726 0.760757 0.317726 0.779690 0.321070 0.781411 0.321070 0.795181 0.327759 0.795181 0.327759 0.788296 0.331104 0.786575 0.344482 0.786575 0.344482 0.784854 0.347826 0.783133 0.347826 0.757315 0.351171 0.755594 0.364548 0.755594 0.367893 0.753873 0.374582 0.753873 0.377926 0.755594 0.377926 0.802065 0.374582 0.803787 0.374582 0.807229 0.377926 0.808950 0.377926 0.812392 0.384615 0.812392 0.384615 0.808950 0.387960 0.807229 0.404682 0.807229 0.404682 0.802065 0.391304 0.802065 0.387960 0.800344 0.387960 0.788296 0.391304 0.786575 0.404682 0.786575 0.404682 0.783133 0.387960 0.783133 0.384615 0.781411 0.384615 0.769363 0.387960 0.767642 0.394649 0.767642 0.397993 0.769363 0.397993 0.776248 0.404682 0.776248 0.404682 0.772806 0.408027 0.771084 0.414716 0.771084 0.414716 0.762478 0.418060 0.760757 0.431438 0.760757 0.434783 0.759036 0.434783 0.755594 0.438127 0.753873 0.471572 0.753873 0.474916 0.755594 0.474916 0.759036 0.481605 0.759036 0.484950 0.757315 0.484950 0.755594 0.488294 0.753873 0.501672 0.753873 0.501672 0.750430 0.505017 0.748709 0.505017 0.736661 0.511706 0.733219 0.511706 0.729776 0.505017 0.726334 0.505017 0.721170 0.511706 0.717728 0.528428 0.717728 0.535117 0.721170 0.535117 0.733219 0.531773 0.734940 0.531773 0.740103 0.528428 0.741824 0.528428 0.743546 0.525084 0.745267 0.521739 0.745267 0.521739 0.748709 0.531773 0.748709 0.535117 0.750430 0.538462 0.750430 0.541806 0.752151 0.541806 0.759036 0.545151 0.760757 0.545151 0.767642 0.541806 0.769363 0.531773 0.769363 0.528428 0.767642 0.528428 0.765921 0.525084 0.764200 0.515050 0.764200 0.515050 0.802065 0.521739 0.802065 0.525084 0.803787 0.525084 0.817556 0.521739 0.819277 0.511706 0.819277 0.508361 0.817556 0.508361 0.810671 0.505017 0.808950 0.505017 0.803787 0.488294 0.803787 0.484950 0.802065 0.478261 0.802065 0.474916 0.803787 0.468227 0.803787 0.464883 0.802065 0.464883 0.798623 0.458194 0.798623 0.458194 0.805508 0.454849 0.807229 0.448161 0.807229 0.444816 0.805508 0.444816 0.802065 0.438127 0.802065 0.438127 0.841652 0.434783 0.843373 0.424749 0.843373 0.424749 0.855422 0.418060 0.858864 0.408027 0.858864 0.404682 0.857143 0.394649 0.857143 0.394649 0.860585 0.397993 0.860585 0.401338 0.862306 0.401338 0.870912 0.397993 0.872633 0.394649 0.872633 0.394649 0.874355 0.391304 0.876076 0.384615 0.876076 0.381271 0.877797 0.381271 0.881239 0.374582 0.884682 0.364548 0.884682 0.364548 0.889845 0.361204 0.891566 0.354515 0.891566 0.351171 0.889845 0.351171 0.888124 0.347826 0.886403 0.347826 0.876076 0.341137 0.876076 0.341137 0.893287 0.337793 0.895009 0.321070 0.895009 0.321070 0.901893 0.324415 0.903614 0.324415 0.910499 0.314381 0.915663 0.314381 0.917384 0.311037 0.919105 0.304348 0.919105 0.290970 0.925990 0.287625 0.925990 0.274247 0.932874 0.274247 0.936317 0.270903 0.938038 0.260870 0.938038 0.260870 0.939759 0.257525 0.941480 0.254181 0.941480 0.250836 0.943201 0.250836 0.944923 0.247492 0.946644 0.240803 0.946644 0.240803 0.950086 0.247492 0.950086 0.247492 0.948365 0.250836 0.946644 0.257525 0.946644 0.260870 0.944923 0.260870 0.943201 0.264214 0.941480 0.267559 0.941480 0.270903 0.939759 0.284281 0.939759 0.287625 0.941480 0.287625 0.946644 0.280936 0.950086 0.277592 0.950086 0.277592 0.951807 0.274247 0.953528 0.270903 0.953528 0.270903 0.956971 0.274247 0.958692 0.274247 0.962134 0.280936 0.962134 0.284281 0.960413 0.301003 0.960413 0.304348 0.962134 0.311037 0.962134 0.314381 0.960413 0.327759 0.960413 0.331104 0.962134 0.331104 0.965577 0.327759 0.967298 0.324415 0.967298 0.324415 0.970740 0.334448 0.970740 0.334448 0.965577 0.337793 0.963855 0.357860 0.963855 0.361204 0.965577 0.361204 0.970740 0.364548 0.972461 0.364548 0.981067 0.371237 0.981067 0.371237 0.979346 0.374582 0.977625 0.381271 0.977625 0.384615 0.979346 0.384615 0.986231 0.401338 0.986231 0.404682 0.987952 0.404682 0.998279 0.448161 0.998279 0.448161 0.996558 0.451505 0.994836 0.451505 0.991394 0.454849 0.989673 0.471572 0.989673 0.471572 0.987952 0.474916 0.986231 0.488294 0.986231 0.488294 0.981067 0.491639 0.979346 0.498328 0.979346 0.501672 0.981067 0.508361 0.981067 0.508361 0.975904 0.511706 0.974182 0.518395 0.974182 0.521739 0.975904 0.521739 0.982788 0.528428 0.982788 0.528428 0.965577 0.531773 0.963855 0.538462 0.963855 0.541806 0.965577 0.541806 0.975904 0.548495 0.975904 0.548495 0.967298 0.555184 0.963855 0.555184 0.955250 0.558528 0.953528 0.581940 0.953528 0.585284 0.955250 0.585284 0.958692 0.578595 0.962134 0.578595 0.975904 0.588629 0.975904 0.588629 0.970740 0.591973 0.969019 0.602007 0.969019 0.612040 0.974182 0.618729 0.974182 0.618729 0.969019 0.615385 0.967298 0.615385 0.960413 0.618729 0.958692 0.625418 0.958692 0.628763 0.960413 0.628763 0.962134 0.645485 0.962134 0.652174 0.958692 0.658863 0.958692 0.662207 0.956971 0.675585 0.956971 0.678930 0.958692 0.692308 0.958692 0.695652 0.960413 0.695652 0.965577 0.698997 0.967298 0.698997 0.969019 0.705686 0.969019 0.705686 0.960413 0.709030 0.958692 0.709030 0.956971 0.715719 0.953528 0.719064 0.953528 0.722408 0.951807 0.725753 0.951807 0.725753 0.939759 0.715719 0.939759 0.709030 0.936317 0.709030 0.929432 0.712375 0.927711 0.725753 0.927711 0.725753 0.919105 0.729097 0.917384 0.735786 0.917384 0.739130 0.919105 0.745819 0.919105 0.745819 0.915663 0.749164 0.913941 0.759197 0.913941 0.762542 0.912220 0.765886 0.912220 0.769231 0.910499 0.789298 0.910499 0.792642 0.912220 0.799331 0.912220 0.802676 0.910499 0.809365 0.910499 0.812709 0.912220 0.822742 0.912220 0.822742 0.907057 0.826087 0.905336 0.842809 0.905336 0.846154 0.907057 0.846154 0.908778 0.866221 0.908778 0.869565 0.907057 0.879599 0.907057 0.879599 0.893287 0.882943 0.891566 0.882943 0.884682 0.879599 0.882960 0.879599 0.862306 0.882943 0.860585 0.896321 0.860585 0.896321 0.851979 0.899666 0.850258 0.899666 0.846816 0.896321 0.845095 0.862876 0.845095 0.859532 0.843373 0.859532 0.796902 0.852843 0.796902 0.852843 0.812392 0.849498 0.814114 0.839465 0.814114 0.836120 0.812392 0.836120 0.808950 0.839465 0.807229 0.839465 0.790017 0.842809 0.788296 0.859532 0.788296 0.859532 0.777969 0.856187 0.776248 0.856187 0.750430 0.859532 0.748709 0.866221 0.748709 0.869565 0.750430 0.869565 0.772806 0.876254 0.772806 0.876254 0.748709 0.862876 0.748709 0.859532 0.746988 0.859532 0.745267 0.856187 0.743546 0.856187 0.741824 0.849498 0.741824 0.849498 0.746988 0.846154 0.748709 0.839465 0.748709 0.836120 0.746988 0.836120 0.745267 0.829431 0.745267 0.829431 0.746988 0.826087 0.748709 0.819398 0.748709 0.819398 0.760757 0.816054 0.762478 0.809365 0.762478 0.809365 0.764200 0.806020 0.765921 0.806020 0.767642 0.802676 0.769363 0.792642 0.769363 0.792642 0.776248 0.789298 0.777969 0.789298 0.781411 0.782609 0.784854 0.772575 0.784854 0.772575 0.788296 0.769231 0.790017 0.762542 0.790017 0.759197 0.788296 0.759197 0.738382 0.752508 0.738382 0.752508 0.783133 0.749164 0.784854 0.742475 0.784854 0.739130 0.783133 0.739130 0.764200 0.732441 0.764200 0.732441 0.779690 0.735786 0.781411 0.735786 0.784854 0.732441 0.786575 0.732441 0.790017 0.729097 0.791738 0.722408 0.791738 0.719064 0.790017 0.719064 0.784854 0.715719 0.784854 0.712375 0.783133 0.712375 0.777969 0.715719 0.776248 0.719064 0.776248 0.719064 0.762478 0.722408 0.760757 0.722408 0.759036 0.725753 0.757315 0.739130 0.757315 0.739130 0.733219 0.742475 0.731497 0.755853 0.731497 0.755853 0.693632 0.759197 0.691910 0.765886 0.691910 0.769231 0.693632 0.769231 0.707401 0.775920 0.707401 0.775920 0.703959 0.779264 0.702238 0.785953 0.702238 0.789298 0.703959 0.789298 0.726334 0.785953 0.728055 0.785953 0.731497 0.795987 0.731497 0.795987 0.693632 0.802676 0.690189 0.809365 0.690189 0.809365 0.686747 0.799331 0.686747 0.795987 0.685026 0.795987 0.674699 0.799331 0.672978 0.809365 0.672978 0.809365 0.666093 0.799331 0.666093 0.795987 0.664372 0.795987 0.659208 0.799331 0.657487 0.802676 0.657487 0.802676 0.645439 0.799331 0.645439 0.795987 0.643718 0.795987 0.640275 0.799331 0.638554 0.812709 0.638554 0.816054 0.640275 0.816054 0.648881 0.819398 0.650602 0.819398 0.657487 0.822742 0.657487 0.829431 0.660929 0.829431 0.664372 0.836120 0.664372 0.839465 0.666093 0.839465 0.667814 0.846154 0.667814 0.849498 0.669535 0.849498 0.678141 0.862876 0.678141 0.866221 0.679862 0.872910 0.679862 0.872910 0.672978 0.876254 0.671256 0.882943 0.671256 0.886288 0.672978 0.886288 0.679862 0.892977 0.679862 0.892977 0.666093 0.896321 0.664372 0.909699 0.664372 0.913043 0.666093 0.913043 0.667814 0.933110 0.667814 0.933110 0.659208 0.936455 0.657487 0.943144 0.657487 0.946488 0.659208 0.946488 0.672978 0.943144 0.674699 0.926421 0.674699 0.926421 0.678141 0.923077 0.679862 0.906355 0.679862 0.906355 0.685026 0.916388 0.685026 0.919732 0.683305 0.926421 0.683305 0.929766 0.685026 0.929766 0.693632 0.926421 0.695353 0.926421 0.698795 0.929766 0.700516 0.929766 0.705680 0.943144 0.705680 0.946488 0.707401 0.946488 0.710843 0.953177 0.710843 0.953177 0.695353 0.939799 0.695353 0.936455 0.693632 0.936455 0.690189 0.939799 0.688468 0.953177 0.688468 0.953177 0.681583 0.956522 0.679862 0.963211 0.679862 0.966555 0.681583 0.966555 0.691910 0.973244 0.691910 0.973244 0.660929 0.976589 0.659208 0.983278 0.659208 0.986622 0.660929 0.986622 0.686747 0.996656 0.686747 0.996656 0.643718 0.993311 0.643718 0.989967 0.641997 0.989967 0.623064 0.993311 0.621343 0.996656 0.621343 0.996656 0.612737 0.993311 0.612737 0.989967 0.611015 0.989967 0.607573 0.993311 0.605852 0.996656 0.605852 0.996656 0.597246 0.993311 0.597246 0.989967 0.595525 0.989967 0.571429 0.983278 0.571429 0.979933 0.573150 0.973244 0.573150 0.969900 0.571429 0.969900 0.554217 0.973244 0.552496 0.989967 0.552496 0.989967 0.549053 0.986622 0.547332 0.986622 0.521515 0.979933 0.521515 0.979933 0.530120 0.976589 0.531842 0.953177 0.531842 0.949833 0.530120 0.949833 0.528399 0.939799 0.528399 0.939799 0.533563 0.943144 0.535284 0.943144 0.557659 0.939799 0.559380 0.939799 0.561102 0.936455 0.562823 0.926421 0.562823 0.926421 0.567986 0.923077 0.569707 0.916388 0.569707 0.913043 0.567986 0.913043 0.555938 0.906355 0.555938 0.903010 0.554217 0.903010 0.545611 0.906355 0.543890 0.909699 0.543890 0.909699 0.526678 0.906355 0.526678 0.903010 0.524957 0.903010 0.521515 0.906355 0.519793 0.909699 0.519793 0.909699 0.500861 0.913043 0.499139 0.913043 0.495697 0.916388 0.493976 0.936455 0.493976 0.939799 0.495697 0.939799 0.504303 0.946488 0.504303 0.946488 0.480207 0.939799 0.480207 0.939799 0.488812 0.936455 0.490534 0.923077 0.490534 0.919732 0.492255 0.913043 0.492255 0.909699 0.490534 0.909699 0.471601 0.903010 0.471601 0.899666 0.469880 0.899666 0.456110 0.903010 0.454389 0.926421 0.454389 0.929766 0.452668 0.936455 0.452668 0.939799 0.454389 0.939799 0.473322 0.946488 0.473322 0.946488 0.449225 0.936455 0.449225 0.933110 0.450947 0.923077 0.450947 0.919732 0.449225 0.919732 0.445783 0.923077 0.444062 0.926421 0.444062 0.926421 0.390706 0.919732 0.390706 0.919732 0.444062 0.916388 0.445783 0.909699 0.445783 0.909699 0.450947 0.906355 0.452668 0.899666 0.452668 0.896321 0.450947 0.896321 0.442341 0.889632 0.442341 0.886288 0.440620 0.886288 0.409639 0.889632 0.407917 0.896321 0.407917 0.899666 0.409639 0.899666 0.416523 0.906355 0.416523 0.906355 0.402754 0.892977 0.402754 0.889632 0.401033 0.889632 0.395869 0.886288 0.394148 0.886288 0.361446 0.879599 0.361446 0.879599 0.390706 0.876254 0.392427 0.862876 0.392427 0.859532 0.394148 0.852843 0.394148 0.849498 0.392427 0.849498 0.383821 0.842809 0.383821 0.842809 0.430293 0.839465 0.432014 0.832776 0.432014 0.829431 0.430293 0.829431 0.419966 0.826087 0.418244 0.826087 0.411360 0.829431 0.409639 0.829431 0.388985 0.819398 0.388985 0.819398 0.416523 0.822742 0.418244 0.822742 0.445783 0.826087 0.445783 0.829431 0.447504 0.829431 0.450947 0.836120 0.450947 0.839465 0.452668 0.839465 0.454389 0.842809 0.456110 0.842809 0.459552 0.839465 0.461274 0.826087 0.461274 0.822742 0.462995 0.822742 0.471601 0.819398 0.473322 0.819398 0.476764 0.816054 0.478485 0.812709 0.478485 0.812709 0.481928 0.809365 0.483649 0.792642 0.483649 0.789298 0.481928 0.789298 0.473322 0.782609 0.473322 0.782609 0.478485 0.779264 0.480207 0.772575 0.480207 0.769231 0.478485 0.769231 0.473322 0.755853 0.473322 0.752508 0.471601 0.752508 0.466437 0.755853 0.464716 0.769231 0.464716 0.769231 0.461274 0.755853 0.461274 0.752508 0.459552 0.752508 0.452668 0.755853 0.450947 0.782609 0.450947 0.782609 0.445783 0.779264 0.445783 0.772575 0.442341 0.772575 0.440620 0.769231 0.438898 0.769231 0.435456 0.772575 0.433735 0.772575 0.428571 0.769231 0.426850 0.769231 0.416523 0.762542 0.416523 0.762542 0.444062 0.759197 0.445783 0.745819 0.445783 0.745819 0.447504 0.742475 0.449225 0.742475 0.454389 0.745819 0.456110 0.745819 0.471601 0.739130 0.475043 0.725753 0.475043 0.725753 0.481928 0.722408 0.483649 0.712375 0.483649 0.712375 0.485370 0.709030 0.487091 0.695652 0.487091 0.692308 0.485370 0.685619 0.485370 0.685619 0.490534 0.702341 0.490534 0.705686 0.492255 0.712375 0.492255 0.715719 0.490534 0.722408 0.490534 0.725753 0.492255 0.725753 0.507745 0.732441 0.507745 0.732441 0.500861 0.735786 0.499139 0.742475 0.499139 0.745819 0.500861 0.745819 0.504303 0.752508 0.504303 0.752508 0.485370 0.755853 0.483649 0.762542 0.483649 0.765886 0.485370 0.765886 0.502582 0.779264 0.502582 0.782609 0.504303 0.782609 0.506024 0.785953 0.507745 0.792642 0.507745 0.792642 0.506024 0.795987 0.504303 0.809365 0.504303 0.812709 0.506024 0.812709 0.526678 0.806020 0.530120 0.802676 0.530120 0.802676 0.533563 0.809365 0.533563 0.812709 0.535284 0.812709 0.543890 0.809365 0.545611 0.795987 0.545611 0.792642 0.543890 0.785953 0.543890 0.782609 0.545611 0.782609 0.547332 0.779264 0.549053 0.772575 0.549053 0.772575 0.552496 0.769231 0.554217 0.762542 0.554217 0.752508 0.549053 0.752508 0.543890 0.745819 0.543890 0.742475 0.545611 0.735786 0.545611 0.732441 0.543890 0.732441 0.538726 0.725753 0.538726 0.725753 0.542169 0.722408 0.543890 0.715719 0.543890 0.712375 0.542169 0.712375 0.514630 0.715719 0.512909 0.715719 0.509466 0.705686 0.509466 0.705686 0.542169 0.702341 0.543890 0.685619 0.543890 0.685619 0.545611 0.682274 0.547332 0.678930 0.547332 0.678930 0.550775 0.675585 0.552496 0.668896 0.552496 0.668896 0.562823 0.665552 0.564544 0.658863 0.564544 0.658863 0.567986 0.665552 0.567986 0.668896 0.569707 0.668896 0.573150 0.665552 0.574871 0.648829 0.574871 0.648829 0.581756 0.645485 0.583477 0.638796 0.583477 0.635452 0.581756 0.635452 0.552496 0.638796 0.550775 0.638796 0.543890 0.635452 0.542169 0.635452 0.511188 0.638796 0.509466 0.645485 0.509466 0.648829 0.511188 0.648829 0.518072 0.655518 0.518072 0.655518 0.504303 0.658863 0.502582 0.665552 0.502582 0.668896 0.504303 0.668896 0.511188 0.675585 0.511188 0.675585 0.493976 0.668896 0.493976 0.668896 0.495697 0.665552 0.497418 0.658863 0.497418 0.655518 0.495697 0.655518 0.487091 0.652174 0.485370 0.652174 0.481928 0.655518 0.480207 0.655518 0.476764 0.652174 0.475043 0.652174 0.459552 0.655518 0.457831 0.662207 0.457831 0.665552 0.459552 0.665552 0.468158 0.672241 0.468158 0.672241 0.450947 0.675585 0.449225 0.678930 0.449225 0.678930 0.445783 0.675585 0.445783 0.672241 0.444062 0.672241 0.402754 0.675585 0.401033 0.688963 0.401033 0.688963 0.397590 0.665552 0.397590 0.665552 0.442341 0.662207 0.444062 0.655518 0.444062 0.652174 0.442341 0.652174 0.426850 0.645485 0.426850 0.642140 0.425129 0.642140 0.419966 0.645485 0.418244 0.652174 0.418244 0.652174 0.380379 0.655518 0.378657 0.655518 0.375215 0.658863 0.373494 0.658863 0.371773 0.662207 0.370052 0.672241 0.370052 0.672241 0.361446 0.678930 0.358003 0.685619 0.358003 0.685619 0.354561 0.688963 0.352840 0.688963 0.347676 0.692308 0.345955 0.692308 0.340792 0.695652 0.339071 0.709030 0.339071 0.709030 0.337349 0.712375 0.335628 0.735786 0.335628 0.739130 0.337349 0.749164 0.337349 0.749164 0.333907 0.752508 0.332186 0.769231 0.332186 0.769231 0.323580 0.775920 0.320138 0.782609 0.320138 0.785953 0.318417 0.785953 0.313253 0.795987 0.308090 0.795987 0.294320 0.799331 0.292599 0.806020 0.292599 0.809365 0.294320 0.809365 0.301205 0.812709 0.301205 0.819398 0.304647 0.819398 0.332186 0.826087 0.332186 0.826087 0.302926 0.832776 0.299484 0.846154 0.299484 0.849498 0.297762 0.886288 0.297762 0.886288 0.294320 0.869565 0.294320 0.866221 0.292599 0.849498 0.292599 0.846154 0.290878 0.846154 0.287435 0.849498 0.285714 0.849498 0.280551 0.852843 0.278830 0.856187 0.278830 0.859532 0.277108 0.859532 0.275387 0.862876 0.273666 0.862876 0.268503 0.866221 0.266781 0.872910 0.266781 0.876254 0.268503 0.876254 0.271945 0.882943 0.271945 0.882943 0.259897 0.886288 0.258176 0.896321 0.258176 0.896321 0.251291 0.889632 0.247849 0.889632 0.246127 0.886288 0.246127 0.882943 0.244406 0.882943 0.234079 0.876254 0.234079 0.876254 0.239243 0.869565 0.242685 0.862876 0.242685 0.862876 0.244406 0.852843 0.249570 0.849498 0.249570 0.842809 0.253012 0.839465 0.253012 0.839465 0.258176 0.836120 0.259897 0.836120 0.261618 0.826087 0.266781 0.826087 0.270224 0.822742 0.271945 0.819398 0.271945 0.819398 0.273666 0.809365 0.278830 0.809365 0.280551 0.799331 0.285714 0.792642 0.285714 0.789298 0.287435 0.772575 0.287435 0.769231 0.285714 0.762542 0.285714 0.762542 0.290878 0.765886 0.292599 0.765886 0.299484 0.762542 0.301205 0.749164 0.301205 0.745819 0.299484 0.745819 0.292599 0.739130 0.292599 0.732441 0.296041 0.712375 0.296041 0.709030 0.294320 0.709030 0.289157 0.692308 0.289157 0.688963 0.287435 0.688963 0.278830 0.692308 0.277108 0.709030 0.277108 0.709030 0.270224 0.712375 0.268503 0.719064 0.268503 0.722408 0.266781 0.725753 0.266781 0.725753 0.249570 0.719064 0.249570 0.715719 0.247849 0.715719 0.242685 0.719064 0.240964 0.725753 0.240964 0.725753 0.230637 0.732441 0.227194 0.745819 0.227194 0.745819 0.223752 0.749164 0.222031 0.765886 0.222031 0.765886 0.220310 0.769231 0.218589 0.785953 0.218589 0.789298 0.216867 0.795987 0.216867 0.795987 0.208262 0.799331 0.206540 0.812709 0.206540 0.816054 0.208262 0.816054 0.223752 0.822742 0.223752 0.822742 0.208262 0.826087 0.206540 0.832776 0.206540 0.836120 0.208262 0.836120 0.223752 0.842809 0.223752 0.842809 0.201377 0.846154 0.199656 0.846154 0.197935 0.849498 0.196213 0.849498 0.189329 0.852843 0.187608 0.862876 0.187608 0.862876 0.177281 0.866221 0.175559 0.872910 0.175559 0.876254 0.177281 0.882943 0.177281 0.882943 0.168675 0.886288 0.166954 0.886288 0.158348 0.889632 0.156627 0.892977 0.156627 0.892977 0.153184 0.896321 0.151463 0.906355 0.151463 0.909699 0.153184 0.919732 0.153184 0.923077 0.151463 0.929766 0.151463 0.933110 0.153184 0.939799 0.153184 0.939799 0.149742 0.943144 0.148021 0.946488 0.148021 0.949833 0.146299 0.966555 0.146299 0.969900 0.148021 0.969900 0.156627 0.973244 0.158348 0.979933 0.158348 0.979933 0.149742 0.983278 0.148021 0.986622 0.148021 0.986622 0.139415 0.976589 0.139415 0.973244 0.137694 0.973244 0.135972 0.966555 0.135972 0.963211 0.134251 0.953177 0.134251 0.949833 0.132530 0.943144 0.132530 0.939799 0.130809 0.896321 0.130809 0.892977 0.132530 0.886288 0.132530 0.879599 0.135972 0.876254 0.135972 0.872910 0.137694 0.859532 0.137694 0.856187 0.139415 0.852843 0.139415 0.849498 0.141136 0.839465 0.141136 0.839465 0.144578 0.836120 0.146299 0.829431 0.146299 0.822742 0.149742 0.819398 0.149742 0.812709 0.153184 0.806020 0.153184 0.802676 0.151463 0.802676 0.148021 0.799331 0.146299 0.799331 0.141136 0.795987 0.141136 0.792642 0.139415 0.792642 0.134251 0.789298 0.132530 0.789298 0.129088 0.782609 0.125645 0.782609 0.123924 0.779264 0.122203 0.779264 0.115318 0.775920 0.113597 0.772575 0.113597 0.765886 0.110155 0.765886 0.108434 0.762542 0.106713 0.762542 0.099828 0.765886 0.098107 0.765886 0.091222 0.762542 0.089501 0.762542 0.082616 0.759197 0.080895 0.759197 0.070568 0.749164 0.070568 0.742475 0.067126 0.742475 0.063683 0.739130 0.061962 0.739130 0.044750 0.725753 0.044750 0.722408 0.046472 0.712375 0.046472 0.705686 0.043029 0.705686 0.041308 0.702341 0.039587 0.702341 0.034423 0.688963 0.034423 0.688963 0.039587 0.685619 0.041308 0.662207 0.041308 0.662207 0.043029 0.658863 0.044750 0.655518 0.044750 0.652174 0.046472 0.645485 0.046472 0.642140 0.048193 0.638796 0.048193 0.635452 0.049914 0.625418 0.049914 0.622074 0.051635 0.612040 0.051635 0.608696 0.053356 0.595318 0.053356 0.595318 0.056799 0.612040 0.056799 0.615385 0.058520 0.615385 0.068847 0.642140 0.068847 0.645485 0.067126 0.645485 0.065404 0.648829 0.063683 0.662207 0.063683 0.665552 0.061962 0.672241 0.061962 0.675585 0.063683 0.675585 0.075731 0.682274 0.075731 0.682274 0.058520 0.685619 0.056799 0.692308 0.056799 0.695652 0.058520 0.695652 0.061962 0.702341 0.061962 0.702341 0.056799 0.705686 0.055077 0.715719 0.055077 0.722408 0.058520 0.722408 0.060241 0.725753 0.061962 0.725753 0.065404 0.729097 0.067126 0.729097 0.068847 0.732441 0.070568 0.732441 0.072289 0.735786 0.074010 0.735786 0.077453 0.739130 0.079174 0.739130 0.080895 0.742475 0.080895 0.745819 0.082616 0.745819 0.084337 0.749164 0.086059 0.749164 0.092943 0.745819 0.094664 0.745819 0.099828 0.742475 0.101549 0.732441 0.101549 0.732441 0.106713 0.735786 0.108434 0.735786 0.111876 0.745819 0.111876 0.752508 0.115318 0.752508 0.117040 0.755853 0.118761 0.755853 0.122203 0.759197 0.122203 0.762542 0.123924 0.762542 0.127367 0.759197 0.129088 0.759197 0.132530 0.765886 0.135972 0.772575 0.135972 0.775920 0.137694 0.775920 0.146299 0.772575 0.148021 0.759197 0.148021 0.755853 0.149742 0.742475 0.149742 0.742475 0.153184 0.752508 0.153184 0.755853 0.154905 0.755853 0.175559 0.752508 0.177281 0.739130 0.177281 0.739130 0.179002 0.729097 0.184165 0.719064 0.184165 0.719064 0.185886 0.715719 0.187608 0.715719 0.189329 0.709030 0.192771 0.705686 0.192771 0.702341 0.194492 0.698997 0.194492 0.698997 0.197935 0.702341 0.199656 0.702341 0.213425 0.695652 0.216867 0.688963 0.216867 0.685619 0.215146 0.685619 0.213425 0.678930 0.213425 0.678930 0.225473 0.675585 0.227194 0.675585 0.230637 0.672241 0.232358 0.648829 0.232358 0.648829 0.234079 0.645485 0.235800 0.638796 0.235800 0.638796 0.240964 0.652174 0.240964 0.655518 0.242685 0.655518 0.247849 0.648829 0.251291 0.638796 0.251291 0.635452 0.249570 0.635452 0.247849 0.625418 0.247849 0.625418 0.249570 0.622074 0.251291 0.622074 0.256454 0.615385 0.259897 0.615385 0.263339 0.608696 0.266781 0.605351 0.266781 0.605351 0.270224 0.602007 0.271945 0.591973 0.271945 0.588629 0.270224 0.588629 0.265060 0.575251 0.265060 0.571906 0.263339 0.571906 0.259897 0.575251 0.258176 0.588629 0.258176 0.588629 0.253012 0.575251 0.253012 0.571906 0.251291 0.565217 0.251291 0.561873 0.249570 0.561873 0.244406 0.565217 0.242685 0.568562 0.242685 0.568562 0.223752 0.551839 0.223752 0.548495 0.222031 0.548495 0.203098 0.551839 0.201377 0.551839 0.197935 0.548495 0.196213 0.548495 0.170396 0.555184 0.166954 0.555184 0.163511 0.551839 0.163511 0.548495 0.161790 0.548495 0.154905 0.545151 0.153184 0.545151 0.149742 0.541806 0.148021 0.541806 0.144578 0.535117 0.144578 0.531773 0.142857 0.528428 0.142857 0.525084 0.141136 0.525084 0.122203 0.521739 0.120482 0.521739 0.115318 0.525084 0.113597 0.525084 0.110155 0.521739 0.110155 0.515050 0.106713 0.511706 0.106713 0.505017 0.103270 0.505017 0.101549 0.498328 0.101549 0.494983 0.103270 0.474916 0.103270 0.471572 0.101549 0.468227 0.101549 0.464883 0.099828 0.458194 0.099828 0.454849 0.098107 0.454849 0.094664 0.448161 0.094664 0.444816 0.092943 0.444816 0.079174 0.451505 0.075731 0.451505 0.072289 0.454849 0.070568 0.454849 0.068847 0.458194 0.067126 0.461538 0.067126 0.461538 0.065404 0.464883 0.063683 0.464883 0.061962 0.474916 0.056799 0.474916 0.055077 0.478261 0.053356 0.481605 0.053356 0.481605 0.049914 0.478261 0.048193 0.478261 0.044750 0.481605 0.043029 0.481605 0.000000