0 0.908705 0.493525 0.908705 0.499281 0.906582 0.500719 0.898089 0.500719 0.898089 0.525180 0.902335 0.525180 0.902335 0.515108 0.904459 0.513669 0.904459 0.506475 0.906582 0.505036 0.915074 0.505036 0.915074 0.493525
0 0.972399 0.489209 0.972399 0.517986 0.970276 0.519424 0.966030 0.519424 0.963907 0.517986 0.942675 0.517986 0.940552 0.516547 0.940552 0.507914 0.929936 0.507914 0.927813 0.506475 0.927813 0.496403 0.923567 0.496403 0.923567 0.506475 0.921444 0.507914 0.921444 0.513669 0.923567 0.515108 0.923567 0.526619 0.927813 0.526619 0.929936 0.525180 0.940552 0.525180 0.942675 0.526619 0.942675 0.529496 0.940552 0.530935 0.934183 0.530935 0.934183 0.535252 0.932059 0.536691 0.923567 0.536691 0.923567 0.541007 0.921444 0.542446 0.917197 0.542446 0.915074 0.541007 0.915074 0.530935 0.910828 0.530935 0.910828 0.542446 0.908705 0.543885 0.904459 0.543885 0.902335 0.542446 0.902335 0.538129 0.898089 0.538129 0.898089 0.562590 0.902335 0.562590 0.902335 0.549640 0.904459 0.548201 0.908705 0.548201 0.910828 0.549640 0.910828 0.565468 0.915074 0.565468 0.915074 0.549640 0.917197 0.548201 0.921444 0.548201 0.923567 0.549640 0.923567 0.564029 0.932059 0.564029 0.936306 0.566906 0.940552 0.566906 0.942675 0.568345 0.942675 0.571223 0.957537 0.571223 0.957537 0.564029 0.959660 0.562590 0.970276 0.562590 0.972399 0.564029 0.972399 0.566906 0.989384 0.566906 0.989384 0.564029 0.991507 0.562590 0.991507 0.552518 0.989384 0.551079 0.989384 0.538129 0.991507 0.536691 0.997877 0.536691 0.997877 0.533813 0.991507 0.533813 0.989384 0.532374 0.989384 0.528058 0.991507 0.526619 0.997877 0.526619 0.997877 0.519424 0.991507 0.519424 0.989384 0.517986 0.989384 0.510791 0.985138 0.510791 0.985138 0.515108 0.983015 0.516547 0.978769 0.516547 0.976645 0.515108 0.976645 0.489209
0 0.460722 0.448921 0.460722 0.471942 0.464968 0.471942 0.464968 0.457554 0.467091 0.456115 0.467091 0.454676 0.469214 0.453237 0.475584 0.453237 0.475584 0.448921
0 0.014862 0.410072 0.012739 0.411511 0.004246 0.411511 0.004246 0.414388 0.046709 0.414388 0.046709 0.410072
0 0.265393 0.407194 0.263270 0.408633 0.254777 0.408633 0.254777 0.412950 0.282378 0.412950 0.284501 0.414388 0.284501 0.417266 0.288747 0.417266 0.288747 0.414388 0.290870 0.412950 0.352442 0.412950 0.354565 0.411511 0.360934 0.411511 0.363057 0.412950 0.369427 0.412950 0.369427 0.407194 0.316348 0.407194 0.314225 0.408633 0.309979 0.408633 0.307856 0.407194 0.303609 0.407194 0.301486 0.408633 0.297240 0.408633 0.295117 0.407194 0.278132 0.407194 0.276008 0.408633 0.271762 0.408633 0.269639 0.407194
0 0.229299 0.407194 0.227176 0.408633 0.165605 0.408633 0.165605 0.411511 0.167728 0.412950 0.182590 0.412950 0.184713 0.411511 0.201699 0.411511 0.203822 0.412950 0.220807 0.412950 0.222930 0.414388 0.222930 0.424460 0.227176 0.424460 0.227176 0.414388 0.229299 0.412950 0.244161 0.412950 0.244161 0.408633 0.235669 0.408633 0.233546 0.407194
0 0.639066 0.404317 0.636943 0.405755 0.628450 0.405755 0.628450 0.410072 0.645435 0.410072 0.647558 0.411511 0.670913 0.411511 0.673036 0.412950 0.677282 0.412950 0.677282 0.411511 0.679406 0.410072 0.681529 0.410072 0.681529 0.405755 0.660297 0.405755 0.658174 0.404317 0.653928 0.404317 0.651805 0.405755 0.645435 0.405755 0.643312 0.404317
0 0.978769 0.401439 0.974522 0.404317 0.957537 0.404317 0.955414 0.402878 0.915074 0.402878 0.912951 0.404317 0.898089 0.404317 0.895966 0.402878 0.891720 0.402878 0.889597 0.404317 0.878981 0.404317 0.878981 0.407194 0.881104 0.407194 0.883227 0.408633 0.887473 0.408633 0.889597 0.407194 0.902335 0.407194 0.904459 0.408633 0.912951 0.408633 0.915074 0.407194 0.919321 0.407194 0.921444 0.408633 0.925690 0.408633 0.927813 0.407194 0.940552 0.407194 0.942675 0.408633 0.951168 0.408633 0.953291 0.407194 0.997877 0.407194 0.997877 0.404317 0.995754 0.404317 0.993631 0.402878 0.985138 0.402878 0.983015 0.401439
0 0.789809 0.400000 0.789809 0.401439 0.787686 0.402878 0.779193 0.402878 0.777070 0.404317 0.713376 0.404317 0.711253 0.405755 0.696391 0.405755 0.694268 0.404317 0.690021 0.404317 0.690021 0.410072 0.707006 0.410072 0.709130 0.411511 0.713376 0.411511 0.715499 0.410072 0.719745 0.410072 0.721868 0.411511 0.726115 0.411511 0.728238 0.410072 0.743100 0.410072 0.745223 0.408633 0.755839 0.408633 0.757962 0.410072 0.764331 0.410072 0.766454 0.408633 0.772824 0.408633 0.774947 0.410072 0.779193 0.410072 0.781316 0.408633 0.832272 0.408633 0.834395 0.410072 0.838641 0.410072 0.840764 0.408633 0.845011 0.408633 0.847134 0.410072 0.851380 0.410072 0.853503 0.408633 0.868365 0.408633 0.870488 0.407194 0.870488 0.404317 0.859873 0.404317 0.857749 0.402878 0.853503 0.402878 0.851380 0.404317 0.845011 0.404317 0.842887 0.402878 0.830149 0.402878 0.828025 0.404317 0.815287 0.404317 0.813163 0.405755 0.808917 0.405755 0.806794 0.404317 0.796178 0.404317 0.794055 0.402878 0.794055 0.400000
0 0.870488 0.148201 0.864119 0.152518 0.864119 0.153957 0.861996 0.155396 0.861996 0.158273 0.857749 0.161151 0.855626 0.161151 0.855626 0.162590 0.853503 0.164029 0.853503 0.166906 0.847134 0.171223 0.842887 0.171223 0.840764 0.172662 0.838641 0.172662 0.836518 0.174101 0.836518 0.175540 0.834395 0.176978 0.823779 0.176978 0.823779 0.178417 0.821656 0.179856 0.789809 0.179856 0.789809 0.191367 0.798301 0.191367 0.800425 0.192806 0.804671 0.192806 0.804671 0.187050 0.806794 0.185612 0.811040 0.185612 0.813163 0.187050 0.813163 0.191367 0.819533 0.191367 0.819533 0.188489 0.821656 0.187050 0.823779 0.187050 0.825902 0.185612 0.828025 0.185612 0.830149 0.184173 0.834395 0.184173 0.834395 0.182734 0.836518 0.181295 0.842887 0.181295 0.845011 0.179856 0.847134 0.179856 0.847134 0.176978 0.851380 0.174101 0.853503 0.174101 0.855626 0.172662 0.857749 0.172662 0.859873 0.171223 0.859873 0.169784 0.866242 0.165468 0.866242 0.159712 0.870488 0.156835 0.881104 0.156835 0.881104 0.155396 0.883227 0.153957 0.885350 0.153957 0.885350 0.151079 0.883227 0.151079 0.881104 0.149640 0.881104 0.148201
0 0.721868 0.138129 0.721868 0.142446 0.719745 0.143885 0.713376 0.143885 0.713376 0.149640 0.711253 0.151079 0.707006 0.151079 0.707006 0.164029 0.704883 0.165468 0.694268 0.165468 0.694268 0.168345 0.709130 0.168345 0.709130 0.162590 0.711253 0.161151 0.711253 0.159712 0.713376 0.158273 0.715499 0.158273 0.717622 0.156835 0.721868 0.156835 0.723992 0.158273 0.732484 0.158273 0.734607 0.156835 0.740977 0.156835 0.740977 0.151079 0.730361 0.151079 0.728238 0.149640 0.728238 0.145324 0.726115 0.143885 0.726115 0.138129
0 0.443737 0.000000 0.443737 0.007194 0.450106 0.007194 0.452229 0.008633 0.452229 0.014388 0.450106 0.015827 0.450106 0.027338 0.445860 0.030216 0.437367 0.030216 0.437367 0.035971 0.435244 0.037410 0.435244 0.038849 0.433121 0.040288 0.433121 0.041727 0.430998 0.043165 0.428875 0.043165 0.428875 0.044604 0.426752 0.046043 0.424628 0.046043 0.424628 0.047482 0.420382 0.050360 0.414013 0.050360 0.411890 0.051799 0.411890 0.053237 0.409766 0.054676 0.409766 0.056115 0.405520 0.058993 0.394904 0.058993 0.392781 0.057554 0.392781 0.054676 0.384289 0.054676 0.384289 0.056115 0.382166 0.057554 0.382166 0.058993 0.377919 0.061871 0.377919 0.066187 0.373673 0.069065 0.369427 0.069065 0.367304 0.067626 0.367304 0.058993 0.369427 0.057554 0.369427 0.054676 0.371550 0.053237 0.371550 0.046043 0.373673 0.044604 0.380042 0.044604 0.382166 0.046043 0.386412 0.046043 0.386412 0.043165 0.382166 0.043165 0.380042 0.041727 0.380042 0.038849 0.382166 0.037410 0.386412 0.037410 0.386412 0.034532 0.382166 0.034532 0.382166 0.035971 0.380042 0.037410 0.373673 0.037410 0.371550 0.035971 0.371550 0.034532 0.365180 0.034532 0.365180 0.041727 0.363057 0.043165 0.363057 0.044604 0.358811 0.047482 0.358811 0.051799 0.356688 0.053237 0.356688 0.054676 0.354565 0.056115 0.354565 0.069065 0.356688 0.070504 0.356688 0.073381 0.354565 0.074820 0.354565 0.077698 0.352442 0.079137 0.352442 0.080576 0.350318 0.082014 0.350318 0.084892 0.346072 0.087770 0.339703 0.087770 0.339703 0.092086 0.341826 0.092086 0.346072 0.094964 0.346072 0.099281 0.343949 0.100719 0.339703 0.100719 0.339703 0.109353 0.341826 0.109353 0.348195 0.113669 0.348195 0.117986 0.350318 0.119424 0.350318 0.122302 0.354565 0.125180 0.354565 0.128058 0.352442 0.129496 0.352442 0.130935 0.350318 0.132374 0.337580 0.132374 0.337580 0.135252 0.343949 0.135252 0.346072 0.136691 0.346072 0.138129 0.348195 0.139568 0.348195 0.142446 0.346072 0.143885 0.343949 0.143885 0.343949 0.146763 0.348195 0.146763 0.348195 0.143885 0.350318 0.142446 0.354565 0.142446 0.356688 0.143885 0.356688 0.145324 0.360934 0.145324 0.363057 0.143885 0.367304 0.143885 0.367304 0.138129 0.369427 0.136691 0.373673 0.136691 0.375796 0.138129 0.375796 0.141007 0.384289 0.141007 0.386412 0.142446 0.386412 0.145324 0.388535 0.146763 0.392781 0.146763 0.394904 0.148201 0.394904 0.151079 0.392781 0.152518 0.388535 0.152518 0.388535 0.155396 0.392781 0.155396 0.394904 0.156835 0.394904 0.162590 0.397028 0.164029 0.397028 0.166906 0.399151 0.168345 0.399151 0.176978 0.405520 0.176978 0.407643 0.178417 0.407643 0.188489 0.411890 0.188489 0.411890 0.182734 0.414013 0.181295 0.422505 0.181295 0.424628 0.182734 0.424628 0.184173 0.435244 0.184173 0.437367 0.185612 0.437367 0.187050 0.439490 0.188489 0.439490 0.192806 0.443737 0.192806 0.443737 0.189928 0.445860 0.188489 0.450106 0.188489 0.452229 0.189928 0.452229 0.192806 0.450106 0.194245 0.450106 0.208633 0.447983 0.210072 0.439490 0.210072 0.437367 0.211511 0.437367 0.215827 0.439490 0.217266 0.439490 0.218705 0.443737 0.218705 0.445860 0.220144 0.445860 0.223022 0.450106 0.223022 0.450106 0.220144 0.452229 0.218705 0.462845 0.218705 0.462845 0.214388 0.464968 0.212950 0.475584 0.212950 0.475584 0.202878 0.477707 0.201439 0.481953 0.201439 0.484076 0.200000 0.492569 0.200000 0.492569 0.197122 0.494692 0.195683 0.498938 0.195683 0.501062 0.197122 0.501062 0.201439 0.505308 0.201439 0.507431 0.202878 0.507431 0.205755 0.509554 0.205755 0.511677 0.207194 0.511677 0.210072 0.509554 0.211511 0.509554 0.217266 0.507431 0.218705 0.507431 0.221583 0.503185 0.224460 0.501062 0.224460 0.501062 0.230216 0.498938 0.231655 0.498938 0.233094 0.494692 0.235971 0.494692 0.238849 0.492569 0.240288 0.488323 0.240288 0.488323 0.243165 0.486200 0.244604 0.486200 0.250360 0.488323 0.251799 0.488323 0.254676 0.490446 0.256115 0.490446 0.258993 0.492569 0.260432 0.492569 0.271942 0.494692 0.271942 0.496815 0.273381 0.503185 0.273381 0.503185 0.271942 0.507431 0.269065 0.509554 0.269065 0.509554 0.264748 0.507431 0.263309 0.507431 0.258993 0.509554 0.257554 0.518047 0.257554 0.520170 0.258993 0.520170 0.263309 0.518047 0.264748 0.518047 0.270504 0.524416 0.270504 0.524416 0.253237 0.526539 0.251799 0.535032 0.251799 0.537155 0.253237 0.537155 0.257554 0.541401 0.260432 0.541401 0.267626 0.543524 0.269065 0.543524 0.273381 0.541401 0.274820 0.541401 0.296403 0.539278 0.297842 0.539278 0.299281 0.537155 0.300719 0.537155 0.302158 0.535032 0.303597 0.535032 0.306475 0.532909 0.307914 0.532909 0.310791 0.530786 0.312230 0.530786 0.313669 0.528662 0.315108 0.528662 0.317986 0.526539 0.319424 0.509554 0.319424 0.507431 0.317986 0.507431 0.309353 0.509554 0.307914 0.513800 0.307914 0.513800 0.306475 0.515924 0.305036 0.515924 0.300719 0.513800 0.299281 0.513800 0.296403 0.511677 0.296403 0.507431 0.293525 0.507431 0.292086 0.496815 0.292086 0.494692 0.290647 0.494692 0.277698 0.475584 0.277698 0.475584 0.284892 0.473461 0.286331 0.471338 0.286331 0.471338 0.290647 0.469214 0.292086 0.469214 0.299281 0.471338 0.300719 0.471338 0.307914 0.475584 0.307914 0.475584 0.305036 0.477707 0.303597 0.484076 0.303597 0.484076 0.299281 0.486200 0.297842 0.490446 0.297842 0.492569 0.299281 0.492569 0.305036 0.494692 0.306475 0.494692 0.312230 0.496815 0.313669 0.496815 0.316547 0.501062 0.319424 0.501062 0.322302 0.503185 0.323741 0.503185 0.326619 0.511677 0.326619 0.513800 0.328058 0.513800 0.333813 0.515924 0.335252 0.515924 0.346763 0.513800 0.348201 0.511677 0.348201 0.511677 0.374101 0.509554 0.375540 0.509554 0.378417 0.507431 0.379856 0.507431 0.382734 0.505308 0.384173 0.505308 0.395683 0.503185 0.397122 0.503185 0.405755 0.501062 0.407194 0.494692 0.407194 0.492569 0.405755 0.488323 0.405755 0.488323 0.411511 0.498938 0.411511 0.501062 0.412950 0.501062 0.418705 0.498938 0.420144 0.498938 0.425899 0.496815 0.427338 0.496815 0.440288 0.494692 0.441727 0.494692 0.450360 0.492569 0.451799 0.492569 0.494964 0.490446 0.496403 0.486200 0.496403 0.484076 0.494964 0.484076 0.493525 0.475584 0.493525 0.471338 0.490647 0.471338 0.486331 0.473461 0.484892 0.473461 0.483453 0.475584 0.482014 0.477707 0.482014 0.477707 0.473381 0.473461 0.473381 0.473461 0.474820 0.469214 0.477698 0.464968 0.477698 0.464968 0.489209 0.462845 0.490647 0.456476 0.490647 0.456476 0.502158 0.454352 0.503597 0.454352 0.506475 0.456476 0.507914 0.456476 0.515108 0.458599 0.516547 0.458599 0.532374 0.464968 0.532374 0.464968 0.530935 0.467091 0.529496 0.467091 0.523741 0.469214 0.522302 0.469214 0.517986 0.475584 0.513669 0.477707 0.513669 0.477707 0.506475 0.475584 0.505036 0.475584 0.497842 0.477707 0.496403 0.488323 0.496403 0.490446 0.497842 0.490446 0.515108 0.492569 0.516547 0.492569 0.528058 0.490446 0.529496 0.486200 0.529496 0.486200 0.541007 0.479830 0.545324 0.479830 0.551079 0.477707 0.552518 0.477707 0.556835 0.484076 0.556835 0.486200 0.558273 0.486200 0.565468 0.490446 0.565468 0.490446 0.558273 0.492569 0.556835 0.496815 0.556835 0.498938 0.558273 0.498938 0.562590 0.501062 0.564029 0.501062 0.566906 0.503185 0.568345 0.503185 0.578417 0.505308 0.579856 0.505308 0.595683 0.507431 0.597122 0.507431 0.600000 0.505308 0.601439 0.498938 0.601439 0.496815 0.600000 0.496815 0.588489 0.492569 0.585612 0.492569 0.581295 0.490446 0.579856 0.490446 0.578417 0.481953 0.578417 0.479830 0.576978 0.475584 0.576978 0.473461 0.575540 0.456476 0.575540 0.454352 0.576978 0.450106 0.576978 0.445860 0.574101 0.443737 0.574101 0.441614 0.572662 0.439490 0.572662 0.437367 0.571223 0.437367 0.568345 0.439490 0.566906 0.447983 0.566906 0.450106 0.568345 0.454352 0.568345 0.454352 0.564029 0.456476 0.562590 0.460722 0.562590 0.462845 0.561151 0.464968 0.561151 0.464968 0.558273 0.462845 0.558273 0.460722 0.556835 0.456476 0.556835 0.456476 0.558273 0.454352 0.559712 0.447983 0.559712 0.445860 0.558273 0.437367 0.558273 0.435244 0.556835 0.435244 0.535252 0.433121 0.533813 0.433121 0.530935 0.435244 0.529496 0.435244 0.516547 0.433121 0.515108 0.433121 0.507914 0.435244 0.506475 0.435244 0.492086 0.437367 0.490647 0.445860 0.490647 0.445860 0.484892 0.443737 0.483453 0.443737 0.470504 0.441614 0.469065 0.441614 0.466187 0.443737 0.464748 0.443737 0.457554 0.445860 0.456115 0.445860 0.435971 0.443737 0.434532 0.443737 0.430216 0.437367 0.430216 0.435244 0.428777 0.435244 0.427338 0.428875 0.427338 0.428875 0.492086 0.426752 0.493525 0.426752 0.502158 0.424628 0.503597 0.411890 0.503597 0.409766 0.502158 0.409766 0.492086 0.403397 0.492086 0.403397 0.507914 0.414013 0.507914 0.416136 0.509353 0.416136 0.512230 0.414013 0.513669 0.399151 0.513669 0.397028 0.512230 0.390658 0.512230 0.390658 0.516547 0.401274 0.516547 0.403397 0.517986 0.403397 0.525180 0.409766 0.525180 0.411890 0.523741 0.418259 0.523741 0.420382 0.525180 0.420382 0.535252 0.418259 0.536691 0.418259 0.549640 0.420382 0.551079 0.420382 0.558273 0.424628 0.561151 0.424628 0.562590 0.426752 0.562590 0.428875 0.564029 0.428875 0.566906 0.430998 0.568345 0.430998 0.571223 0.428875 0.572662 0.424628 0.572662 0.422505 0.571223 0.422505 0.569784 0.411890 0.569784 0.409766 0.568345 0.409766 0.566906 0.407643 0.566906 0.405520 0.565468 0.401274 0.565468 0.401274 0.568345 0.399151 0.569784 0.394904 0.569784 0.392781 0.568345 0.392781 0.559712 0.394904 0.558273 0.394904 0.553957 0.382166 0.553957 0.382166 0.559712 0.380042 0.561151 0.375796 0.561151 0.373673 0.559712 0.373673 0.556835 0.371550 0.555396 0.371550 0.535252 0.369427 0.533813 0.369427 0.505036 0.371550 0.503597 0.371550 0.500719 0.369427 0.499281 0.369427 0.484892 0.371550 0.483453 0.373673 0.483453 0.373673 0.482014 0.375796 0.480576 0.382166 0.480576 0.384289 0.482014 0.390658 0.482014 0.390658 0.464748 0.392781 0.463309 0.394904 0.463309 0.394904 0.460432 0.397028 0.458993 0.399151 0.458993 0.401274 0.457554 0.401274 0.450360 0.405520 0.447482 0.407643 0.447482 0.407643 0.441727 0.409766 0.440288 0.409766 0.438849 0.411890 0.437410 0.414013 0.437410 0.414013 0.433094 0.416136 0.431655 0.416136 0.428777 0.414013 0.427338 0.414013 0.414388 0.416136 0.412950 0.433121 0.412950 0.435244 0.414388 0.435244 0.415827 0.439490 0.415827 0.439490 0.414388 0.441614 0.412950 0.445860 0.412950 0.447983 0.411511 0.456476 0.411511 0.458599 0.412950 0.464968 0.412950 0.467091 0.411511 0.471338 0.411511 0.471338 0.410072 0.473461 0.408633 0.473461 0.405755 0.467091 0.405755 0.464968 0.407194 0.458599 0.407194 0.456476 0.405755 0.450106 0.405755 0.447983 0.407194 0.380042 0.407194 0.380042 0.411511 0.382166 0.412950 0.397028 0.412950 0.399151 0.411511 0.405520 0.411511 0.407643 0.412950 0.407643 0.415827 0.403397 0.418705 0.401274 0.418705 0.401274 0.421583 0.399151 0.423022 0.397028 0.423022 0.397028 0.424460 0.394904 0.425899 0.394904 0.427338 0.392781 0.428777 0.392781 0.430216 0.390658 0.431655 0.390658 0.435971 0.388535 0.437410 0.386412 0.437410 0.386412 0.440288 0.384289 0.441727 0.384289 0.446043 0.382166 0.447482 0.382166 0.448921 0.380042 0.450360 0.380042 0.451799 0.377919 0.453237 0.377919 0.454676 0.375796 0.456115 0.375796 0.458993 0.373673 0.460432 0.371550 0.460432 0.371550 0.463309 0.369427 0.464748 0.369427 0.467626 0.367304 0.469065 0.367304 0.473381 0.365180 0.474820 0.365180 0.477698 0.363057 0.479137 0.363057 0.480576 0.358811 0.483453 0.358811 0.487770 0.356688 0.489209 0.356688 0.494964 0.354565 0.496403 0.354565 0.515108 0.356688 0.516547 0.356688 0.539568 0.354565 0.541007 0.350318 0.541007 0.348195 0.539568 0.348195 0.535252 0.337580 0.535252 0.335456 0.533813 0.305732 0.533813 0.305732 0.536691 0.307856 0.538129 0.312102 0.538129 0.314225 0.539568 0.314225 0.541007 0.316348 0.541007 0.318471 0.542446 0.318471 0.545324 0.320594 0.546763 0.324841 0.546763 0.329087 0.549640 0.329087 0.555396 0.326964 0.556835 0.324841 0.556835 0.324841 0.559712 0.326964 0.559712 0.329087 0.561151 0.329087 0.565468 0.326964 0.566906 0.324841 0.566906 0.324841 0.569784 0.363057 0.569784 0.367304 0.572662 0.367304 0.582734 0.369427 0.582734 0.373673 0.585612 0.373673 0.589928 0.371550 0.591367 0.363057 0.591367 0.360934 0.592806 0.354565 0.592806 0.352442 0.591367 0.352442 0.589928 0.343949 0.589928 0.341826 0.588489 0.331210 0.588489 0.329087 0.587050 0.329087 0.582734 0.314225 0.582734 0.312102 0.581295 0.312102 0.578417 0.307856 0.575540 0.307856 0.569784 0.305732 0.568345 0.305732 0.564029 0.303609 0.562590 0.303609 0.549640 0.299363 0.549640 0.297240 0.548201 0.297240 0.546763 0.295117 0.546763 0.292994 0.545324 0.292994 0.539568 0.290870 0.538129 0.290870 0.535252 0.288747 0.535252 0.286624 0.533813 0.286624 0.529496 0.288747 0.528058 0.290870 0.528058 0.290870 0.520863 0.284501 0.520863 0.282378 0.519424 0.282378 0.515108 0.278132 0.512230 0.278132 0.493525 0.269639 0.493525 0.267516 0.492086 0.265393 0.492086 0.261146 0.489209 0.261146 0.482014 0.263270 0.480576 0.265393 0.480576 0.265393 0.476259 0.259023 0.476259 0.256900 0.474820 0.256900 0.473381 0.252654 0.473381 0.248408 0.470504 0.248408 0.469065 0.246285 0.467626 0.246285 0.466187 0.244161 0.464748 0.244161 0.454676 0.242038 0.454676 0.237792 0.451799 0.231423 0.451799 0.231423 0.457554 0.233546 0.458993 0.233546 0.463309 0.237792 0.466187 0.237792 0.467626 0.239915 0.469065 0.239915 0.470504 0.242038 0.471942 0.242038 0.476259 0.244161 0.477698 0.244161 0.479137 0.246285 0.480576 0.246285 0.483453 0.250531 0.486331 0.250531 0.489209 0.252654 0.490647 0.252654 0.493525 0.254777 0.494964 0.254777 0.497842 0.256900 0.499281 0.256900 0.503597 0.261146 0.506475 0.261146 0.513669 0.263270 0.513669 0.265393 0.515108 0.265393 0.517986 0.267516 0.519424 0.267516 0.522302 0.269639 0.523741 0.269639 0.530935 0.271762 0.530935 0.273885 0.532374 0.273885 0.541007 0.276008 0.541007 0.278132 0.542446 0.278132 0.545324 0.280255 0.546763 0.280255 0.549640 0.282378 0.551079 0.282378 0.556835 0.284501 0.558273 0.284501 0.559712 0.286624 0.561151 0.286624 0.565468 0.288747 0.565468 0.290870 0.566906 0.290870 0.568345 0.292994 0.569784 0.292994 0.572662 0.295117 0.574101 0.295117 0.576978 0.297240 0.578417 0.297240 0.582734 0.299363 0.584173 0.299363 0.585612 0.301486 0.585612 0.303609 0.587050 0.303609 0.588489 0.305732 0.589928 0.305732 0.594245 0.307856 0.595683 0.307856 0.602878 0.305732 0.604317 0.301486 0.604317 0.299363 0.605755 0.292994 0.605755 0.290870 0.604317 0.290870 0.602878 0.288747 0.602878 0.286624 0.601439 0.286624 0.597122 0.280255 0.597122 0.278132 0.595683 0.278132 0.594245 0.276008 0.594245 0.273885 0.592806 0.273885 0.589928 0.267516 0.589928 0.265393 0.588489 0.265393 0.585612 0.267516 0.584173 0.267516 0.581295 0.250531 0.581295 0.246285 0.578417 0.246285 0.576978 0.242038 0.576978 0.239915 0.575540 0.239915 0.572662 0.242038 0.571223 0.244161 0.571223 0.244161 0.568345 0.242038 0.566906 0.242038 0.559712 0.237792 0.559712 0.229299 0.553957 0.229299 0.552518 0.225053 0.549640 0.225053 0.545324 0.222930 0.545324 0.220807 0.543885 0.220807 0.541007 0.222930 0.539568 0.229299 0.539568 0.229299 0.536691 0.225053 0.536691 0.225053 0.538129 0.222930 0.539568 0.214437 0.539568 0.212314 0.538129 0.212314 0.530935 0.214437 0.529496 0.214437 0.526619 0.212314 0.526619 0.210191 0.525180 0.210191 0.522302 0.212314 0.520863 0.216561 0.520863 0.216561 0.517986 0.208068 0.517986 0.205945 0.516547 0.205945 0.513669 0.203822 0.512230 0.203822 0.506475 0.201699 0.505036 0.201699 0.502158 0.199575 0.502158 0.197452 0.500719 0.197452 0.493525 0.195329 0.492086 0.195329 0.480576 0.193206 0.479137 0.193206 0.474820 0.184713 0.474820 0.184713 0.484892 0.186837 0.486331 0.186837 0.489209 0.188960 0.490647 0.188960 0.494964 0.191083 0.496403 0.191083 0.500719 0.193206 0.502158 0.193206 0.506475 0.195329 0.507914 0.195329 0.513669 0.197452 0.515108 0.197452 0.520863 0.199575 0.522302 0.199575 0.525180 0.201699 0.526619 0.201699 0.528058 0.203822 0.529496 0.203822 0.532374 0.205945 0.533813 0.205945 0.536691 0.208068 0.538129 0.208068 0.543885 0.210191 0.545324 0.210191 0.548201 0.212314 0.548201 0.214437 0.549640 0.214437 0.552518 0.216561 0.553957 0.216561 0.556835 0.218684 0.558273 0.218684 0.561151 0.220807 0.562590 0.220807 0.565468 0.225053 0.568345 0.225053 0.569784 0.227176 0.569784 0.229299 0.571223 0.229299 0.574101 0.231423 0.575540 0.231423 0.576978 0.235669 0.579856 0.235669 0.581295 0.237792 0.581295 0.239915 0.582734 0.239915 0.589928 0.242038 0.591367 0.250531 0.591367 0.252654 0.592806 0.252654 0.594245 0.256900 0.597122 0.256900 0.601439 0.259023 0.602878 0.265393 0.602878 0.267516 0.604317 0.267516 0.608633 0.271762 0.611511 0.278132 0.611511 0.284501 0.615827 0.284501 0.621583 0.290870 0.621583 0.292994 0.623022 0.292994 0.627338 0.295117 0.627338 0.297240 0.628777 0.305732 0.628777 0.307856 0.630216 0.307856 0.637410 0.305732 0.638849 0.292994 0.638849 0.290870 0.637410 0.290870 0.633094 0.288747 0.631655 0.280255 0.631655 0.278132 0.630216 0.269639 0.630216 0.267516 0.628777 0.267516 0.623022 0.263270 0.623022 0.261146 0.624460 0.256900 0.624460 0.254777 0.625899 0.250531 0.625899 0.248408 0.624460 0.248408 0.620144 0.246285 0.618705 0.246285 0.614388 0.231423 0.614388 0.229299 0.612950 0.229299 0.595683 0.225053 0.595683 0.225053 0.604317 0.220807 0.607194 0.218684 0.607194 0.218684 0.608633 0.216561 0.610072 0.216561 0.612950 0.220807 0.615827 0.220807 0.620144 0.222930 0.620144 0.225053 0.621583 0.225053 0.630216 0.229299 0.630216 0.229299 0.628777 0.231423 0.627338 0.235669 0.627338 0.237792 0.628777 0.237792 0.638849 0.242038 0.638849 0.242038 0.634532 0.244161 0.633094 0.246285 0.633094 0.250531 0.630216 0.254777 0.630216 0.256900 0.631655 0.256900 0.635971 0.259023 0.635971 0.263270 0.638849 0.263270 0.641727 0.265393 0.643165 0.265393 0.644604 0.280255 0.644604 0.284501 0.647482 0.290870 0.647482 0.292994 0.648921 0.292994 0.651799 0.297240 0.651799 0.299363 0.653237 0.299363 0.654676 0.303609 0.654676 0.305732 0.656115 0.309979 0.656115 0.312102 0.654676 0.324841 0.654676 0.326964 0.656115 0.326964 0.658993 0.324841 0.660432 0.324841 0.664748 0.318471 0.669065 0.318471 0.671942 0.316348 0.673381 0.307856 0.673381 0.305732 0.671942 0.305732 0.666187 0.295117 0.666187 0.292994 0.664748 0.282378 0.664748 0.280255 0.663309 0.280255 0.661871 0.276008 0.661871 0.276008 0.663309 0.273885 0.664748 0.269639 0.664748 0.267516 0.663309 0.263270 0.663309 0.261146 0.664748 0.256900 0.664748 0.256900 0.667626 0.254777 0.669065 0.250531 0.669065 0.248408 0.667626 0.248408 0.666187 0.244161 0.666187 0.242038 0.664748 0.242038 0.663309 0.237792 0.663309 0.235669 0.664748 0.227176 0.664748 0.225053 0.666187 0.218684 0.666187 0.216561 0.664748 0.216561 0.663309 0.188960 0.663309 0.186837 0.661871 0.182590 0.661871 0.180467 0.663309 0.171975 0.663309 0.169851 0.661871 0.159236 0.661871 0.157113 0.660432 0.152866 0.660432 0.148620 0.657554 0.144374 0.657554 0.142251 0.656115 0.127389 0.656115 0.127389 0.661871 0.125265 0.663309 0.118896 0.663309 0.116773 0.664748 0.101911 0.664748 0.099788 0.663309 0.084926 0.663309 0.084926 0.666187 0.093418 0.666187 0.095541 0.667626 0.095541 0.669065 0.112527 0.669065 0.114650 0.667626 0.129512 0.667626 0.131635 0.669065 0.142251 0.669065 0.144374 0.670504 0.154989 0.670504 0.157113 0.671942 0.163482 0.671942 0.165605 0.673381 0.171975 0.673381 0.174098 0.674820 0.174098 0.677698 0.176221 0.679137 0.180467 0.679137 0.182590 0.677698 0.184713 0.677698 0.184713 0.676259 0.188960 0.673381 0.193206 0.673381 0.195329 0.674820 0.195329 0.677698 0.199575 0.677698 0.201699 0.679137 0.201699 0.680576 0.205945 0.680576 0.205945 0.679137 0.208068 0.677698 0.212314 0.677698 0.214437 0.679137 0.214437 0.682014 0.222930 0.682014 0.225053 0.683453 0.225053 0.684892 0.227176 0.684892 0.229299 0.686331 0.248408 0.686331 0.248408 0.679137 0.250531 0.677698 0.254777 0.677698 0.256900 0.679137 0.256900 0.682014 0.259023 0.683453 0.259023 0.686331 0.261146 0.686331 0.263270 0.687770 0.263270 0.697842 0.267516 0.697842 0.267516 0.693525 0.269639 0.692086 0.273885 0.692086 0.276008 0.693525 0.276008 0.706475 0.280255 0.706475 0.280255 0.694964 0.282378 0.693525 0.288747 0.693525 0.290870 0.694964 0.295117 0.694964 0.297240 0.696403 0.297240 0.697842 0.303609 0.697842 0.305732 0.699281 0.305732 0.703597 0.312102 0.703597 0.312102 0.700719 0.314225 0.699281 0.318471 0.699281 0.320594 0.700719 0.320594 0.703597 0.322718 0.703597 0.324841 0.705036 0.324841 0.706475 0.329087 0.706475 0.329087 0.705036 0.331210 0.703597 0.335456 0.703597 0.337580 0.705036 0.337580 0.706475 0.341826 0.706475 0.343949 0.705036 0.348195 0.705036 0.350318 0.706475 0.350318 0.709353 0.356688 0.709353 0.358811 0.710791 0.358811 0.713669 0.360934 0.713669 0.363057 0.715108 0.363057 0.728058 0.367304 0.728058 0.367304 0.717986 0.365180 0.716547 0.365180 0.713669 0.369427 0.710791 0.371550 0.710791 0.371550 0.709353 0.373673 0.707914 0.373673 0.706475 0.375796 0.705036 0.380042 0.705036 0.382166 0.706475 0.382166 0.712230 0.384289 0.713669 0.384289 0.723741 0.380042 0.726619 0.380042 0.728058 0.375796 0.730935 0.373673 0.730935 0.373673 0.732374 0.371550 0.733813 0.369427 0.733813 0.367304 0.735252 0.363057 0.735252 0.363057 0.738129 0.360934 0.739568 0.356688 0.739568 0.354565 0.738129 0.354565 0.728058 0.350318 0.728058 0.350318 0.736691 0.352442 0.736691 0.354565 0.738129 0.354565 0.742446 0.352442 0.743885 0.348195 0.743885 0.346072 0.745324 0.339703 0.745324 0.337580 0.746763 0.307856 0.746763 0.305732 0.748201 0.301486 0.748201 0.299363 0.749640 0.290870 0.749640 0.288747 0.751079 0.282378 0.751079 0.280255 0.749640 0.280255 0.748201 0.276008 0.748201 0.276008 0.752518 0.273885 0.753957 0.269639 0.753957 0.267516 0.752518 0.267516 0.751079 0.261146 0.751079 0.261146 0.755396 0.259023 0.756835 0.256900 0.756835 0.256900 0.758273 0.254777 0.759712 0.246285 0.759712 0.244161 0.761151 0.231423 0.761151 0.229299 0.759712 0.229299 0.758273 0.225053 0.758273 0.222930 0.759712 0.222930 0.762590 0.220807 0.764029 0.216561 0.764029 0.214437 0.765468 0.205945 0.765468 0.203822 0.766906 0.123142 0.766906 0.121019 0.765468 0.091295 0.765468 0.089172 0.766906 0.016985 0.766906 0.014862 0.765468 0.004246 0.765468 0.004246 0.768345 0.010616 0.768345 0.012739 0.769784 0.019108 0.769784 0.021231 0.771223 0.025478 0.771223 0.027601 0.772662 0.040340 0.772662 0.042463 0.774101 0.118896 0.774101 0.121019 0.772662 0.125265 0.772662 0.127389 0.771223 0.131635 0.771223 0.133758 0.772662 0.133758 0.774101 0.212314 0.774101 0.214437 0.775540 0.214437 0.776978 0.225053 0.776978 0.227176 0.778417 0.227176 0.782734 0.231423 0.782734 0.231423 0.781295 0.233546 0.779856 0.237792 0.779856 0.239915 0.781295 0.239915 0.784173 0.244161 0.784173 0.244161 0.778417 0.242038 0.776978 0.242038 0.774101 0.244161 0.772662 0.248408 0.772662 0.248408 0.768345 0.252654 0.765468 0.256900 0.765468 0.259023 0.766906 0.259023 0.772662 0.261146 0.772662 0.263270 0.774101 0.263270 0.775540 0.265393 0.776978 0.273885 0.776978 0.276008 0.778417 0.280255 0.778417 0.280255 0.772662 0.282378 0.771223 0.286624 0.771223 0.288747 0.772662 0.288747 0.778417 0.292994 0.778417 0.292994 0.772662 0.295117 0.771223 0.299363 0.771223 0.301486 0.772662 0.301486 0.776978 0.305732 0.776978 0.305732 0.765468 0.307856 0.764029 0.312102 0.764029 0.314225 0.762590 0.320594 0.762590 0.322718 0.764029 0.324841 0.764029 0.326964 0.765468 0.326964 0.768345 0.331210 0.768345 0.331210 0.765468 0.333333 0.764029 0.343949 0.764029 0.346072 0.762590 0.360934 0.762590 0.363057 0.764029 0.363057 0.765468 0.367304 0.765468 0.367304 0.764029 0.369427 0.762590 0.373673 0.762590 0.373673 0.752518 0.375796 0.751079 0.380042 0.751079 0.382166 0.752518 0.382166 0.758273 0.386412 0.758273 0.388535 0.759712 0.388535 0.761151 0.405520 0.761151 0.405520 0.755396 0.407643 0.753957 0.418259 0.753957 0.420382 0.755396 0.420382 0.758273 0.418259 0.759712 0.416136 0.759712 0.416136 0.765468 0.414013 0.766906 0.414013 0.771223 0.411890 0.772662 0.411890 0.774101 0.407643 0.776978 0.407643 0.782734 0.405520 0.784173 0.405520 0.785612 0.403397 0.787050 0.401274 0.787050 0.401274 0.789928 0.397028 0.792806 0.397028 0.795683 0.394904 0.797122 0.394904 0.801439 0.390658 0.804317 0.386412 0.804317 0.384289 0.805755 0.384289 0.808633 0.380042 0.811511 0.375796 0.811511 0.369427 0.815827 0.367304 0.815827 0.367304 0.817266 0.360934 0.821583 0.360934 0.823022 0.358811 0.824460 0.358811 0.827338 0.356688 0.828777 0.354565 0.828777 0.352442 0.830216 0.350318 0.830216 0.343949 0.834532 0.341826 0.834532 0.341826 0.835971 0.337580 0.838849 0.337580 0.840288 0.331210 0.844604 0.331210 0.846043 0.329087 0.847482 0.326964 0.847482 0.320594 0.851799 0.320594 0.853237 0.316348 0.856115 0.314225 0.856115 0.309979 0.858993 0.303609 0.858993 0.303609 0.861871 0.301486 0.863309 0.299363 0.863309 0.295117 0.866187 0.292994 0.866187 0.288747 0.869065 0.286624 0.869065 0.278132 0.874820 0.267516 0.874820 0.263270 0.877698 0.259023 0.877698 0.252654 0.882014 0.246285 0.882014 0.242038 0.884892 0.229299 0.884892 0.227176 0.886331 0.218684 0.886331 0.218684 0.887770 0.216561 0.889209 0.212314 0.889209 0.210191 0.890647 0.201699 0.890647 0.199575 0.892086 0.195329 0.892086 0.195329 0.893525 0.193206 0.894964 0.184713 0.894964 0.182590 0.896403 0.174098 0.896403 0.174098 0.897842 0.169851 0.900719 0.165605 0.900719 0.163482 0.902158 0.161359 0.902158 0.161359 0.906475 0.167728 0.906475 0.169851 0.905036 0.182590 0.905036 0.184713 0.906475 0.188960 0.906475 0.188960 0.903597 0.191083 0.902158 0.191083 0.900719 0.193206 0.899281 0.201699 0.899281 0.203822 0.900719 0.208068 0.900719 0.208068 0.899281 0.210191 0.897842 0.214437 0.897842 0.216561 0.899281 0.216561 0.903597 0.220807 0.903597 0.220807 0.899281 0.222930 0.897842 0.239915 0.897842 0.239915 0.896403 0.242038 0.894964 0.246285 0.894964 0.246285 0.892086 0.248408 0.890647 0.250531 0.890647 0.250531 0.887770 0.252654 0.886331 0.259023 0.886331 0.261146 0.887770 0.261146 0.889209 0.282378 0.889209 0.282378 0.884892 0.288747 0.880576 0.299363 0.880576 0.299363 0.879137 0.301486 0.877698 0.307856 0.877698 0.307856 0.874820 0.309979 0.873381 0.312102 0.873381 0.312102 0.867626 0.316348 0.864748 0.331210 0.864748 0.331210 0.863309 0.335456 0.860432 0.335456 0.858993 0.339703 0.856115 0.343949 0.856115 0.343949 0.854676 0.346072 0.853237 0.346072 0.850360 0.350318 0.847482 0.354565 0.847482 0.354565 0.846043 0.356688 0.844604 0.356688 0.843165 0.358811 0.841727 0.358811 0.840288 0.360934 0.838849 0.367304 0.838849 0.369427 0.840288 0.369427 0.844604 0.367304 0.846043 0.365180 0.846043 0.365180 0.847482 0.363057 0.848921 0.363057 0.851799 0.360934 0.853237 0.360934 0.854676 0.358811 0.856115 0.358811 0.861871 0.356688 0.863309 0.356688 0.864748 0.352442 0.867626 0.352442 0.869065 0.350318 0.870504 0.350318 0.873381 0.348195 0.874820 0.348195 0.880576 0.346072 0.882014 0.346072 0.883453 0.343949 0.884892 0.343949 0.886331 0.341826 0.887770 0.341826 0.889209 0.339703 0.890647 0.339703 0.894964 0.337580 0.896403 0.337580 0.899281 0.335456 0.900719 0.335456 0.906475 0.333333 0.907914 0.333333 0.912230 0.331210 0.913669 0.331210 0.915108 0.329087 0.916547 0.329087 0.919424 0.326964 0.920863 0.326964 0.926619 0.324841 0.928058 0.324841 0.935252 0.322718 0.936691 0.322718 0.941007 0.320594 0.942446 0.320594 0.945324 0.318471 0.946763 0.318471 0.948201 0.316348 0.949640 0.316348 0.952518 0.314225 0.953957 0.314225 0.956835 0.312102 0.958273 0.312102 0.962590 0.309979 0.964029 0.309979 0.966906 0.312102 0.968345 0.318471 0.968345 0.318471 0.964029 0.320594 0.962590 0.320594 0.959712 0.322718 0.958273 0.322718 0.956835 0.324841 0.955396 0.324841 0.951079 0.326964 0.949640 0.326964 0.948201 0.329087 0.946763 0.329087 0.943885 0.331210 0.942446 0.331210 0.935252 0.333333 0.933813 0.333333 0.930935 0.335456 0.929496 0.335456 0.925180 0.337580 0.923741 0.337580 0.922302 0.341826 0.919424 0.341826 0.916547 0.339703 0.915108 0.339703 0.912230 0.343949 0.909353 0.343949 0.907914 0.346072 0.906475 0.346072 0.905036 0.348195 0.903597 0.348195 0.899281 0.350318 0.897842 0.350318 0.896403 0.354565 0.893525 0.354565 0.889209 0.356688 0.887770 0.356688 0.883453 0.363057 0.879137 0.363057 0.874820 0.365180 0.873381 0.367304 0.873381 0.367304 0.870504 0.369427 0.869065 0.369427 0.864748 0.375796 0.860432 0.375796 0.851799 0.377919 0.850360 0.377919 0.848921 0.380042 0.847482 0.384289 0.847482 0.392781 0.841727 0.392781 0.838849 0.397028 0.835971 0.397028 0.833094 0.399151 0.831655 0.399151 0.827338 0.401274 0.825899 0.405520 0.825899 0.405520 0.823022 0.407643 0.821583 0.407643 0.820144 0.409766 0.818705 0.409766 0.815827 0.414013 0.812950 0.420382 0.812950 0.420382 0.805755 0.422505 0.804317 0.422505 0.802878 0.424628 0.801439 0.430998 0.801439 0.430998 0.797122 0.435244 0.794245 0.439490 0.794245 0.441614 0.792806 0.443737 0.792806 0.443737 0.788489 0.445860 0.787050 0.450106 0.787050 0.450106 0.785612 0.452229 0.784173 0.458599 0.784173 0.460722 0.785612 0.460722 0.801439 0.458599 0.802878 0.458599 0.808633 0.456476 0.810072 0.456476 0.812950 0.454352 0.814388 0.452229 0.814388 0.452229 0.821583 0.458599 0.821583 0.462845 0.824460 0.462845 0.828777 0.460722 0.830216 0.460722 0.846043 0.458599 0.847482 0.458599 0.851799 0.456476 0.853237 0.456476 0.857554 0.458599 0.857554 0.460722 0.858993 0.460722 0.863309 0.462845 0.864748 0.462845 0.870504 0.464968 0.871942 0.464968 0.889209 0.467091 0.890647 0.467091 0.900719 0.469214 0.902158 0.469214 0.903597 0.471338 0.905036 0.471338 0.917986 0.473461 0.919424 0.473461 0.920863 0.477707 0.920863 0.477707 0.902158 0.475584 0.900719 0.475584 0.886331 0.477707 0.884892 0.484076 0.884892 0.484076 0.883453 0.486200 0.882014 0.486200 0.879137 0.488323 0.877698 0.488323 0.871942 0.490446 0.870504 0.490446 0.867626 0.492569 0.866187 0.492569 0.851799 0.490446 0.851799 0.488323 0.850360 0.488323 0.847482 0.490446 0.846043 0.492569 0.846043 0.492569 0.827338 0.494692 0.825899 0.494692 0.820144 0.496815 0.818705 0.496815 0.814388 0.498938 0.812950 0.498938 0.789928 0.501062 0.788489 0.501062 0.784173 0.503185 0.782734 0.507431 0.782734 0.509554 0.784173 0.509554 0.787050 0.511677 0.788489 0.511677 0.791367 0.513800 0.792806 0.513800 0.794245 0.515924 0.795683 0.515924 0.800000 0.513800 0.801439 0.513800 0.807194 0.515924 0.807194 0.518047 0.808633 0.518047 0.810072 0.524416 0.814388 0.524416 0.817266 0.528662 0.817266 0.530786 0.818705 0.530786 0.821583 0.532909 0.823022 0.532909 0.824460 0.535032 0.825899 0.535032 0.827338 0.537155 0.828777 0.537155 0.835971 0.539278 0.837410 0.541401 0.837410 0.543524 0.838849 0.543524 0.841727 0.545648 0.843165 0.545648 0.844604 0.547771 0.846043 0.547771 0.851799 0.549894 0.853237 0.549894 0.854676 0.552017 0.856115 0.552017 0.857554 0.554140 0.857554 0.556263 0.858993 0.556263 0.860432 0.558386 0.861871 0.558386 0.863309 0.560510 0.864748 0.560510 0.870504 0.564756 0.873381 0.564756 0.874820 0.566879 0.874820 0.569002 0.876259 0.569002 0.877698 0.571125 0.879137 0.571125 0.882014 0.573248 0.883453 0.573248 0.886331 0.577495 0.889209 0.577495 0.890647 0.579618 0.890647 0.581741 0.892086 0.581741 0.893525 0.583864 0.894964 0.583864 0.897842 0.585987 0.899281 0.585987 0.900719 0.588110 0.900719 0.590234 0.902158 0.590234 0.903597 0.592357 0.905036 0.592357 0.907914 0.594480 0.909353 0.594480 0.912230 0.596603 0.913669 0.596603 0.915108 0.598726 0.916547 0.598726 0.917986 0.600849 0.919424 0.600849 0.920863 0.602972 0.922302 0.602972 0.923741 0.605096 0.923741 0.607219 0.925180 0.607219 0.926619 0.609342 0.928058 0.609342 0.932374 0.611465 0.933813 0.611465 0.935252 0.613588 0.936691 0.613588 0.938129 0.619958 0.942446 0.619958 0.943885 0.626327 0.943885 0.626327 0.936691 0.624204 0.935252 0.624204 0.933813 0.622081 0.932374 0.622081 0.928058 0.619958 0.928058 0.617834 0.926619 0.617834 0.917986 0.615711 0.917986 0.611465 0.915108 0.611465 0.913669 0.607219 0.913669 0.605096 0.912230 0.605096 0.905036 0.607219 0.903597 0.607219 0.890647 0.605096 0.889209 0.605096 0.883453 0.607219 0.882014 0.611465 0.882014 0.613588 0.883453 0.613588 0.887770 0.617834 0.890647 0.617834 0.893525 0.619958 0.894964 0.619958 0.900719 0.624204 0.900719 0.624204 0.892086 0.622081 0.890647 0.622081 0.877698 0.619958 0.876259 0.619958 0.874820 0.617834 0.873381 0.617834 0.863309 0.619958 0.861871 0.624204 0.861871 0.626327 0.863309 0.628450 0.863309 0.632696 0.866187 0.632696 0.867626 0.634820 0.869065 0.634820 0.870504 0.636943 0.871942 0.636943 0.874820 0.639066 0.876259 0.643312 0.876259 0.645435 0.877698 0.645435 0.880576 0.647558 0.882014 0.647558 0.886331 0.651805 0.886331 0.653928 0.887770 0.653928 0.889209 0.656051 0.890647 0.656051 0.892086 0.658174 0.893525 0.660297 0.893525 0.666667 0.897842 0.668790 0.897842 0.673036 0.900719 0.673036 0.903597 0.683652 0.910791 0.683652 0.913669 0.690021 0.917986 0.692144 0.917986 0.694268 0.919424 0.694268 0.920863 0.696391 0.922302 0.696391 0.923741 0.698514 0.925180 0.698514 0.926619 0.702760 0.926619 0.702760 0.917986 0.698514 0.915108 0.698514 0.913669 0.696391 0.913669 0.690021 0.909353 0.690021 0.902158 0.681529 0.896403 0.681529 0.894964 0.679406 0.894964 0.677282 0.893525 0.677282 0.890647 0.673036 0.887770 0.673036 0.886331 0.670913 0.884892 0.670913 0.883453 0.668790 0.882014 0.668790 0.873381 0.670913 0.871942 0.675159 0.871942 0.677282 0.873381 0.681529 0.873381 0.683652 0.874820 0.683652 0.880576 0.685775 0.880576 0.687898 0.882014 0.687898 0.883453 0.692144 0.883453 0.696391 0.886331 0.696391 0.892086 0.702760 0.892086 0.704883 0.893525 0.704883 0.900719 0.707006 0.900719 0.709130 0.902158 0.709130 0.903597 0.717622 0.903597 0.728238 0.910791 0.728238 0.913669 0.730361 0.915108 0.730361 0.917986 0.732484 0.917986 0.736730 0.920863 0.738854 0.920863 0.740977 0.922302 0.745223 0.922302 0.747346 0.923741 0.747346 0.928058 0.749469 0.929496 0.751592 0.929496 0.753715 0.930935 0.755839 0.930935 0.762208 0.935252 0.762208 0.938129 0.766454 0.941007 0.766454 0.943885 0.768577 0.945324 0.770701 0.945324 0.774947 0.948201 0.774947 0.949640 0.779193 0.952518 0.779193 0.953957 0.781316 0.955396 0.783439 0.955396 0.787686 0.958273 0.787686 0.959712 0.791932 0.959712 0.796178 0.962590 0.796178 0.965468 0.798301 0.966906 0.798301 0.968345 0.800425 0.969784 0.802548 0.969784 0.806794 0.972662 0.806794 0.974101 0.813163 0.974101 0.813163 0.968345 0.811040 0.966906 0.811040 0.964029 0.813163 0.962590 0.819533 0.962590 0.821656 0.964029 0.821656 0.965468 0.828025 0.965468 0.828025 0.962590 0.819533 0.956835 0.817410 0.956835 0.813163 0.953957 0.808917 0.953957 0.806794 0.952518 0.806794 0.945324 0.802548 0.945324 0.798301 0.942446 0.796178 0.942446 0.794055 0.941007 0.789809 0.941007 0.783439 0.936691 0.783439 0.935252 0.779193 0.932374 0.774947 0.932374 0.772824 0.930935 0.772824 0.928058 0.768577 0.925180 0.768577 0.923741 0.764331 0.923741 0.760085 0.920863 0.760085 0.919424 0.751592 0.919424 0.749469 0.917986 0.749469 0.913669 0.747346 0.913669 0.745223 0.912230 0.745223 0.900719 0.736730 0.900719 0.732484 0.897842 0.732484 0.890647 0.723992 0.890647 0.721868 0.889209 0.721868 0.884892 0.719745 0.883453 0.719745 0.876259 0.713376 0.876259 0.711253 0.874820 0.709130 0.874820 0.707006 0.873381 0.707006 0.870504 0.704883 0.870504 0.702760 0.869065 0.702760 0.863309 0.704883 0.861871 0.707006 0.861871 0.707006 0.854676 0.709130 0.853237 0.713376 0.853237 0.715499 0.854676 0.715499 0.861871 0.719745 0.861871 0.721868 0.860432 0.732484 0.860432 0.734607 0.861871 0.734607 0.864748 0.743100 0.864748 0.745223 0.866187 0.745223 0.870504 0.753715 0.870504 0.757962 0.873381 0.757962 0.877698 0.760085 0.877698 0.766454 0.882014 0.766454 0.884892 0.768577 0.886331 0.772824 0.886331 0.777070 0.889209 0.781316 0.889209 0.783439 0.890647 0.783439 0.893525 0.785563 0.893525 0.796178 0.900719 0.796178 0.902158 0.798301 0.903597 0.800425 0.903597 0.802548 0.905036 0.806794 0.905036 0.806794 0.902158 0.804671 0.900719 0.804671 0.896403 0.802548 0.896403 0.800425 0.894964 0.800425 0.893525 0.794055 0.889209 0.794055 0.887770 0.791932 0.887770 0.789809 0.886331 0.789809 0.883453 0.787686 0.883453 0.781316 0.879137 0.781316 0.873381 0.772824 0.873381 0.768577 0.870504 0.768577 0.864748 0.753715 0.864748 0.751592 0.863309 0.751592 0.857554 0.749469 0.857554 0.745223 0.854676 0.745223 0.844604 0.738854 0.844604 0.736730 0.843165 0.736730 0.838849 0.738854 0.837410 0.749469 0.837410 0.749469 0.834532 0.751592 0.833094 0.755839 0.833094 0.757962 0.834532 0.757962 0.841727 0.762208 0.841727 0.764331 0.843165 0.764331 0.844604 0.774947 0.844604 0.777070 0.846043 0.777070 0.853237 0.783439 0.853237 0.785563 0.851799 0.806794 0.851799 0.806794 0.847482 0.804671 0.846043 0.804671 0.844604 0.800425 0.841727 0.798301 0.841727 0.791932 0.837410 0.791932 0.834532 0.787686 0.834532 0.781316 0.830216 0.781316 0.828777 0.777070 0.828777 0.774947 0.827338 0.770701 0.827338 0.768577 0.825899 0.768577 0.810072 0.764331 0.810072 0.764331 0.812950 0.762208 0.814388 0.757962 0.814388 0.757962 0.815827 0.755839 0.817266 0.751592 0.817266 0.749469 0.815827 0.749469 0.805755 0.745223 0.802878 0.745223 0.800000 0.743100 0.798561 0.743100 0.788489 0.736730 0.788489 0.734607 0.787050 0.734607 0.781295 0.730361 0.778417 0.730361 0.759712 0.732484 0.758273 0.736730 0.758273 0.738854 0.759712 0.738854 0.762590 0.743100 0.762590 0.743100 0.759712 0.745223 0.758273 0.749469 0.758273 0.749469 0.753957 0.751592 0.752518 0.760085 0.752518 0.762208 0.753957 0.762208 0.759712 0.772824 0.759712 0.774947 0.761151 0.791932 0.761151 0.794055 0.759712 0.798301 0.759712 0.800425 0.761151 0.804671 0.761151 0.806794 0.759712 0.811040 0.759712 0.813163 0.761151 0.813163 0.762590 0.817410 0.762590 0.817410 0.759712 0.808917 0.759712 0.806794 0.758273 0.806794 0.753957 0.808917 0.752518 0.823779 0.752518 0.825902 0.753957 0.825902 0.759712 0.830149 0.759712 0.832272 0.758273 0.836518 0.758273 0.838641 0.759712 0.838641 0.764029 0.842887 0.764029 0.842887 0.759712 0.845011 0.758273 0.868365 0.758273 0.868365 0.752518 0.870488 0.751079 0.872611 0.751079 0.872611 0.741007 0.874735 0.739568 0.881104 0.739568 0.883227 0.741007 0.883227 0.751079 0.885350 0.751079 0.887473 0.752518 0.887473 0.753957 0.891720 0.753957 0.891720 0.752518 0.893843 0.751079 0.898089 0.751079 0.900212 0.752518 0.900212 0.758273 0.902335 0.759712 0.902335 0.762590 0.900212 0.764029 0.900212 0.766906 0.906582 0.766906 0.910828 0.769784 0.910828 0.774101 0.912951 0.775540 0.912951 0.776978 0.923567 0.776978 0.925690 0.778417 0.929936 0.778417 0.929936 0.776978 0.932059 0.775540 0.936306 0.775540 0.938429 0.776978 0.938429 0.778417 0.942675 0.778417 0.942675 0.776978 0.944798 0.775540 0.949045 0.775540 0.951168 0.776978 0.955414 0.776978 0.957537 0.775540 0.961783 0.775540 0.963907 0.776978 0.968153 0.776978 0.970276 0.775540 0.980892 0.775540 0.983015 0.774101 0.993631 0.774101 0.995754 0.772662 0.997877 0.772662 0.997877 0.741007 0.976645 0.741007 0.974522 0.739568 0.974522 0.736691 0.970276 0.736691 0.966030 0.733813 0.966030 0.729496 0.961783 0.729496 0.961783 0.730935 0.959660 0.732374 0.951168 0.732374 0.946921 0.735252 0.932059 0.735252 0.929936 0.733813 0.929936 0.720863 0.925690 0.720863 0.925690 0.733813 0.923567 0.735252 0.919321 0.735252 0.917197 0.733813 0.917197 0.732374 0.912951 0.732374 0.910828 0.733813 0.906582 0.733813 0.904459 0.732374 0.893843 0.732374 0.891720 0.730935 0.891720 0.709353 0.893843 0.707914 0.898089 0.707914 0.900212 0.709353 0.900212 0.716547 0.904459 0.716547 0.904459 0.709353 0.906582 0.707914 0.910828 0.707914 0.912951 0.709353 0.912951 0.715108 0.917197 0.715108 0.917197 0.709353 0.919321 0.707914 0.923567 0.707914 0.925690 0.709353 0.925690 0.715108 0.929936 0.715108 0.929936 0.707914 0.932059 0.706475 0.940552 0.706475 0.942675 0.707914 0.959660 0.707914 0.961783 0.709353 0.966030 0.709353 0.968153 0.707914 0.972399 0.707914 0.974522 0.709353 0.985138 0.709353 0.987261 0.710791 0.987261 0.722302 0.991507 0.722302 0.991507 0.707914 0.995754 0.705036 0.997877 0.705036 0.997877 0.594245 0.993631 0.594245 0.989384 0.591367 0.989384 0.588489 0.980892 0.588489 0.978769 0.587050 0.978769 0.585612 0.970276 0.585612 0.968153 0.584173 0.944798 0.584173 0.942675 0.582734 0.942675 0.578417 0.940552 0.576978 0.940552 0.575540 0.923567 0.575540 0.923567 0.578417 0.927813 0.578417 0.929936 0.579856 0.929936 0.582734 0.927813 0.584173 0.923567 0.584173 0.923567 0.585612 0.921444 0.587050 0.915074 0.587050 0.912951 0.585612 0.912951 0.584173 0.908705 0.584173 0.906582 0.585612 0.904459 0.585612 0.904459 0.587050 0.902335 0.588489 0.898089 0.588489 0.898089 0.589928 0.893843 0.592806 0.885350 0.592806 0.883227 0.594245 0.881104 0.594245 0.878981 0.595683 0.874735 0.595683 0.872611 0.594245 0.861996 0.594245 0.859873 0.595683 0.849257 0.595683 0.849257 0.597122 0.847134 0.598561 0.842887 0.598561 0.840764 0.597122 0.840764 0.594245 0.834395 0.594245 0.834395 0.600000 0.832272 0.601439 0.828025 0.601439 0.825902 0.600000 0.825902 0.594245 0.817410 0.594245 0.815287 0.592806 0.815287 0.588489 0.806794 0.588489 0.804671 0.587050 0.804671 0.585612 0.800425 0.585612 0.800425 0.601439 0.796178 0.604317 0.791932 0.604317 0.789809 0.602878 0.789809 0.591367 0.791932 0.589928 0.791932 0.587050 0.789809 0.585612 0.789809 0.575540 0.785563 0.575540 0.783439 0.576978 0.774947 0.576978 0.774947 0.594245 0.772824 0.595683 0.762208 0.595683 0.762208 0.598561 0.772824 0.598561 0.774947 0.600000 0.774947 0.602878 0.772824 0.604317 0.762208 0.604317 0.762208 0.610072 0.757962 0.612950 0.755839 0.612950 0.755839 0.624460 0.753715 0.625899 0.749469 0.625899 0.747346 0.624460 0.747346 0.621583 0.745223 0.621583 0.743100 0.620144 0.743100 0.617266 0.745223 0.615827 0.747346 0.615827 0.747346 0.612950 0.745223 0.612950 0.743100 0.611511 0.743100 0.604317 0.740977 0.602878 0.740977 0.595683 0.732484 0.595683 0.730361 0.594245 0.730361 0.582734 0.732484 0.581295 0.732484 0.574101 0.726115 0.574101 0.723992 0.572662 0.723992 0.569784 0.726115 0.568345 0.734607 0.568345 0.736730 0.566906 0.747346 0.566906 0.747346 0.558273 0.749469 0.556835 0.757962 0.556835 0.760085 0.558273 0.760085 0.566906 0.779193 0.566906 0.779193 0.565468 0.781316 0.564029 0.796178 0.564029 0.798301 0.565468 0.798301 0.566906 0.802548 0.566906 0.802548 0.549640 0.804671 0.548201 0.817410 0.548201 0.821656 0.551079 0.821656 0.552518 0.823779 0.553957 0.823779 0.566906 0.828025 0.566906 0.830149 0.568345 0.830149 0.571223 0.834395 0.571223 0.834395 0.568345 0.830149 0.568345 0.828025 0.566906 0.828025 0.558273 0.830149 0.556835 0.834395 0.556835 0.836518 0.558273 0.836518 0.559712 0.838641 0.561151 0.838641 0.562590 0.853503 0.562590 0.855626 0.564029 0.857749 0.564029 0.859873 0.565468 0.859873 0.566906 0.866242 0.566906 0.866242 0.525180 0.861996 0.525180 0.861996 0.533813 0.859873 0.535252 0.855626 0.535252 0.853503 0.533813 0.853503 0.530935 0.849257 0.530935 0.847134 0.529496 0.847134 0.528058 0.836518 0.528058 0.834395 0.526619 0.830149 0.526619 0.828025 0.525180 0.828025 0.519424 0.821656 0.519424 0.821656 0.522302 0.823779 0.523741 0.823779 0.529496 0.821656 0.530935 0.811040 0.530935 0.808917 0.529496 0.804671 0.529496 0.802548 0.528058 0.802548 0.522302 0.798301 0.522302 0.798301 0.525180 0.796178 0.526619 0.791932 0.526619 0.789809 0.525180 0.789809 0.520863 0.785563 0.520863 0.785563 0.525180 0.783439 0.526619 0.779193 0.526619 0.777070 0.525180 0.777070 0.516547 0.772824 0.516547 0.772824 0.519424 0.770701 0.520863 0.760085 0.520863 0.760085 0.526619 0.757962 0.528058 0.755839 0.528058 0.755839 0.533813 0.753715 0.535252 0.745223 0.535252 0.743100 0.533813 0.743100 0.526619 0.738854 0.526619 0.738854 0.535252 0.736730 0.536691 0.732484 0.536691 0.728238 0.533813 0.723992 0.533813 0.723992 0.541007 0.721868 0.542446 0.717622 0.542446 0.715499 0.541007 0.715499 0.536691 0.707006 0.536691 0.704883 0.535252 0.700637 0.535252 0.700637 0.551079 0.698514 0.552518 0.698514 0.553957 0.696391 0.555396 0.692144 0.555396 0.690021 0.553957 0.681529 0.553957 0.679406 0.552518 0.673036 0.552518 0.673036 0.568345 0.675159 0.569784 0.675159 0.572662 0.673036 0.574101 0.670913 0.574101 0.668790 0.575540 0.666667 0.575540 0.664544 0.576978 0.660297 0.576978 0.658174 0.578417 0.643312 0.578417 0.641189 0.576978 0.641189 0.575540 0.636943 0.575540 0.636943 0.585612 0.634820 0.587050 0.634820 0.592806 0.632696 0.594245 0.630573 0.594245 0.630573 0.600000 0.628450 0.601439 0.624204 0.601439 0.622081 0.600000 0.622081 0.594245 0.619958 0.594245 0.617834 0.592806 0.617834 0.587050 0.613588 0.587050 0.613588 0.588489 0.611465 0.589928 0.611465 0.595683 0.609342 0.597122 0.605096 0.597122 0.602972 0.595683 0.602972 0.576978 0.605096 0.575540 0.609342 0.575540 0.609342 0.566906 0.611465 0.565468 0.615711 0.565468 0.615711 0.558273 0.619958 0.555396 0.619958 0.546763 0.622081 0.545324 0.622081 0.542446 0.619958 0.541007 0.619958 0.528058 0.617834 0.526619 0.617834 0.519424 0.624204 0.515108 0.628450 0.515108 0.630573 0.516547 0.630573 0.548201 0.632696 0.548201 0.634820 0.549640 0.634820 0.566906 0.641189 0.566906 0.641189 0.558273 0.643312 0.556835 0.653928 0.556835 0.653928 0.549640 0.656051 0.548201 0.664544 0.548201 0.664544 0.545324 0.656051 0.545324 0.653928 0.543885 0.653928 0.539568 0.656051 0.538129 0.664544 0.538129 0.664544 0.533813 0.666667 0.532374 0.670913 0.532374 0.673036 0.533813 0.673036 0.539568 0.677282 0.539568 0.677282 0.529496 0.675159 0.528058 0.668790 0.528058 0.666667 0.526619 0.666667 0.520863 0.658174 0.520863 0.656051 0.522302 0.649682 0.522302 0.645435 0.519424 0.636943 0.519424 0.634820 0.517986 0.634820 0.510791 0.636943 0.509353 0.641189 0.509353 0.641189 0.507914 0.643312 0.506475 0.647558 0.506475 0.647558 0.497842 0.649682 0.496403 0.658174 0.496403 0.660297 0.497842 0.660297 0.503597 0.664544 0.503597 0.664544 0.500719 0.670913 0.496403 0.673036 0.496403 0.673036 0.493525 0.662420 0.493525 0.660297 0.492086 0.660297 0.487770 0.662420 0.486331 0.670913 0.486331 0.675159 0.483453 0.679406 0.483453 0.679406 0.482014 0.681529 0.480576 0.683652 0.480576 0.683652 0.473381 0.685775 0.471942 0.694268 0.471942 0.696391 0.473381 0.696391 0.477698 0.700637 0.477698 0.700637 0.474820 0.702760 0.473381 0.707006 0.473381 0.709130 0.474820 0.709130 0.479137 0.715499 0.479137 0.715499 0.473381 0.717622 0.471942 0.719745 0.471942 0.719745 0.470504 0.721868 0.469065 0.728238 0.469065 0.728238 0.466187 0.730361 0.464748 0.740977 0.464748 0.740977 0.456115 0.743100 0.454676 0.745223 0.454676 0.745223 0.441727 0.743100 0.440288 0.743100 0.438849 0.736730 0.438849 0.734607 0.440288 0.732484 0.440288 0.730361 0.441727 0.723992 0.441727 0.723992 0.444604 0.721868 0.446043 0.717622 0.446043 0.715499 0.447482 0.715499 0.448921 0.713376 0.450360 0.704883 0.450360 0.702760 0.451799 0.696391 0.451799 0.694268 0.453237 0.690021 0.453237 0.687898 0.454676 0.685775 0.454676 0.685775 0.458993 0.683652 0.460432 0.679406 0.460432 0.679406 0.463309 0.675159 0.466187 0.666667 0.466187 0.664544 0.464748 0.664544 0.460432 0.660297 0.460432 0.660297 0.466187 0.658174 0.467626 0.653928 0.467626 0.651805 0.466187 0.651805 0.463309 0.647558 0.463309 0.647558 0.477698 0.645435 0.479137 0.645435 0.480576 0.641189 0.483453 0.636943 0.483453 0.634820 0.482014 0.634820 0.476259 0.630573 0.476259 0.630573 0.483453 0.632696 0.483453 0.634820 0.484892 0.634820 0.489209 0.630573 0.492086 0.630573 0.493525 0.624204 0.497842 0.611465 0.497842 0.609342 0.496403 0.609342 0.490647 0.602972 0.490647 0.602972 0.493525 0.600849 0.494964 0.590234 0.494964 0.590234 0.510791 0.588110 0.512230 0.577495 0.512230 0.575372 0.513669 0.569002 0.513669 0.566879 0.515108 0.566879 0.516547 0.564756 0.517986 0.560510 0.517986 0.558386 0.516547 0.558386 0.503597 0.556263 0.502158 0.549894 0.502158 0.547771 0.500719 0.547771 0.492086 0.545648 0.490647 0.535032 0.490647 0.532909 0.489209 0.532909 0.486331 0.535032 0.484892 0.539278 0.484892 0.539278 0.483453 0.541401 0.482014 0.545648 0.482014 0.545648 0.477698 0.541401 0.477698 0.539278 0.476259 0.539278 0.471942 0.541401 0.470504 0.545648 0.470504 0.547771 0.471942 0.547771 0.474820 0.552017 0.474820 0.552017 0.464748 0.547771 0.464748 0.547771 0.466187 0.545648 0.467626 0.530786 0.467626 0.526539 0.464748 0.520170 0.464748 0.518047 0.463309 0.518047 0.438849 0.520170 0.437410 0.520170 0.423022 0.522293 0.421583 0.526539 0.421583 0.526539 0.412950 0.528662 0.411511 0.545648 0.411511 0.547771 0.410072 0.611465 0.410072 0.613588 0.411511 0.617834 0.411511 0.617834 0.407194 0.611465 0.407194 0.607219 0.404317 0.602972 0.404317 0.600849 0.405755 0.588110 0.405755 0.585987 0.407194 0.573248 0.407194 0.571125 0.405755 0.554140 0.405755 0.552017 0.407194 0.547771 0.407194 0.545648 0.405755 0.532909 0.405755 0.530786 0.404317 0.530786 0.397122 0.532909 0.395683 0.535032 0.395683 0.535032 0.394245 0.537155 0.392806 0.539278 0.392806 0.539278 0.388489 0.543524 0.385612 0.543524 0.381295 0.545648 0.379856 0.552017 0.379856 0.552017 0.372662 0.554140 0.371223 0.558386 0.371223 0.560510 0.369784 0.569002 0.369784 0.569002 0.364029 0.571125 0.362590 0.571125 0.356835 0.573248 0.355396 0.575372 0.355396 0.575372 0.343885 0.577495 0.342446 0.581741 0.342446 0.583864 0.343885 0.583864 0.352518 0.588110 0.352518 0.588110 0.336691 0.585987 0.335252 0.585987 0.332374 0.588110 0.330935 0.588110 0.329496 0.590234 0.328058 0.594480 0.328058 0.596603 0.329496 0.596603 0.332374 0.600849 0.335252 0.600849 0.342446 0.602972 0.343885 0.602972 0.345324 0.609342 0.345324 0.609342 0.342446 0.607219 0.341007 0.607219 0.330935 0.609342 0.329496 0.613588 0.329496 0.613588 0.325180 0.607219 0.325180 0.605096 0.323741 0.605096 0.317986 0.609342 0.315108 0.611465 0.315108 0.611465 0.313669 0.613588 0.312230 0.617834 0.312230 0.617834 0.310791 0.619958 0.309353 0.626327 0.309353 0.628450 0.310791 0.630573 0.310791 0.632696 0.312230 0.632696 0.313669 0.639066 0.313669 0.639066 0.312230 0.641189 0.310791 0.660297 0.310791 0.662420 0.309353 0.668790 0.309353 0.668790 0.303597 0.670913 0.302158 0.677282 0.302158 0.677282 0.299281 0.679406 0.297842 0.681529 0.297842 0.681529 0.293525 0.668790 0.293525 0.666667 0.292086 0.658174 0.292086 0.656051 0.290647 0.651805 0.290647 0.647558 0.287770 0.647558 0.282014 0.639066 0.282014 0.636943 0.280576 0.636943 0.261871 0.639066 0.260432 0.643312 0.260432 0.645435 0.261871 0.645435 0.266187 0.649682 0.266187 0.651805 0.264748 0.662420 0.264748 0.662420 0.254676 0.668790 0.250360 0.675159 0.250360 0.675159 0.247482 0.668790 0.247482 0.666667 0.246043 0.666667 0.243165 0.668790 0.241727 0.675159 0.241727 0.675159 0.237410 0.673036 0.237410 0.668790 0.234532 0.668790 0.227338 0.670913 0.225899 0.675159 0.225899 0.675159 0.217266 0.679406 0.214388 0.681529 0.214388 0.681529 0.201439 0.683652 0.200000 0.694268 0.200000 0.694268 0.198561 0.696391 0.197122 0.696391 0.194245 0.694268 0.192806 0.694268 0.189928 0.696391 0.188489 0.704883 0.188489 0.704883 0.185612 0.700637 0.185612 0.698514 0.184173 0.698514 0.176978 0.694268 0.176978 0.694268 0.179856 0.692144 0.181295 0.683652 0.181295 0.681529 0.179856 0.681529 0.164029 0.679406 0.164029 0.677282 0.162590 0.677282 0.159712 0.679406 0.158273 0.679406 0.146763 0.681529 0.145324 0.685775 0.145324 0.687898 0.146763 0.687898 0.156835 0.694268 0.156835 0.694268 0.145324 0.696391 0.143885 0.700637 0.143885 0.700637 0.141007 0.673036 0.141007 0.670913 0.142446 0.666667 0.142446 0.664544 0.141007 0.664544 0.135252 0.662420 0.135252 0.660297 0.133813 0.660297 0.129496 0.656051 0.129496 0.656051 0.130935 0.653928 0.132374 0.649682 0.132374 0.647558 0.130935 0.639066 0.130935 0.636943 0.129496 0.636943 0.122302 0.630573 0.122302 0.630573 0.136691 0.628450 0.138129 0.628450 0.141007 0.626327 0.142446 0.619958 0.142446 0.617834 0.141007 0.617834 0.139568 0.615711 0.138129 0.615711 0.133813 0.617834 0.132374 0.617834 0.123741 0.615711 0.122302 0.615711 0.120863 0.611465 0.120863 0.611465 0.125180 0.609342 0.126619 0.605096 0.126619 0.602972 0.125180 0.602972 0.120863 0.588110 0.120863 0.585987 0.119424 0.585987 0.109353 0.583864 0.109353 0.579618 0.106475 0.579618 0.100719 0.581741 0.099281 0.581741 0.094964 0.579618 0.093525 0.579618 0.090647 0.581741 0.089209 0.585987 0.089209 0.585987 0.083453 0.581741 0.083453 0.581741 0.084892 0.579618 0.086331 0.573248 0.086331 0.573248 0.106475 0.569002 0.109353 0.564756 0.109353 0.564756 0.115108 0.566879 0.116547 0.566879 0.119424 0.564756 0.120863 0.564756 0.123741 0.562633 0.125180 0.562633 0.126619 0.560510 0.128058 0.556263 0.128058 0.554140 0.126619 0.554140 0.122302 0.552017 0.122302 0.549894 0.120863 0.549894 0.112230 0.543524 0.112230 0.543524 0.120863 0.541401 0.122302 0.537155 0.122302 0.537155 0.125180 0.539278 0.126619 0.539278 0.132374 0.537155 0.133813 0.537155 0.135252 0.532909 0.138129 0.526539 0.138129 0.524416 0.136691 0.524416 0.117986 0.520170 0.117986 0.518047 0.116547 0.518047 0.112230 0.513800 0.109353 0.507431 0.109353 0.505308 0.107914 0.505308 0.105036 0.507431 0.103597 0.511677 0.103597 0.511677 0.100719 0.509554 0.100719 0.507431 0.099281 0.501062 0.099281 0.501062 0.105036 0.498938 0.106475 0.494692 0.106475 0.492569 0.105036 0.492569 0.093525 0.490446 0.092086 0.490446 0.082014 0.492569 0.080576 0.498938 0.080576 0.501062 0.082014 0.515924 0.082014 0.518047 0.083453 0.522293 0.083453 0.522293 0.080576 0.513800 0.080576 0.511677 0.079137 0.511677 0.074820 0.513800 0.073381 0.513800 0.070504 0.503185 0.070504 0.501062 0.071942 0.498938 0.071942 0.498938 0.073381 0.496815 0.074820 0.492569 0.074820 0.490446 0.073381 0.490446 0.067626 0.479830 0.067626 0.477707 0.066187 0.477707 0.057554 0.481953 0.054676 0.486200 0.054676 0.486200 0.028777 0.475584 0.028777 0.473461 0.027338 0.473461 0.024460 0.469214 0.024460 0.467091 0.023022 0.467091 0.020144 0.469214 0.018705 0.473461 0.018705 0.473461 0.017266 0.475584 0.015827 0.486200 0.015827 0.486200 0.004317 0.475584 0.004317 0.473461 0.002878 0.473461 0.000000 0.458599 0.000000 0.458599 0.001439 0.456476 0.002878 0.450106 0.002878 0.447983 0.001439 0.447983 0.000000