0 0.000000 0.739429 0.000000 0.749714 0.011765 0.749714 0.014118 0.750857 0.025882 0.750857 0.028235 0.752000 0.032941 0.752000 0.032941 0.749714 0.030588 0.748571 0.030588 0.747429 0.028235 0.747429 0.025882 0.746286 0.023529 0.746286 0.021176 0.745143 0.018824 0.745143 0.016471 0.744000 0.016471 0.742857 0.009412 0.742857 0.002353 0.739429
0 0.000000 0.690286 0.000000 0.699429 0.007059 0.699429 0.009412 0.700571 0.009412 0.701714 0.030588 0.701714 0.030588 0.694857 0.023529 0.694857 0.021176 0.693714 0.016471 0.693714 0.014118 0.692571 0.007059 0.692571 0.002353 0.690286
0 0.000000 0.602286 0.000000 0.618286 0.002353 0.618286 0.004706 0.619429 0.004706 0.620571 0.007059 0.620571 0.011765 0.622857 0.011765 0.626286 0.016471 0.626286 0.021176 0.628571 0.025882 0.628571 0.025882 0.625143 0.023529 0.625143 0.021176 0.624000 0.021176 0.617143 0.018824 0.616000 0.016471 0.616000 0.014118 0.614857 0.014118 0.613714 0.011765 0.612571 0.011765 0.610286 0.009412 0.610286 0.004706 0.608000 0.004706 0.606857 0.002353 0.605714 0.002353 0.602286
0 0.632941 0.534857 0.630588 0.536000 0.628235 0.536000 0.628235 0.542857 0.625882 0.544000 0.625882 0.545143 0.623529 0.546286 0.618824 0.546286 0.618824 0.553143 0.616471 0.554286 0.616471 0.557714 0.614118 0.558857 0.614118 0.560000 0.611765 0.561143 0.611765 0.563429 0.607059 0.565714 0.607059 0.568000 0.604706 0.569143 0.604706 0.571429 0.602353 0.572571 0.602353 0.576000 0.600000 0.577143 0.600000 0.579429 0.592941 0.582857 0.592941 0.587429 0.590588 0.588571 0.590588 0.600000 0.595294 0.600000 0.595294 0.597714 0.600000 0.595429 0.604706 0.595429 0.607059 0.596571 0.611765 0.596571 0.611765 0.594286 0.609412 0.593143 0.609412 0.589714 0.611765 0.588571 0.621176 0.588571 0.621176 0.585143 0.611765 0.585143 0.609412 0.584000 0.609412 0.579429 0.611765 0.578286 0.611765 0.576000 0.614118 0.574857 0.614118 0.570286 0.616471 0.569143 0.616471 0.566857 0.623529 0.563429 0.623529 0.558857 0.625882 0.557714 0.625882 0.556571 0.628235 0.555429 0.628235 0.553143 0.635294 0.549714 0.635294 0.545143 0.640000 0.542857 0.642353 0.542857 0.642353 0.538286 0.644706 0.537143 0.649412 0.537143 0.649412 0.534857
0 0.811765 0.532571 0.811765 0.534857 0.809412 0.536000 0.804706 0.536000 0.804706 0.540571 0.802353 0.541714 0.795294 0.541714 0.795294 0.544000 0.802353 0.544000 0.804706 0.542857 0.809412 0.542857 0.811765 0.544000 0.811765 0.548571 0.809412 0.549714 0.809412 0.553143 0.811765 0.553143 0.814118 0.554286 0.814118 0.555429 0.816471 0.556571 0.830588 0.556571 0.830588 0.548571 0.832941 0.547429 0.832941 0.545143 0.830588 0.544000 0.830588 0.536000 0.821176 0.536000 0.816471 0.533714 0.816471 0.532571
0 0.614118 0.489143 0.614118 0.491429 0.616471 0.491429 0.618824 0.492571 0.618824 0.496000 0.614118 0.498286 0.600000 0.498286 0.600000 0.501714 0.602353 0.502857 0.614118 0.502857 0.616471 0.504000 0.616471 0.505143 0.618824 0.506286 0.618824 0.507429 0.621176 0.508571 0.623529 0.508571 0.625882 0.509714 0.625882 0.515429 0.630588 0.515429 0.637647 0.518857 0.637647 0.523429 0.644706 0.523429 0.647059 0.524571 0.647059 0.525714 0.658824 0.525714 0.661176 0.526857 0.661176 0.528000 0.668235 0.528000 0.670588 0.526857 0.670588 0.524571 0.665882 0.522286 0.665882 0.514286 0.663529 0.513143 0.663529 0.508571 0.658824 0.508571 0.656471 0.507429 0.654118 0.507429 0.651765 0.506286 0.644706 0.506286 0.642353 0.505143 0.642353 0.499429 0.628235 0.499429 0.623529 0.497143 0.623529 0.494857 0.621176 0.494857 0.618824 0.493714 0.618824 0.489143
0 0.976471 0.402286 0.974118 0.403429 0.971765 0.403429 0.971765 0.405714 0.978824 0.409143 0.978824 0.410286 0.997647 0.410286 0.997647 0.404571 0.990588 0.404571 0.988235 0.405714 0.983529 0.405714 0.981176 0.404571 0.981176 0.402286
0 0.988235 0.331429 0.988235 0.350857 0.985882 0.352000 0.983529 0.352000 0.983529 0.354286 0.990588 0.354286 0.990588 0.350857 0.992941 0.349714 0.997647 0.349714 0.997647 0.342857 0.995294 0.342857 0.992941 0.341714 0.992941 0.339429 0.995294 0.338286 0.997647 0.338286 0.997647 0.331429
0 0.750588 0.293714 0.750588 0.297143 0.748235 0.298286 0.745882 0.298286 0.745882 0.300571 0.750588 0.300571 0.752941 0.301714 0.752941 0.308571 0.750588 0.309714 0.745882 0.309714 0.743529 0.308571 0.743529 0.307429 0.734118 0.307429 0.731765 0.306286 0.731765 0.305143 0.727059 0.305143 0.727059 0.307429 0.729412 0.308571 0.729412 0.310857 0.727059 0.312000 0.727059 0.323429 0.731765 0.323429 0.734118 0.322286 0.743529 0.322286 0.745882 0.323429 0.745882 0.326857 0.741176 0.329143 0.738824 0.329143 0.736471 0.330286 0.734118 0.330286 0.734118 0.334857 0.736471 0.336000 0.736471 0.338286 0.745882 0.338286 0.748235 0.339429 0.748235 0.344000 0.750588 0.345143 0.750588 0.350857 0.752941 0.352000 0.752941 0.356571 0.755294 0.357714 0.755294 0.358857 0.760000 0.358857 0.760000 0.324571 0.762353 0.323429 0.762353 0.315429 0.760000 0.314286 0.760000 0.301714 0.752941 0.301714 0.750588 0.300571 0.750588 0.297143 0.752941 0.296000 0.755294 0.296000 0.755294 0.293714
0 0.849412 0.188571 0.849412 0.205714 0.847059 0.206857 0.837647 0.206857 0.837647 0.208000 0.835294 0.209143 0.835294 0.214857 0.832941 0.216000 0.828235 0.216000 0.825882 0.214857 0.825882 0.213714 0.811765 0.213714 0.811765 0.217143 0.814118 0.217143 0.818824 0.219429 0.830588 0.219429 0.832941 0.220571 0.832941 0.228571 0.830588 0.229714 0.830588 0.234286 0.835294 0.236571 0.835294 0.237714 0.842353 0.237714 0.842353 0.227429 0.847059 0.225143 0.854118 0.225143 0.854118 0.222857 0.847059 0.222857 0.844706 0.221714 0.844706 0.211429 0.847059 0.210286 0.854118 0.210286 0.854118 0.188571
0 0.849412 0.117714 0.847059 0.118857 0.844706 0.118857 0.844706 0.122286 0.849412 0.124571 0.849412 0.144000 0.854118 0.144000 0.854118 0.140571 0.856471 0.139429 0.868235 0.139429 0.868235 0.134857 0.870588 0.133714 0.875294 0.133714 0.877647 0.134857 0.884706 0.134857 0.884706 0.132571 0.875294 0.132571 0.872941 0.131429 0.872941 0.130286 0.870588 0.129143 0.870588 0.126857 0.865882 0.126857 0.863529 0.128000 0.863529 0.136000 0.861176 0.137143 0.856471 0.137143 0.854118 0.136000 0.854118 0.117714
0 0.974118 0.084571 0.974118 0.090286 0.971765 0.091429 0.967059 0.091429 0.964706 0.090286 0.964706 0.086857 0.957647 0.086857 0.957647 0.090286 0.960000 0.090286 0.962353 0.091429 0.962353 0.093714 0.964706 0.094857 0.964706 0.096000 0.967059 0.097143 0.967059 0.098286 0.969412 0.098286 0.971765 0.099429 0.971765 0.106286 0.974118 0.107429 0.974118 0.110857 0.971765 0.112000 0.971765 0.113143 0.969412 0.114286 0.960000 0.114286 0.960000 0.120000 0.957647 0.121143 0.957647 0.124571 0.955294 0.125714 0.955294 0.129143 0.952941 0.130286 0.945882 0.130286 0.945882 0.133714 0.948235 0.134857 0.957647 0.134857 0.960000 0.136000 0.960000 0.154286 0.962353 0.155429 0.969412 0.155429 0.971765 0.156571 0.971765 0.160000 0.969412 0.161143 0.952941 0.161143 0.950588 0.160000 0.950588 0.158857 0.945882 0.158857 0.945882 0.161143 0.943529 0.162286 0.934118 0.162286 0.934118 0.165714 0.931765 0.166857 0.931765 0.186286 0.929412 0.187429 0.924706 0.187429 0.922353 0.186286 0.922353 0.173714 0.917647 0.173714 0.917647 0.212571 0.915294 0.213714 0.915294 0.217143 0.917647 0.218286 0.917647 0.225143 0.920000 0.226286 0.920000 0.228571 0.917647 0.229714 0.908235 0.229714 0.905882 0.228571 0.905882 0.227429 0.894118 0.227429 0.894118 0.233143 0.903529 0.233143 0.905882 0.232000 0.910588 0.232000 0.912941 0.233143 0.915294 0.233143 0.917647 0.234286 0.917647 0.250286 0.915294 0.251429 0.915294 0.254857 0.912941 0.256000 0.912941 0.257143 0.910588 0.258286 0.905882 0.258286 0.905882 0.259429 0.903529 0.260571 0.891765 0.260571 0.889412 0.261714 0.877647 0.261714 0.877647 0.269714 0.880000 0.270857 0.880000 0.277714 0.877647 0.278857 0.877647 0.291429 0.882353 0.291429 0.882353 0.289143 0.884706 0.288000 0.884706 0.284571 0.887059 0.283429 0.896471 0.283429 0.896471 0.281143 0.887059 0.281143 0.884706 0.280000 0.884706 0.273143 0.882353 0.272000 0.882353 0.266286 0.887059 0.264000 0.901176 0.264000 0.903529 0.265143 0.903529 0.266286 0.910588 0.266286 0.912941 0.267429 0.915294 0.267429 0.917647 0.268571 0.917647 0.269714 0.920000 0.270857 0.920000 0.275429 0.917647 0.276571 0.915294 0.276571 0.915294 0.278857 0.917647 0.278857 0.920000 0.280000 0.920000 0.290286 0.924706 0.290286 0.924706 0.286857 0.927059 0.285714 0.931765 0.285714 0.934118 0.286857 0.934118 0.290286 0.955294 0.290286 0.957647 0.291429 0.957647 0.292571 0.964706 0.292571 0.964706 0.291429 0.967059 0.290286 0.974118 0.290286 0.976471 0.291429 0.976471 0.296000 0.974118 0.297143 0.974118 0.300571 0.978824 0.300571 0.978824 0.299429 0.981176 0.298286 0.985882 0.298286 0.988235 0.299429 0.988235 0.300571 0.997647 0.300571 0.997647 0.235429 0.995294 0.235429 0.992941 0.234286 0.992941 0.230857 0.995294 0.229714 0.997647 0.229714 0.997647 0.224000 0.995294 0.224000 0.992941 0.222857 0.992941 0.217143 0.995294 0.216000 0.997647 0.216000 0.997647 0.208000 0.995294 0.208000 0.992941 0.206857 0.992941 0.203429 0.995294 0.202286 0.997647 0.202286 0.997647 0.109714 0.995294 0.109714 0.992941 0.108571 0.992941 0.098286 0.988235 0.098286 0.985882 0.097143 0.985882 0.094857 0.983529 0.094857 0.981176 0.093714 0.981176 0.091429 0.978824 0.090286 0.978824 0.084571
0 0.322353 0.038857 0.322353 0.040000 0.320000 0.041143 0.315294 0.041143 0.312941 0.040000 0.294118 0.040000 0.294118 0.043429 0.305882 0.043429 0.308235 0.044571 0.308235 0.048000 0.312941 0.048000 0.312941 0.044571 0.315294 0.043429 0.320000 0.043429 0.322353 0.044571 0.322353 0.048000 0.327059 0.048000 0.327059 0.044571 0.329412 0.043429 0.329412 0.040000 0.327059 0.038857
0 0.350588 0.027429 0.350588 0.030857 0.348235 0.032000 0.341176 0.032000 0.341176 0.033143 0.338824 0.034286 0.338824 0.051429 0.343529 0.051429 0.343529 0.050286 0.345882 0.049143 0.350588 0.049143 0.350588 0.045714 0.348235 0.045714 0.345882 0.044571 0.345882 0.042286 0.348235 0.041143 0.348235 0.038857 0.350588 0.037714 0.350588 0.030857 0.352941 0.029714 0.355294 0.029714 0.355294 0.027429
0 0.395294 0.000000 0.395294 0.001143 0.400000 0.001143 0.404706 0.003429 0.404706 0.004571 0.407059 0.005714 0.407059 0.012571 0.404706 0.013714 0.404706 0.021714 0.407059 0.022857 0.407059 0.024000 0.411765 0.024000 0.414118 0.025143 0.414118 0.028571 0.411765 0.029714 0.404706 0.029714 0.400000 0.027429 0.397647 0.027429 0.395294 0.026286 0.395294 0.021714 0.390588 0.021714 0.390588 0.024000 0.388235 0.025143 0.388235 0.026286 0.385882 0.027429 0.378824 0.027429 0.376471 0.028571 0.371765 0.028571 0.369412 0.029714 0.367059 0.029714 0.367059 0.034286 0.364706 0.035429 0.364706 0.036571 0.362353 0.037714 0.362353 0.040000 0.367059 0.040000 0.369412 0.038857 0.376471 0.038857 0.378824 0.040000 0.378824 0.043429 0.376471 0.044571 0.374118 0.044571 0.374118 0.046857 0.371765 0.048000 0.364706 0.048000 0.364706 0.051429 0.357647 0.054857 0.350588 0.054857 0.350588 0.058286 0.357647 0.058286 0.360000 0.059429 0.360000 0.061714 0.357647 0.062857 0.345882 0.062857 0.343529 0.064000 0.341176 0.064000 0.341176 0.065143 0.334118 0.068571 0.329412 0.068571 0.329412 0.070857 0.327059 0.072000 0.322353 0.072000 0.322353 0.082286 0.317647 0.084571 0.317647 0.089143 0.315294 0.090286 0.303529 0.090286 0.301176 0.089143 0.301176 0.088000 0.294118 0.088000 0.294118 0.090286 0.296471 0.091429 0.296471 0.096000 0.298824 0.097143 0.298824 0.098286 0.301176 0.098286 0.303529 0.099429 0.308235 0.099429 0.312941 0.101714 0.312941 0.104000 0.308235 0.106286 0.305882 0.106286 0.305882 0.108571 0.303529 0.109714 0.294118 0.109714 0.294118 0.110857 0.291765 0.112000 0.287059 0.112000 0.287059 0.114286 0.284706 0.115429 0.277647 0.115429 0.275294 0.114286 0.265882 0.114286 0.258824 0.110857 0.258824 0.105143 0.261176 0.104000 0.265882 0.104000 0.268235 0.105143 0.268235 0.108571 0.272941 0.108571 0.272941 0.104000 0.263529 0.104000 0.261176 0.102857 0.261176 0.099429 0.263529 0.098286 0.268235 0.098286 0.270588 0.099429 0.277647 0.099429 0.277647 0.096000 0.275294 0.094857 0.275294 0.088000 0.277647 0.086857 0.284706 0.086857 0.284706 0.082286 0.282353 0.082286 0.280000 0.081143 0.280000 0.077714 0.282353 0.076571 0.282353 0.074286 0.284706 0.073143 0.284706 0.068571 0.287059 0.067429 0.287059 0.065143 0.284706 0.064000 0.284706 0.050286 0.282353 0.049143 0.282353 0.041143 0.277647 0.038857 0.277647 0.036571 0.280000 0.035429 0.282353 0.035429 0.282353 0.033143 0.280000 0.033143 0.277647 0.032000 0.265882 0.032000 0.263529 0.030857 0.263529 0.026286 0.258824 0.024000 0.258824 0.017143 0.254118 0.017143 0.254118 0.020571 0.251765 0.021714 0.247059 0.021714 0.244706 0.020571 0.244706 0.012571 0.240000 0.012571 0.240000 0.014857 0.235294 0.017143 0.235294 0.020571 0.232941 0.021714 0.225882 0.021714 0.223529 0.022857 0.223529 0.030857 0.221176 0.032000 0.221176 0.035429 0.223529 0.035429 0.225882 0.036571 0.225882 0.037714 0.232941 0.037714 0.235294 0.038857 0.235294 0.041143 0.237647 0.042286 0.237647 0.043429 0.240000 0.044571 0.240000 0.052571 0.249412 0.052571 0.251765 0.053714 0.251765 0.057143 0.249412 0.058286 0.249412 0.060571 0.251765 0.061714 0.251765 0.064000 0.249412 0.065143 0.242353 0.065143 0.242353 0.066286 0.240000 0.067429 0.235294 0.067429 0.235294 0.069714 0.244706 0.069714 0.247059 0.070857 0.247059 0.076571 0.249412 0.076571 0.251765 0.077714 0.251765 0.078857 0.254118 0.080000 0.254118 0.096000 0.256471 0.097143 0.256471 0.101714 0.254118 0.102857 0.251765 0.102857 0.251765 0.105143 0.249412 0.106286 0.249412 0.112000 0.247059 0.113143 0.242353 0.113143 0.242353 0.116571 0.247059 0.116571 0.249412 0.117714 0.249412 0.125714 0.247059 0.126857 0.235294 0.126857 0.232941 0.125714 0.232941 0.118857 0.228235 0.118857 0.228235 0.140571 0.225882 0.141714 0.225882 0.145143 0.228235 0.146286 0.228235 0.158857 0.225882 0.160000 0.221176 0.160000 0.218824 0.158857 0.218824 0.150857 0.214118 0.150857 0.214118 0.160000 0.211765 0.161143 0.202353 0.161143 0.200000 0.162286 0.192941 0.162286 0.190588 0.163429 0.178824 0.163429 0.176471 0.162286 0.176471 0.152000 0.178824 0.150857 0.178824 0.147429 0.176471 0.146286 0.171765 0.146286 0.171765 0.154286 0.169412 0.155429 0.169412 0.156571 0.167059 0.157714 0.157647 0.157714 0.157647 0.160000 0.167059 0.160000 0.169412 0.161143 0.169412 0.164571 0.167059 0.165714 0.164706 0.165714 0.160000 0.168000 0.152941 0.168000 0.150588 0.166857 0.150588 0.165714 0.148235 0.164571 0.148235 0.161143 0.138824 0.161143 0.136471 0.160000 0.136471 0.158857 0.134118 0.157714 0.134118 0.142857 0.136471 0.141714 0.136471 0.131429 0.138824 0.130286 0.138824 0.128000 0.136471 0.126857 0.136471 0.125714 0.134118 0.124571 0.134118 0.122286 0.129412 0.122286 0.129412 0.132571 0.131765 0.133714 0.131765 0.136000 0.129412 0.137143 0.129412 0.139429 0.127059 0.140571 0.127059 0.141714 0.124706 0.142857 0.124706 0.145143 0.127059 0.146286 0.127059 0.149714 0.124706 0.150857 0.124706 0.153143 0.122353 0.154286 0.120000 0.154286 0.120000 0.155429 0.117647 0.156571 0.117647 0.165714 0.115294 0.166857 0.115294 0.170286 0.117647 0.171429 0.117647 0.182857 0.115294 0.184000 0.108235 0.184000 0.105882 0.182857 0.105882 0.181714 0.096471 0.181714 0.094118 0.180571 0.094118 0.173714 0.089412 0.173714 0.089412 0.182857 0.087059 0.184000 0.082353 0.184000 0.080000 0.182857 0.080000 0.180571 0.063529 0.180571 0.061176 0.181714 0.061176 0.182857 0.058824 0.184000 0.054118 0.184000 0.051765 0.182857 0.051765 0.181714 0.040000 0.181714 0.037647 0.180571 0.032941 0.180571 0.025882 0.177143 0.025882 0.176000 0.018824 0.176000 0.009412 0.171429 0.007059 0.171429 0.004706 0.170286 0.004706 0.169143 0.002353 0.168000 0.000000 0.168000 0.000000 0.192000 0.002353 0.192000 0.002353 0.190857 0.004706 0.189714 0.011765 0.189714 0.011765 0.187429 0.004706 0.187429 0.002353 0.186286 0.002353 0.180571 0.004706 0.179429 0.011765 0.179429 0.016471 0.181714 0.018824 0.181714 0.021176 0.182857 0.021176 0.192000 0.025882 0.192000 0.025882 0.189714 0.028235 0.188571 0.032941 0.188571 0.035294 0.189714 0.035294 0.193143 0.037647 0.194286 0.047059 0.194286 0.049412 0.195429 0.049412 0.197714 0.047059 0.198857 0.047059 0.200000 0.042353 0.202286 0.042353 0.211429 0.040000 0.212571 0.040000 0.218286 0.037647 0.219429 0.035294 0.219429 0.035294 0.224000 0.040000 0.224000 0.040000 0.220571 0.042353 0.219429 0.047059 0.219429 0.049412 0.220571 0.049412 0.226286 0.047059 0.227429 0.044706 0.227429 0.044706 0.229714 0.042353 0.230857 0.035294 0.230857 0.035294 0.240000 0.032941 0.241143 0.028235 0.241143 0.025882 0.240000 0.025882 0.221714 0.021176 0.221714 0.021176 0.245714 0.018824 0.246857 0.011765 0.246857 0.011765 0.250286 0.014118 0.251429 0.014118 0.254857 0.011765 0.256000 0.007059 0.256000 0.002353 0.258286 0.000000 0.258286 0.000000 0.285714 0.002353 0.285714 0.004706 0.286857 0.004706 0.292571 0.018824 0.292571 0.021176 0.293714 0.021176 0.305143 0.018824 0.306286 0.007059 0.306286 0.007059 0.310857 0.011765 0.310857 0.014118 0.309714 0.018824 0.309714 0.021176 0.310857 0.021176 0.324571 0.018824 0.325714 0.018824 0.328000 0.016471 0.329143 0.016471 0.334857 0.014118 0.336000 0.014118 0.338286 0.011765 0.339429 0.009412 0.339429 0.009412 0.344000 0.011765 0.345143 0.011765 0.346286 0.014118 0.346286 0.016471 0.347429 0.016471 0.350857 0.018824 0.352000 0.018824 0.353143 0.021176 0.354286 0.021176 0.361143 0.018824 0.362286 0.018824 0.364571 0.021176 0.365714 0.028235 0.365714 0.030588 0.366857 0.030588 0.369143 0.028235 0.370286 0.028235 0.373714 0.032941 0.373714 0.035294 0.374857 0.035294 0.378286 0.032941 0.379429 0.021176 0.379429 0.021176 0.380571 0.018824 0.381714 0.000000 0.381714 0.000000 0.393143 0.004706 0.393143 0.007059 0.394286 0.007059 0.398857 0.009412 0.400000 0.009412 0.401143 0.011765 0.402286 0.011765 0.410286 0.009412 0.411429 0.007059 0.411429 0.007059 0.413714 0.014118 0.413714 0.016471 0.414857 0.016471 0.424000 0.023529 0.424000 0.025882 0.425143 0.025882 0.426286 0.028235 0.427429 0.028235 0.432000 0.025882 0.433143 0.023529 0.433143 0.021176 0.434286 0.016471 0.434286 0.014118 0.433143 0.009412 0.433143 0.009412 0.434286 0.007059 0.435429 0.000000 0.435429 0.000000 0.441143 0.002353 0.441143 0.004706 0.442286 0.004706 0.444571 0.002353 0.445714 0.000000 0.445714 0.000000 0.449143 0.002353 0.449143 0.004706 0.448000 0.007059 0.448000 0.014118 0.444571 0.021176 0.444571 0.023529 0.445714 0.023529 0.446857 0.040000 0.446857 0.040000 0.444571 0.042353 0.443429 0.049412 0.443429 0.051765 0.444571 0.051765 0.446857 0.058824 0.446857 0.061176 0.448000 0.063529 0.448000 0.065882 0.449143 0.065882 0.451429 0.068235 0.452571 0.068235 0.453714 0.070588 0.454857 0.070588 0.458286 0.068235 0.459429 0.068235 0.465143 0.072941 0.465143 0.075294 0.466286 0.075294 0.468571 0.070588 0.470857 0.063529 0.470857 0.061176 0.469714 0.058824 0.469714 0.056471 0.468571 0.051765 0.468571 0.051765 0.474286 0.054118 0.475429 0.054118 0.478857 0.063529 0.478857 0.065882 0.480000 0.065882 0.489143 0.068235 0.489143 0.070588 0.490286 0.075294 0.490286 0.075294 0.489143 0.077647 0.488000 0.077647 0.483429 0.080000 0.482286 0.082353 0.482286 0.082353 0.480000 0.080000 0.478857 0.080000 0.476571 0.082353 0.475429 0.089412 0.475429 0.091765 0.476571 0.091765 0.478857 0.096471 0.478857 0.096471 0.475429 0.098824 0.474286 0.112941 0.474286 0.112941 0.467429 0.115294 0.466286 0.115294 0.462857 0.117647 0.461714 0.117647 0.458286 0.120000 0.457143 0.120000 0.454857 0.122353 0.453714 0.122353 0.451429 0.127059 0.449143 0.131765 0.449143 0.136471 0.451429 0.136471 0.452571 0.141176 0.454857 0.141176 0.457143 0.143529 0.458286 0.143529 0.462857 0.145882 0.464000 0.145882 0.467429 0.143529 0.468571 0.143529 0.472000 0.145882 0.472000 0.148235 0.473143 0.148235 0.474286 0.150588 0.475429 0.150588 0.477714 0.152941 0.478857 0.152941 0.480000 0.155294 0.481143 0.155294 0.482286 0.157647 0.483429 0.157647 0.484571 0.162353 0.486857 0.162353 0.491429 0.169412 0.491429 0.176471 0.494857 0.176471 0.497143 0.181176 0.497143 0.181176 0.492571 0.183529 0.491429 0.188235 0.491429 0.190588 0.492571 0.190588 0.502857 0.209412 0.502857 0.209412 0.486857 0.207059 0.485714 0.207059 0.456000 0.200000 0.456000 0.197647 0.457143 0.197647 0.462857 0.195294 0.464000 0.192941 0.464000 0.192941 0.465143 0.190588 0.466286 0.190588 0.468571 0.188235 0.469714 0.181176 0.469714 0.178824 0.468571 0.178824 0.464000 0.174118 0.464000 0.171765 0.462857 0.171765 0.460571 0.174118 0.459429 0.183529 0.459429 0.183529 0.458286 0.185882 0.457143 0.185882 0.454857 0.169412 0.454857 0.167059 0.453714 0.167059 0.451429 0.164706 0.450286 0.164706 0.448000 0.167059 0.446857 0.167059 0.443429 0.169412 0.442286 0.174118 0.442286 0.176471 0.443429 0.183529 0.443429 0.188235 0.445714 0.188235 0.451429 0.192941 0.451429 0.192941 0.450286 0.195294 0.449143 0.200000 0.449143 0.202353 0.450286 0.209412 0.450286 0.211765 0.449143 0.216471 0.449143 0.218824 0.450286 0.218824 0.454857 0.221176 0.454857 0.223529 0.456000 0.223529 0.459429 0.228235 0.459429 0.230588 0.460571 0.230588 0.473143 0.237647 0.473143 0.240000 0.474286 0.240000 0.476571 0.242353 0.477714 0.242353 0.478857 0.247059 0.478857 0.247059 0.476571 0.251765 0.474286 0.256471 0.474286 0.258824 0.475429 0.258824 0.481143 0.263529 0.481143 0.263529 0.476571 0.268235 0.474286 0.277647 0.474286 0.277647 0.473143 0.280000 0.472000 0.287059 0.472000 0.289412 0.473143 0.289412 0.474286 0.294118 0.474286 0.298824 0.476571 0.298824 0.482286 0.305882 0.482286 0.305882 0.476571 0.308235 0.475429 0.312941 0.475429 0.315294 0.476571 0.315294 0.481143 0.320000 0.481143 0.322353 0.482286 0.322353 0.483429 0.324706 0.483429 0.327059 0.484571 0.327059 0.485714 0.336471 0.485714 0.338824 0.486857 0.338824 0.488000 0.341176 0.489143 0.341176 0.490286 0.345882 0.490286 0.345882 0.484571 0.343529 0.483429 0.343529 0.475429 0.345882 0.474286 0.352941 0.474286 0.355294 0.475429 0.355294 0.476571 0.360000 0.476571 0.362353 0.475429 0.367059 0.475429 0.369412 0.476571 0.369412 0.484571 0.367059 0.485714 0.367059 0.489143 0.369412 0.490286 0.369412 0.504000 0.367059 0.505143 0.345882 0.505143 0.343529 0.504000 0.343529 0.502857 0.320000 0.502857 0.317647 0.501714 0.317647 0.498286 0.312941 0.498286 0.312941 0.506286 0.310588 0.507429 0.301176 0.507429 0.301176 0.508571 0.298824 0.509714 0.298824 0.514286 0.294118 0.516571 0.289412 0.516571 0.284706 0.518857 0.275294 0.518857 0.272941 0.520000 0.270588 0.520000 0.268235 0.521143 0.261176 0.521143 0.258824 0.522286 0.256471 0.522286 0.254118 0.523429 0.247059 0.523429 0.247059 0.524571 0.244706 0.525714 0.242353 0.525714 0.237647 0.528000 0.232941 0.528000 0.225882 0.531429 0.218824 0.531429 0.216471 0.532571 0.211765 0.532571 0.209412 0.531429 0.209412 0.523429 0.207059 0.522286 0.202353 0.522286 0.200000 0.521143 0.200000 0.518857 0.197647 0.517714 0.195294 0.517714 0.192941 0.516571 0.188235 0.516571 0.185882 0.515429 0.162353 0.515429 0.162353 0.517714 0.164706 0.518857 0.167059 0.518857 0.169412 0.520000 0.174118 0.520000 0.185882 0.525714 0.185882 0.530286 0.188235 0.531429 0.190588 0.531429 0.192941 0.532571 0.192941 0.533714 0.202353 0.533714 0.204706 0.534857 0.204706 0.537143 0.202353 0.538286 0.202353 0.540571 0.200000 0.541714 0.200000 0.542857 0.197647 0.544000 0.197647 0.546286 0.195294 0.547429 0.195294 0.548571 0.192941 0.549714 0.192941 0.550857 0.188235 0.553143 0.188235 0.556571 0.185882 0.557714 0.185882 0.560000 0.183529 0.561143 0.183529 0.563429 0.181176 0.564571 0.181176 0.566857 0.178824 0.568000 0.178824 0.570286 0.176471 0.571429 0.176471 0.574857 0.178824 0.576000 0.178824 0.579429 0.176471 0.580571 0.174118 0.580571 0.174118 0.582857 0.178824 0.582857 0.178824 0.580571 0.181176 0.579429 0.185882 0.579429 0.188235 0.580571 0.188235 0.588571 0.185882 0.589714 0.171765 0.589714 0.171765 0.592000 0.174118 0.593143 0.176471 0.593143 0.181176 0.595429 0.183529 0.595429 0.188235 0.597714 0.188235 0.601143 0.190588 0.602286 0.190588 0.609143 0.192941 0.609143 0.195294 0.610286 0.195294 0.611429 0.202353 0.611429 0.207059 0.613714 0.207059 0.614857 0.216471 0.614857 0.221176 0.617143 0.221176 0.618286 0.225882 0.618286 0.232941 0.621714 0.237647 0.621714 0.240000 0.622857 0.240000 0.624000 0.244706 0.624000 0.247059 0.625143 0.247059 0.626286 0.249412 0.627429 0.249412 0.628571 0.268235 0.628571 0.275294 0.632000 0.280000 0.632000 0.282353 0.633143 0.282353 0.634286 0.287059 0.634286 0.289412 0.635429 0.289412 0.637714 0.294118 0.637714 0.296471 0.638857 0.298824 0.638857 0.301176 0.640000 0.301176 0.646857 0.310588 0.646857 0.312941 0.648000 0.312941 0.652571 0.327059 0.652571 0.329412 0.653714 0.336471 0.653714 0.338824 0.654857 0.338824 0.658286 0.336471 0.659429 0.331765 0.659429 0.331765 0.660571 0.329412 0.661714 0.327059 0.661714 0.327059 0.664000 0.324706 0.665143 0.324706 0.666286 0.322353 0.667429 0.317647 0.667429 0.317647 0.668571 0.315294 0.669714 0.310588 0.669714 0.308235 0.668571 0.308235 0.662857 0.301176 0.662857 0.301176 0.674286 0.296471 0.676571 0.296471 0.677714 0.294118 0.678857 0.289412 0.678857 0.289412 0.680000 0.287059 0.681143 0.287059 0.682286 0.284706 0.683429 0.277647 0.683429 0.277647 0.686857 0.275294 0.688000 0.272941 0.688000 0.272941 0.689143 0.270588 0.690286 0.254118 0.690286 0.251765 0.691429 0.249412 0.691429 0.249412 0.692571 0.247059 0.693714 0.247059 0.699429 0.244706 0.700571 0.244706 0.704000 0.235294 0.708571 0.232941 0.708571 0.232941 0.712000 0.228235 0.714286 0.223529 0.714286 0.221176 0.715429 0.221176 0.717714 0.216471 0.720000 0.211765 0.720000 0.209412 0.721143 0.209412 0.722286 0.197647 0.728000 0.195294 0.728000 0.195294 0.729143 0.190588 0.731429 0.188235 0.731429 0.183529 0.733714 0.181176 0.733714 0.169412 0.739429 0.167059 0.739429 0.160000 0.742857 0.157647 0.742857 0.152941 0.745143 0.152941 0.747429 0.157647 0.747429 0.162353 0.745143 0.167059 0.745143 0.171765 0.742857 0.176471 0.742857 0.178824 0.744000 0.178824 0.747429 0.176471 0.748571 0.176471 0.750857 0.183529 0.750857 0.188235 0.748571 0.200000 0.748571 0.202353 0.749714 0.202353 0.752000 0.204706 0.753143 0.204706 0.756571 0.207059 0.757714 0.207059 0.761143 0.204706 0.762286 0.204706 0.763429 0.200000 0.765714 0.197647 0.765714 0.195294 0.766857 0.195294 0.768000 0.190588 0.770286 0.190588 0.771429 0.188235 0.772571 0.183529 0.772571 0.181176 0.771429 0.171765 0.771429 0.169412 0.770286 0.157647 0.770286 0.155294 0.769143 0.145882 0.769143 0.143529 0.768000 0.141176 0.768000 0.138824 0.766857 0.129412 0.766857 0.127059 0.765714 0.122353 0.765714 0.120000 0.764571 0.117647 0.764571 0.115294 0.763429 0.108235 0.763429 0.105882 0.762286 0.101176 0.762286 0.098824 0.761143 0.094118 0.761143 0.091765 0.760000 0.089412 0.760000 0.087059 0.758857 0.087059 0.757714 0.084706 0.756571 0.084706 0.755429 0.082353 0.754286 0.082353 0.753143 0.077647 0.750857 0.077647 0.748571 0.075294 0.747429 0.075294 0.746286 0.072941 0.745143 0.072941 0.744000 0.070588 0.742857 0.070588 0.740571 0.065882 0.738286 0.065882 0.737143 0.063529 0.736000 0.061176 0.736000 0.054118 0.732571 0.049412 0.732571 0.049412 0.734857 0.054118 0.737143 0.054118 0.738286 0.056471 0.739429 0.056471 0.741714 0.058824 0.742857 0.058824 0.744000 0.061176 0.745143 0.061176 0.746286 0.065882 0.748571 0.065882 0.749714 0.068235 0.750857 0.068235 0.752000 0.070588 0.753143 0.070588 0.755429 0.077647 0.758857 0.077647 0.760000 0.080000 0.761143 0.080000 0.762286 0.084706 0.764571 0.084706 0.765714 0.089412 0.768000 0.091765 0.768000 0.094118 0.769143 0.096471 0.769143 0.098824 0.770286 0.103529 0.770286 0.105882 0.771429 0.110588 0.771429 0.112941 0.772571 0.112941 0.773714 0.124706 0.773714 0.127059 0.774857 0.131765 0.774857 0.134118 0.776000 0.134118 0.777143 0.150588 0.777143 0.152941 0.778286 0.157647 0.778286 0.160000 0.779429 0.162353 0.779429 0.164706 0.780571 0.164706 0.781714 0.176471 0.781714 0.178824 0.782857 0.190588 0.782857 0.192941 0.784000 0.204706 0.784000 0.207059 0.785143 0.207059 0.786286 0.221176 0.786286 0.223529 0.787429 0.228235 0.787429 0.230588 0.788571 0.242353 0.788571 0.244706 0.789714 0.244706 0.792000 0.240000 0.794286 0.237647 0.794286 0.237647 0.795429 0.235294 0.796571 0.235294 0.797714 0.204706 0.812571 0.204706 0.813714 0.176471 0.827429 0.176471 0.828571 0.162353 0.835429 0.162353 0.836571 0.145882 0.844571 0.143529 0.844571 0.138824 0.846857 0.136471 0.846857 0.134118 0.848000 0.131765 0.848000 0.129412 0.849143 0.127059 0.849143 0.124706 0.850286 0.122353 0.850286 0.120000 0.851429 0.117647 0.851429 0.115294 0.852571 0.112941 0.852571 0.110588 0.853714 0.108235 0.853714 0.105882 0.854857 0.103529 0.854857 0.101176 0.856000 0.098824 0.856000 0.091765 0.859429 0.089412 0.859429 0.082353 0.862857 0.080000 0.862857 0.075294 0.865143 0.072941 0.865143 0.070588 0.866286 0.070588 0.868571 0.072941 0.869714 0.080000 0.869714 0.082353 0.868571 0.087059 0.868571 0.091765 0.866286 0.094118 0.866286 0.098824 0.864000 0.103529 0.864000 0.105882 0.862857 0.105882 0.861714 0.108235 0.860571 0.115294 0.860571 0.115294 0.859429 0.120000 0.857143 0.120000 0.856000 0.122353 0.854857 0.129412 0.854857 0.129412 0.853714 0.134118 0.851429 0.136471 0.851429 0.138824 0.850286 0.141176 0.850286 0.145882 0.848000 0.148235 0.848000 0.152941 0.845714 0.155294 0.845714 0.167059 0.840000 0.190588 0.840000 0.192941 0.841143 0.200000 0.841143 0.202353 0.842286 0.202353 0.845714 0.200000 0.846857 0.200000 0.848000 0.197647 0.849143 0.197647 0.851429 0.195294 0.852571 0.195294 0.853714 0.190588 0.856000 0.190588 0.857143 0.188235 0.858286 0.188235 0.859429 0.178824 0.864000 0.176471 0.864000 0.174118 0.865143 0.169412 0.865143 0.167059 0.866286 0.164706 0.866286 0.162353 0.867429 0.160000 0.867429 0.157647 0.868571 0.155294 0.868571 0.152941 0.869714 0.150588 0.869714 0.148235 0.870857 0.143529 0.870857 0.138824 0.873143 0.136471 0.873143 0.131765 0.875429 0.129412 0.875429 0.127059 0.876571 0.127059 0.880000 0.129412 0.881143 0.134118 0.881143 0.136471 0.880000 0.138824 0.880000 0.141176 0.878857 0.143529 0.878857 0.145882 0.877714 0.148235 0.877714 0.150588 0.876571 0.155294 0.876571 0.160000 0.874286 0.167059 0.874286 0.169412 0.875429 0.169412 0.882286 0.167059 0.883429 0.167059 0.884571 0.164706 0.885714 0.164706 0.886857 0.160000 0.889143 0.160000 0.891429 0.164706 0.891429 0.167059 0.890286 0.167059 0.889143 0.169412 0.888000 0.174118 0.888000 0.176471 0.889143 0.176471 0.893714 0.181176 0.893714 0.183529 0.892571 0.183529 0.891429 0.185882 0.890286 0.185882 0.884571 0.188235 0.883429 0.188235 0.880000 0.190588 0.878857 0.190588 0.877714 0.192941 0.876571 0.192941 0.873143 0.197647 0.870857 0.197647 0.868571 0.204706 0.865143 0.207059 0.865143 0.209412 0.864000 0.211765 0.864000 0.214118 0.862857 0.216471 0.862857 0.218824 0.861714 0.221176 0.861714 0.223529 0.860571 0.225882 0.860571 0.228235 0.859429 0.230588 0.859429 0.232941 0.858286 0.237647 0.858286 0.242353 0.856000 0.249412 0.856000 0.251765 0.854857 0.254118 0.854857 0.254118 0.853714 0.256471 0.852571 0.261176 0.852571 0.263529 0.851429 0.268235 0.851429 0.270588 0.850286 0.282353 0.850286 0.284706 0.849143 0.296471 0.849143 0.298824 0.848000 0.303529 0.848000 0.305882 0.849143 0.305882 0.852571 0.308235 0.853714 0.308235 0.856000 0.305882 0.857143 0.305882 0.859429 0.303529 0.860571 0.303529 0.861714 0.301176 0.862857 0.301176 0.864000 0.298824 0.865143 0.298824 0.866286 0.294118 0.868571 0.294118 0.869714 0.287059 0.873143 0.282353 0.873143 0.275294 0.869714 0.270588 0.869714 0.270588 0.872000 0.277647 0.875429 0.277647 0.877714 0.280000 0.878857 0.280000 0.881143 0.277647 0.882286 0.277647 0.883429 0.275294 0.884571 0.275294 0.885714 0.268235 0.889143 0.268235 0.890286 0.263529 0.892571 0.263529 0.893714 0.247059 0.901714 0.244706 0.901714 0.242353 0.902857 0.237647 0.902857 0.235294 0.904000 0.232941 0.904000 0.230588 0.905143 0.228235 0.905143 0.225882 0.906286 0.223529 0.906286 0.221176 0.907429 0.216471 0.907429 0.214118 0.908571 0.207059 0.908571 0.204706 0.909714 0.200000 0.909714 0.197647 0.910857 0.195294 0.910857 0.190588 0.913143 0.190588 0.915429 0.204706 0.915429 0.207059 0.914286 0.214118 0.914286 0.216471 0.913143 0.221176 0.913143 0.223529 0.912000 0.235294 0.912000 0.237647 0.913143 0.237647 0.920000 0.242353 0.920000 0.251765 0.915429 0.254118 0.915429 0.263529 0.910857 0.265882 0.910857 0.268235 0.909714 0.272941 0.909714 0.275294 0.910857 0.275294 0.912000 0.277647 0.913143 0.282353 0.913143 0.284706 0.912000 0.287059 0.912000 0.291765 0.909714 0.298824 0.909714 0.303529 0.912000 0.303529 0.913143 0.308235 0.915429 0.308235 0.917714 0.317647 0.917714 0.322353 0.920000 0.322353 0.926857 0.320000 0.928000 0.320000 0.932571 0.317647 0.933714 0.317647 0.938286 0.315294 0.939429 0.315294 0.948571 0.322353 0.948571 0.322353 0.944000 0.324706 0.942857 0.324706 0.938286 0.327059 0.937143 0.327059 0.933714 0.329412 0.932571 0.329412 0.929143 0.331765 0.928000 0.331765 0.924571 0.334118 0.923429 0.334118 0.921143 0.336471 0.920000 0.336471 0.916571 0.338824 0.915429 0.338824 0.913143 0.343529 0.910857 0.367059 0.910857 0.369412 0.912000 0.374118 0.912000 0.376471 0.913143 0.388235 0.913143 0.390588 0.914286 0.395294 0.914286 0.395294 0.909714 0.392941 0.909714 0.390588 0.908571 0.383529 0.908571 0.378824 0.906286 0.378824 0.905143 0.376471 0.904000 0.376471 0.901714 0.378824 0.900571 0.381176 0.900571 0.381176 0.898286 0.385882 0.896000 0.390588 0.896000 0.392941 0.897143 0.400000 0.897143 0.402353 0.896000 0.402353 0.894857 0.404706 0.893714 0.404706 0.891429 0.409412 0.889143 0.409412 0.888000 0.411765 0.886857 0.414118 0.886857 0.416471 0.885714 0.421176 0.885714 0.425882 0.883429 0.430588 0.883429 0.432941 0.884571 0.432941 0.890286 0.430588 0.891429 0.430588 0.892571 0.428235 0.893714 0.428235 0.894857 0.425882 0.896000 0.425882 0.898286 0.423529 0.899429 0.423529 0.900571 0.421176 0.901714 0.421176 0.902857 0.418824 0.904000 0.418824 0.905143 0.416471 0.906286 0.416471 0.907429 0.414118 0.908571 0.414118 0.909714 0.411765 0.910857 0.411765 0.912000 0.409412 0.913143 0.409412 0.914286 0.407059 0.915429 0.407059 0.916571 0.402353 0.918857 0.402353 0.921143 0.400000 0.922286 0.400000 0.923429 0.397647 0.924571 0.397647 0.925714 0.395294 0.926857 0.395294 0.928000 0.392941 0.929143 0.392941 0.930286 0.390588 0.931429 0.390588 0.933714 0.385882 0.936000 0.385882 0.938286 0.383529 0.939429 0.383529 0.940571 0.381176 0.941714 0.381176 0.942857 0.378824 0.944000 0.378824 0.946286 0.376471 0.947429 0.376471 0.948571 0.374118 0.949714 0.374118 0.953143 0.371765 0.954286 0.371765 0.962286 0.374118 0.963429 0.374118 0.964571 0.378824 0.964571 0.381176 0.965714 0.381176 0.968000 0.385882 0.968000 0.385882 0.963429 0.388235 0.962286 0.388235 0.958857 0.390588 0.957714 0.390588 0.955429 0.392941 0.954286 0.392941 0.952000 0.397647 0.949714 0.397647 0.947429 0.402353 0.945143 0.402353 0.944000 0.407059 0.941714 0.407059 0.938286 0.409412 0.937143 0.409412 0.934857 0.414118 0.932571 0.414118 0.931429 0.418824 0.929143 0.418824 0.928000 0.421176 0.926857 0.421176 0.925714 0.425882 0.923429 0.425882 0.921143 0.428235 0.920000 0.432941 0.920000 0.435294 0.921143 0.435294 0.923429 0.432941 0.924571 0.432941 0.928000 0.430588 0.929143 0.430588 0.933714 0.428235 0.934857 0.428235 0.939429 0.425882 0.940571 0.425882 0.944000 0.423529 0.945143 0.423529 0.948571 0.421176 0.949714 0.421176 0.952000 0.425882 0.952000 0.428235 0.953143 0.428235 0.956571 0.432941 0.956571 0.435294 0.955429 0.435294 0.952000 0.437647 0.950857 0.437647 0.947429 0.440000 0.946286 0.440000 0.942857 0.442353 0.941714 0.442353 0.939429 0.444706 0.938286 0.444706 0.928000 0.447059 0.926857 0.449412 0.926857 0.451765 0.925714 0.451765 0.923429 0.454118 0.922286 0.454118 0.920000 0.456471 0.918857 0.456471 0.915429 0.458824 0.914286 0.458824 0.913143 0.461176 0.912000 0.461176 0.908571 0.463529 0.907429 0.463529 0.904000 0.465882 0.902857 0.465882 0.898286 0.468235 0.897143 0.468235 0.890286 0.470588 0.889143 0.470588 0.884571 0.472941 0.883429 0.472941 0.876571 0.475294 0.875429 0.475294 0.872000 0.477647 0.870857 0.477647 0.867429 0.480000 0.866286 0.480000 0.862857 0.482353 0.861714 0.482353 0.858286 0.484706 0.857143 0.484706 0.856000 0.487059 0.854857 0.487059 0.851429 0.489412 0.850286 0.489412 0.849143 0.491765 0.848000 0.491765 0.845714 0.494118 0.844571 0.494118 0.842286 0.496471 0.841143 0.496471 0.838857 0.498824 0.837714 0.498824 0.835429 0.501176 0.834286 0.501176 0.830857 0.503529 0.829714 0.503529 0.828571 0.505882 0.827429 0.505882 0.824000 0.508235 0.822857 0.508235 0.820571 0.512941 0.818286 0.520000 0.818286 0.522353 0.819429 0.522353 0.865143 0.524706 0.866286 0.524706 0.876571 0.527059 0.877714 0.527059 0.880000 0.524706 0.881143 0.524706 0.885714 0.522353 0.886857 0.522353 0.894857 0.520000 0.896000 0.520000 0.900571 0.517647 0.901714 0.517647 0.906286 0.515294 0.907429 0.515294 0.910857 0.512941 0.912000 0.512941 0.914286 0.510588 0.915429 0.510588 0.918857 0.508235 0.920000 0.508235 0.924571 0.505882 0.925714 0.505882 0.929143 0.503529 0.930286 0.503529 0.937143 0.501176 0.938286 0.501176 0.942857 0.498824 0.944000 0.498824 0.957714 0.496471 0.958857 0.496471 0.969143 0.498824 0.970286 0.498824 0.972571 0.501176 0.973714 0.501176 0.974857 0.508235 0.974857 0.508235 0.968000 0.510588 0.966857 0.510588 0.963429 0.512941 0.962286 0.512941 0.956571 0.515294 0.955429 0.515294 0.950857 0.517647 0.949714 0.517647 0.944000 0.520000 0.942857 0.524706 0.942857 0.527059 0.944000 0.527059 0.955429 0.529412 0.956571 0.534118 0.956571 0.536471 0.955429 0.536471 0.953143 0.538824 0.952000 0.538824 0.925714 0.541176 0.924571 0.541176 0.918857 0.543529 0.917714 0.543529 0.912000 0.545882 0.910857 0.545882 0.909714 0.548235 0.908571 0.552941 0.908571 0.555294 0.909714 0.555294 0.910857 0.557647 0.912000 0.557647 0.920000 0.560000 0.921143 0.560000 0.928000 0.562353 0.929143 0.562353 0.934857 0.564706 0.936000 0.564706 0.942857 0.567059 0.944000 0.567059 0.947429 0.569412 0.948571 0.569412 0.956571 0.571765 0.957714 0.571765 0.968000 0.574118 0.969143 0.574118 0.978286 0.576471 0.979429 0.581176 0.979429 0.581176 0.977143 0.583529 0.976000 0.583529 0.954286 0.581176 0.953143 0.581176 0.942857 0.578824 0.941714 0.578824 0.936000 0.581176 0.934857 0.581176 0.926857 0.583529 0.925714 0.588235 0.925714 0.590588 0.926857 0.590588 0.928000 0.592941 0.929143 0.592941 0.930286 0.595294 0.931429 0.595294 0.933714 0.597647 0.934857 0.597647 0.936000 0.600000 0.937143 0.600000 0.940571 0.602353 0.941714 0.602353 0.942857 0.604706 0.944000 0.604706 0.945143 0.607059 0.946286 0.607059 0.947429 0.609412 0.948571 0.609412 0.950857 0.611765 0.952000 0.611765 0.953143 0.614118 0.954286 0.614118 0.955429 0.618824 0.957714 0.618824 0.958857 0.623529 0.961143 0.623529 0.962286 0.625882 0.962286 0.628235 0.963429 0.637647 0.963429 0.640000 0.964571 0.644706 0.964571 0.644706 0.961143 0.647059 0.960000 0.647059 0.953143 0.649412 0.952000 0.654118 0.952000 0.656471 0.953143 0.658824 0.953143 0.661176 0.954286 0.661176 0.955429 0.668235 0.955429 0.668235 0.952000 0.670588 0.950857 0.672941 0.950857 0.672941 0.947429 0.670588 0.946286 0.670588 0.945143 0.668235 0.944000 0.668235 0.940571 0.665882 0.939429 0.665882 0.937143 0.663529 0.936000 0.663529 0.931429 0.661176 0.930286 0.661176 0.926857 0.658824 0.925714 0.658824 0.920000 0.661176 0.918857 0.665882 0.918857 0.668235 0.920000 0.668235 0.921143 0.670588 0.921143 0.677647 0.924571 0.677647 0.925714 0.680000 0.926857 0.680000 0.929143 0.682353 0.930286 0.682353 0.936000 0.684706 0.937143 0.684706 0.942857 0.687059 0.944000 0.687059 0.947429 0.689412 0.948571 0.689412 0.950857 0.696471 0.950857 0.696471 0.942857 0.698824 0.941714 0.703529 0.941714 0.710588 0.945143 0.710588 0.946286 0.712941 0.946286 0.715294 0.947429 0.715294 0.948571 0.720000 0.948571 0.722353 0.949714 0.722353 0.950857 0.731765 0.950857 0.731765 0.948571 0.729412 0.948571 0.724706 0.946286 0.724706 0.945143 0.722353 0.945143 0.717647 0.942857 0.717647 0.941714 0.710588 0.938286 0.710588 0.936000 0.708235 0.936000 0.698824 0.931429 0.698824 0.930286 0.696471 0.929143 0.696471 0.928000 0.691765 0.925714 0.691765 0.922286 0.689412 0.921143 0.689412 0.918857 0.691765 0.917714 0.698824 0.917714 0.705882 0.921143 0.708235 0.921143 0.712941 0.923429 0.715294 0.923429 0.717647 0.924571 0.729412 0.924571 0.729412 0.922286 0.724706 0.920000 0.720000 0.920000 0.715294 0.917714 0.712941 0.917714 0.703529 0.913143 0.703529 0.912000 0.701176 0.912000 0.698824 0.910857 0.698824 0.907429 0.696471 0.906286 0.696471 0.904000 0.694118 0.902857 0.694118 0.901714 0.691765 0.900571 0.691765 0.899429 0.689412 0.898286 0.689412 0.896000 0.687059 0.894857 0.687059 0.892571 0.684706 0.891429 0.684706 0.890286 0.682353 0.889143 0.682353 0.885714 0.680000 0.884571 0.680000 0.882286 0.677647 0.881143 0.677647 0.880000 0.675294 0.878857 0.675294 0.873143 0.672941 0.872000 0.672941 0.869714 0.677647 0.867429 0.684706 0.867429 0.689412 0.869714 0.691765 0.869714 0.696471 0.872000 0.698824 0.872000 0.703529 0.874286 0.703529 0.875429 0.705882 0.876571 0.705882 0.878857 0.708235 0.880000 0.708235 0.882286 0.710588 0.883429 0.710588 0.884571 0.712941 0.885714 0.712941 0.889143 0.715294 0.890286 0.715294 0.893714 0.720000 0.893714 0.722353 0.894857 0.722353 0.899429 0.727059 0.899429 0.729412 0.898286 0.729412 0.888000 0.727059 0.886857 0.727059 0.884571 0.729412 0.883429 0.736471 0.883429 0.738824 0.884571 0.741176 0.884571 0.745882 0.886857 0.748235 0.886857 0.750588 0.888000 0.750588 0.889143 0.755294 0.889143 0.760000 0.891429 0.760000 0.894857 0.743529 0.902857 0.743529 0.904000 0.738824 0.906286 0.738824 0.909714 0.743529 0.909714 0.743529 0.908571 0.750588 0.905143 0.752941 0.905143 0.752941 0.904000 0.755294 0.902857 0.760000 0.902857 0.762353 0.904000 0.762353 0.906286 0.769412 0.906286 0.769412 0.904000 0.762353 0.904000 0.760000 0.902857 0.760000 0.900571 0.767059 0.897143 0.774118 0.897143 0.776471 0.898286 0.776471 0.902857 0.781176 0.902857 0.783529 0.901714 0.795294 0.901714 0.797647 0.900571 0.804706 0.900571 0.807059 0.901714 0.814118 0.901714 0.816471 0.902857 0.818824 0.902857 0.821176 0.904000 0.840000 0.904000 0.844706 0.901714 0.844706 0.899429 0.842353 0.898286 0.837647 0.898286 0.835294 0.897143 0.825882 0.897143 0.823529 0.896000 0.821176 0.896000 0.816471 0.893714 0.814118 0.893714 0.809412 0.891429 0.809412 0.889143 0.816471 0.885714 0.821176 0.885714 0.821176 0.882286 0.823529 0.881143 0.823529 0.876571 0.825882 0.875429 0.835294 0.875429 0.837647 0.876571 0.837647 0.877714 0.840000 0.877714 0.847059 0.881143 0.849412 0.881143 0.851765 0.882286 0.854118 0.882286 0.861176 0.885714 0.863529 0.885714 0.865882 0.886857 0.868235 0.886857 0.872941 0.889143 0.877647 0.889143 0.877647 0.883429 0.872941 0.881143 0.870588 0.881143 0.868235 0.880000 0.865882 0.880000 0.861176 0.877714 0.861176 0.875429 0.856471 0.875429 0.828235 0.861714 0.828235 0.860571 0.825882 0.859429 0.825882 0.857143 0.823529 0.856000 0.823529 0.852571 0.821176 0.851429 0.821176 0.849143 0.818824 0.848000 0.818824 0.842286 0.816471 0.841143 0.816471 0.838857 0.811765 0.836571 0.811765 0.832000 0.809412 0.830857 0.809412 0.828571 0.811765 0.827429 0.821176 0.827429 0.823529 0.826286 0.828235 0.826286 0.830588 0.827429 0.842353 0.827429 0.847059 0.829714 0.856471 0.829714 0.858824 0.830857 0.858824 0.832000 0.865882 0.832000 0.872941 0.835429 0.875294 0.835429 0.877647 0.836571 0.880000 0.836571 0.882353 0.837714 0.884706 0.837714 0.887059 0.838857 0.887059 0.840000 0.891765 0.840000 0.896471 0.842286 0.898824 0.842286 0.903529 0.844571 0.917647 0.844571 0.920000 0.845714 0.922353 0.845714 0.927059 0.848000 0.927059 0.849143 0.929412 0.850286 0.936471 0.850286 0.941176 0.852571 0.941176 0.853714 0.943529 0.854857 0.948235 0.854857 0.957647 0.859429 0.957647 0.860571 0.964706 0.860571 0.967059 0.861714 0.969412 0.861714 0.971765 0.862857 0.983529 0.862857 0.983529 0.860571 0.978824 0.858286 0.976471 0.858286 0.974118 0.857143 0.974118 0.856000 0.971765 0.854857 0.971765 0.853714 0.969412 0.853714 0.967059 0.852571 0.964706 0.852571 0.957647 0.849143 0.955294 0.849143 0.950588 0.846857 0.948235 0.846857 0.945882 0.845714 0.945882 0.844571 0.943529 0.843429 0.943529 0.842286 0.938824 0.842286 0.936471 0.841143 0.936471 0.840000 0.934118 0.840000 0.929412 0.837714 0.927059 0.837714 0.924706 0.836571 0.924706 0.835429 0.917647 0.832000 0.917647 0.824000 0.922353 0.821714 0.922353 0.814857 0.927059 0.812571 0.929412 0.812571 0.929412 0.810286 0.922353 0.810286 0.917647 0.808000 0.917647 0.806857 0.915294 0.805714 0.905882 0.805714 0.903529 0.804571 0.903529 0.803429 0.891765 0.803429 0.889412 0.802286 0.889412 0.800000 0.891765 0.798857 0.903529 0.798857 0.903529 0.795429 0.905882 0.794286 0.910588 0.794286 0.912941 0.795429 0.917647 0.795429 0.917647 0.794286 0.927059 0.789714 0.927059 0.785143 0.917647 0.780571 0.917647 0.779429 0.915294 0.778286 0.901176 0.778286 0.898824 0.779429 0.891765 0.779429 0.887059 0.777143 0.877647 0.777143 0.875294 0.776000 0.872941 0.776000 0.868235 0.773714 0.868235 0.772571 0.865882 0.771429 0.865882 0.766857 0.861176 0.764571 0.861176 0.761143 0.856471 0.761143 0.856471 0.763429 0.854118 0.764571 0.849412 0.764571 0.847059 0.763429 0.847059 0.760000 0.849412 0.758857 0.849412 0.756571 0.851765 0.755429 0.861176 0.755429 0.861176 0.754286 0.863529 0.753143 0.880000 0.753143 0.884706 0.755429 0.894118 0.755429 0.896471 0.756571 0.901176 0.756571 0.903529 0.755429 0.910588 0.755429 0.915294 0.757714 0.957647 0.757714 0.957647 0.756571 0.960000 0.755429 0.960000 0.754286 0.962353 0.753143 0.971765 0.753143 0.971765 0.752000 0.974118 0.750857 0.985882 0.750857 0.988235 0.749714 0.992941 0.749714 0.995294 0.750857 0.995294 0.755429 0.997647 0.755429 0.997647 0.741714 0.992941 0.741714 0.988235 0.739429 0.981176 0.739429 0.978824 0.738286 0.974118 0.738286 0.969412 0.736000 0.962353 0.736000 0.957647 0.733714 0.950588 0.733714 0.948235 0.732571 0.945882 0.732571 0.943529 0.731429 0.931765 0.731429 0.929412 0.730286 0.920000 0.730286 0.917647 0.729143 0.915294 0.729143 0.912941 0.728000 0.905882 0.728000 0.901176 0.725714 0.889412 0.725714 0.887059 0.724571 0.882353 0.724571 0.877647 0.722286 0.877647 0.720000 0.880000 0.718857 0.880000 0.717714 0.882353 0.716571 0.882353 0.715429 0.884706 0.714286 0.884706 0.713143 0.887059 0.712000 0.889412 0.712000 0.889412 0.710857 0.894118 0.708571 0.898824 0.708571 0.905882 0.705143 0.908235 0.705143 0.908235 0.704000 0.910588 0.702857 0.912941 0.702857 0.912941 0.700571 0.917647 0.698286 0.922353 0.698286 0.924706 0.699429 0.929412 0.699429 0.929412 0.697143 0.934118 0.694857 0.938824 0.694857 0.941176 0.696000 0.941176 0.700571 0.943529 0.701714 0.943529 0.702857 0.950588 0.706286 0.952941 0.706286 0.955294 0.707429 0.957647 0.707429 0.962353 0.709714 0.964706 0.709714 0.967059 0.710857 0.967059 0.712000 0.971765 0.712000 0.974118 0.713143 0.976471 0.713143 0.981176 0.715429 0.981176 0.716571 0.992941 0.716571 0.995294 0.717714 0.995294 0.720000 0.997647 0.720000 0.997647 0.616000 0.992941 0.616000 0.990588 0.617143 0.988235 0.617143 0.985882 0.618286 0.981176 0.618286 0.976471 0.620571 0.974118 0.620571 0.971765 0.621714 0.967059 0.621714 0.962353 0.624000 0.960000 0.624000 0.957647 0.625143 0.945882 0.625143 0.945882 0.626286 0.936471 0.630857 0.934118 0.630857 0.931765 0.632000 0.924706 0.632000 0.924706 0.633143 0.917647 0.636571 0.912941 0.636571 0.912941 0.637714 0.908235 0.640000 0.908235 0.645714 0.910588 0.646857 0.915294 0.646857 0.917647 0.645714 0.922353 0.645714 0.924706 0.646857 0.929412 0.646857 0.929412 0.644571 0.931765 0.643429 0.941176 0.643429 0.943529 0.642286 0.945882 0.642286 0.948235 0.641143 0.955294 0.641143 0.957647 0.642286 0.957647 0.646857 0.964706 0.650286 0.964706 0.652571 0.967059 0.653714 0.967059 0.664000 0.964706 0.665143 0.964706 0.666286 0.962353 0.667429 0.960000 0.667429 0.957647 0.668571 0.952941 0.668571 0.950588 0.669714 0.943529 0.669714 0.941176 0.670857 0.941176 0.672000 0.938824 0.673143 0.929412 0.673143 0.927059 0.674286 0.924706 0.674286 0.924706 0.676571 0.922353 0.677714 0.920000 0.677714 0.917647 0.678857 0.910588 0.678857 0.905882 0.681143 0.898824 0.681143 0.891765 0.684571 0.884706 0.684571 0.877647 0.688000 0.870588 0.688000 0.863529 0.691429 0.858824 0.691429 0.856471 0.692571 0.854118 0.692571 0.851765 0.693714 0.840000 0.693714 0.840000 0.694857 0.835294 0.697143 0.830588 0.697143 0.825882 0.699429 0.816471 0.699429 0.809412 0.702857 0.802353 0.702857 0.800000 0.704000 0.797647 0.704000 0.792941 0.706286 0.788235 0.706286 0.785882 0.707429 0.774118 0.707429 0.771765 0.708571 0.764706 0.708571 0.762353 0.707429 0.752941 0.707429 0.750588 0.706286 0.743529 0.706286 0.741176 0.705143 0.731765 0.705143 0.729412 0.704000 0.722353 0.704000 0.720000 0.702857 0.712941 0.702857 0.710588 0.701714 0.698824 0.701714 0.694118 0.699429 0.694118 0.694857 0.701176 0.691429 0.705882 0.691429 0.708235 0.690286 0.708235 0.689143 0.710588 0.688000 0.715294 0.688000 0.717647 0.689143 0.717647 0.690286 0.722353 0.690286 0.722353 0.685714 0.724706 0.684571 0.727059 0.684571 0.729412 0.683429 0.734118 0.683429 0.741176 0.680000 0.750588 0.680000 0.752941 0.678857 0.755294 0.678857 0.755294 0.677714 0.760000 0.675429 0.762353 0.675429 0.762353 0.674286 0.764706 0.673143 0.774118 0.673143 0.774118 0.670857 0.776471 0.669714 0.783529 0.669714 0.783529 0.668571 0.785882 0.667429 0.790588 0.667429 0.790588 0.664000 0.792941 0.662857 0.792941 0.661714 0.795294 0.660571 0.797647 0.660571 0.800000 0.659429 0.802353 0.659429 0.804706 0.658286 0.804706 0.656000 0.807059 0.654857 0.809412 0.654857 0.811765 0.653714 0.816471 0.653714 0.821176 0.651429 0.821176 0.649143 0.823529 0.648000 0.830588 0.648000 0.832941 0.646857 0.835294 0.646857 0.835294 0.645714 0.837647 0.644571 0.847059 0.644571 0.849412 0.643429 0.849412 0.640000 0.851765 0.638857 0.851765 0.637714 0.858824 0.634286 0.861176 0.634286 0.863529 0.633143 0.868235 0.633143 0.870588 0.632000 0.870588 0.628571 0.872941 0.627429 0.875294 0.627429 0.882353 0.624000 0.889412 0.624000 0.889412 0.622857 0.894118 0.620571 0.898824 0.620571 0.898824 0.617143 0.901176 0.616000 0.903529 0.616000 0.903529 0.614857 0.905882 0.613714 0.912941 0.613714 0.912941 0.611429 0.915294 0.610286 0.920000 0.610286 0.922353 0.609143 0.924706 0.609143 0.927059 0.608000 0.927059 0.604571 0.929412 0.603429 0.936471 0.603429 0.938824 0.602286 0.938824 0.598857 0.941176 0.597714 0.941176 0.594286 0.943529 0.593143 0.943529 0.592000 0.948235 0.589714 0.948235 0.588571 0.950588 0.587429 0.955294 0.587429 0.955294 0.582857 0.957647 0.581714 0.957647 0.579429 0.962353 0.577143 0.962353 0.576000 0.967059 0.573714 0.969412 0.573714 0.969412 0.571429 0.971765 0.570286 0.974118 0.570286 0.974118 0.566857 0.976471 0.565714 0.976471 0.562286 0.978824 0.561143 0.978824 0.557714 0.976471 0.556571 0.976471 0.554286 0.974118 0.553143 0.969412 0.553143 0.967059 0.554286 0.964706 0.554286 0.964706 0.555429 0.960000 0.557714 0.957647 0.557714 0.957647 0.558857 0.955294 0.560000 0.952941 0.560000 0.952941 0.561143 0.948235 0.563429 0.948235 0.564571 0.943529 0.566857 0.938824 0.566857 0.938824 0.569143 0.936471 0.570286 0.936471 0.571429 0.934118 0.572571 0.934118 0.573714 0.929412 0.576000 0.927059 0.576000 0.924706 0.577143 0.924706 0.578286 0.920000 0.580571 0.920000 0.581714 0.917647 0.582857 0.912941 0.582857 0.910588 0.584000 0.910588 0.586286 0.908235 0.587429 0.896471 0.587429 0.896471 0.593143 0.891765 0.595429 0.891765 0.596571 0.889412 0.597714 0.884706 0.597714 0.882353 0.596571 0.882353 0.595429 0.872941 0.595429 0.870588 0.594286 0.870588 0.593143 0.865882 0.593143 0.865882 0.595429 0.875294 0.595429 0.877647 0.596571 0.877647 0.597714 0.880000 0.597714 0.882353 0.598857 0.882353 0.601143 0.872941 0.605714 0.870588 0.605714 0.870588 0.606857 0.865882 0.609143 0.863529 0.609143 0.863529 0.610286 0.861176 0.611429 0.854118 0.611429 0.854118 0.613714 0.849412 0.616000 0.842353 0.616000 0.842353 0.617143 0.840000 0.618286 0.840000 0.619429 0.837647 0.620571 0.835294 0.620571 0.832941 0.621714 0.828235 0.621714 0.828235 0.624000 0.825882 0.625143 0.823529 0.625143 0.823529 0.626286 0.818824 0.628571 0.816471 0.628571 0.804706 0.634286 0.800000 0.634286 0.800000 0.635429 0.797647 0.636571 0.795294 0.636571 0.792941 0.637714 0.788235 0.637714 0.783529 0.640000 0.783529 0.641143 0.778824 0.643429 0.774118 0.643429 0.767059 0.646857 0.762353 0.646857 0.760000 0.648000 0.760000 0.649143 0.755294 0.651429 0.752941 0.651429 0.750588 0.652571 0.745882 0.652571 0.745882 0.653714 0.738824 0.657143 0.734118 0.657143 0.729412 0.659429 0.717647 0.659429 0.717647 0.662857 0.712941 0.665143 0.705882 0.665143 0.703529 0.666286 0.703529 0.667429 0.701176 0.668571 0.691765 0.668571 0.689412 0.669714 0.689412 0.670857 0.687059 0.672000 0.682353 0.672000 0.680000 0.673143 0.677647 0.673143 0.670588 0.676571 0.665882 0.676571 0.661176 0.678857 0.658824 0.678857 0.656471 0.680000 0.649412 0.680000 0.644706 0.682286 0.642353 0.682286 0.640000 0.683429 0.632941 0.683429 0.628235 0.685714 0.621176 0.685714 0.621176 0.686857 0.618824 0.688000 0.614118 0.688000 0.611765 0.686857 0.611765 0.685714 0.609412 0.684571 0.609412 0.682286 0.602353 0.682286 0.600000 0.681143 0.600000 0.675429 0.602353 0.674286 0.602353 0.672000 0.600000 0.672000 0.597647 0.670857 0.597647 0.669714 0.595294 0.668571 0.595294 0.667429 0.585882 0.667429 0.583529 0.666286 0.583529 0.661714 0.585882 0.660571 0.590588 0.660571 0.592941 0.661714 0.597647 0.661714 0.597647 0.659429 0.595294 0.659429 0.592941 0.658286 0.592941 0.653714 0.595294 0.652571 0.595294 0.643429 0.592941 0.642286 0.585882 0.642286 0.583529 0.641143 0.583529 0.638857 0.550588 0.638857 0.545882 0.636571 0.534118 0.636571 0.531765 0.635429 0.531765 0.626286 0.527059 0.624000 0.527059 0.609143 0.529412 0.608000 0.529412 0.606857 0.531765 0.605714 0.534118 0.605714 0.534118 0.602286 0.536471 0.601143 0.538824 0.601143 0.541176 0.600000 0.541176 0.596571 0.538824 0.595429 0.536471 0.595429 0.531765 0.593143 0.531765 0.589714 0.529412 0.588571 0.529412 0.585143 0.527059 0.584000 0.527059 0.557714 0.520000 0.557714 0.517647 0.556571 0.517647 0.549714 0.515294 0.549714 0.512941 0.548571 0.512941 0.538286 0.515294 0.537143 0.515294 0.534857 0.508235 0.534857 0.498824 0.530286 0.498824 0.525714 0.496471 0.524571 0.496471 0.517714 0.494118 0.516571 0.494118 0.513143 0.491765 0.512000 0.491765 0.501714 0.489412 0.500571 0.489412 0.494857 0.487059 0.493714 0.487059 0.486857 0.484706 0.485714 0.484706 0.480000 0.482353 0.478857 0.482353 0.465143 0.484706 0.464000 0.484706 0.446857 0.482353 0.445714 0.482353 0.442286 0.484706 0.441143 0.503529 0.441143 0.505882 0.442286 0.510588 0.442286 0.512941 0.441143 0.543529 0.441143 0.545882 0.442286 0.545882 0.443429 0.552941 0.443429 0.555294 0.442286 0.567059 0.442286 0.569412 0.441143 0.574118 0.441143 0.576471 0.442286 0.576471 0.445714 0.581176 0.445714 0.581176 0.441143 0.583529 0.440000 0.600000 0.440000 0.602353 0.441143 0.628235 0.441143 0.630588 0.442286 0.635294 0.442286 0.637647 0.441143 0.651765 0.441143 0.654118 0.440000 0.665882 0.440000 0.668235 0.438857 0.680000 0.438857 0.684706 0.441143 0.691765 0.441143 0.694118 0.442286 0.698824 0.442286 0.698824 0.441143 0.701176 0.440000 0.710588 0.440000 0.712941 0.441143 0.720000 0.441143 0.722353 0.440000 0.745882 0.440000 0.748235 0.438857 0.752941 0.438857 0.755294 0.440000 0.778824 0.440000 0.781176 0.441143 0.802353 0.441143 0.807059 0.443429 0.807059 0.446857 0.804706 0.448000 0.800000 0.448000 0.800000 0.450286 0.797647 0.451429 0.797647 0.453714 0.795294 0.454857 0.792941 0.454857 0.792941 0.456000 0.790588 0.457143 0.783529 0.457143 0.783529 0.460571 0.781176 0.461714 0.776471 0.461714 0.776471 0.462857 0.774118 0.464000 0.771765 0.464000 0.771765 0.465143 0.767059 0.467429 0.760000 0.467429 0.760000 0.470857 0.757647 0.472000 0.757647 0.473143 0.748235 0.477714 0.736471 0.477714 0.736471 0.483429 0.734118 0.484571 0.729412 0.484571 0.729412 0.485714 0.727059 0.486857 0.715294 0.486857 0.715294 0.492571 0.710588 0.494857 0.703529 0.494857 0.696471 0.498286 0.694118 0.498286 0.691765 0.499429 0.689412 0.499429 0.687059 0.500571 0.687059 0.501714 0.684706 0.502857 0.684706 0.506286 0.687059 0.507429 0.691765 0.507429 0.694118 0.508571 0.694118 0.510857 0.705882 0.510857 0.705882 0.508571 0.708235 0.507429 0.722353 0.507429 0.727059 0.505143 0.727059 0.504000 0.729412 0.502857 0.731765 0.502857 0.734118 0.501714 0.734118 0.499429 0.736471 0.498286 0.741176 0.498286 0.743529 0.499429 0.748235 0.499429 0.750588 0.498286 0.752941 0.498286 0.755294 0.497143 0.755294 0.493714 0.757647 0.492571 0.760000 0.492571 0.760000 0.491429 0.764706 0.489143 0.764706 0.488000 0.769412 0.485714 0.776471 0.485714 0.778824 0.484571 0.778824 0.481143 0.781176 0.480000 0.785882 0.480000 0.785882 0.478857 0.788235 0.477714 0.792941 0.477714 0.795294 0.476571 0.800000 0.476571 0.800000 0.475429 0.802353 0.474286 0.802353 0.473143 0.804706 0.472000 0.804706 0.470857 0.807059 0.469714 0.823529 0.469714 0.825882 0.470857 0.825882 0.474286 0.830588 0.474286 0.830588 0.462857 0.832941 0.461714 0.832941 0.456000 0.837647 0.453714 0.837647 0.452571 0.840000 0.451429 0.840000 0.445714 0.842353 0.444571 0.842353 0.442286 0.844706 0.441143 0.856471 0.441143 0.858824 0.440000 0.868235 0.440000 0.870588 0.441143 0.877647 0.441143 0.880000 0.440000 0.884706 0.440000 0.887059 0.438857 0.901176 0.438857 0.903529 0.440000 0.920000 0.440000 0.922353 0.441143 0.922353 0.443429 0.927059 0.443429 0.927059 0.441143 0.929412 0.440000 0.936471 0.440000 0.938824 0.438857 0.962353 0.438857 0.964706 0.440000 0.981176 0.440000 0.983529 0.438857 0.988235 0.438857 0.990588 0.440000 0.990588 0.441143 0.997647 0.441143 0.997647 0.427429 0.990588 0.427429 0.990588 0.429714 0.988235 0.430857 0.955294 0.430857 0.952941 0.429714 0.952941 0.428571 0.948235 0.428571 0.948235 0.429714 0.945882 0.430857 0.941176 0.430857 0.938824 0.429714 0.929412 0.429714 0.927059 0.428571 0.927059 0.425143 0.922353 0.425143 0.922353 0.429714 0.920000 0.430857 0.894118 0.430857 0.891765 0.432000 0.887059 0.432000 0.884706 0.430857 0.861176 0.430857 0.858824 0.429714 0.858824 0.421714 0.861176 0.420571 0.861176 0.419429 0.863529 0.418286 0.868235 0.418286 0.868235 0.414857 0.870588 0.413714 0.870588 0.412571 0.875294 0.410286 0.880000 0.410286 0.880000 0.405714 0.882353 0.404571 0.882353 0.401143 0.884706 0.400000 0.884706 0.394286 0.889412 0.392000 0.891765 0.392000 0.891765 0.389714 0.894118 0.388571 0.896471 0.388571 0.896471 0.386286 0.898824 0.385143 0.898824 0.380571 0.901176 0.379429 0.903529 0.379429 0.903529 0.377143 0.901176 0.377143 0.898824 0.376000 0.898824 0.373714 0.901176 0.372571 0.901176 0.369143 0.903529 0.368000 0.903529 0.365714 0.901176 0.364571 0.901176 0.362286 0.903529 0.361143 0.903529 0.356571 0.901176 0.355429 0.901176 0.346286 0.898824 0.345143 0.898824 0.332571 0.896471 0.331429 0.896471 0.329143 0.898824 0.328000 0.898824 0.325714 0.896471 0.324571 0.896471 0.313143 0.894118 0.312000 0.889412 0.312000 0.887059 0.310857 0.884706 0.310857 0.882353 0.309714 0.882353 0.307429 0.877647 0.307429 0.877647 0.308571 0.872941 0.310857 0.865882 0.310857 0.865882 0.314286 0.863529 0.315429 0.863529 0.323429 0.861176 0.324571 0.854118 0.324571 0.854118 0.329143 0.856471 0.330286 0.856471 0.331429 0.858824 0.332571 0.858824 0.334857 0.861176 0.336000 0.861176 0.338286 0.863529 0.339429 0.863529 0.340571 0.865882 0.341714 0.865882 0.345143 0.868235 0.346286 0.868235 0.349714 0.870588 0.349714 0.872941 0.350857 0.872941 0.354286 0.870588 0.355429 0.870588 0.357714 0.868235 0.358857 0.868235 0.362286 0.861176 0.365714 0.856471 0.365714 0.854118 0.364571 0.847059 0.364571 0.844706 0.363429 0.844706 0.361143 0.842353 0.360000 0.842353 0.354286 0.837647 0.354286 0.837647 0.355429 0.835294 0.356571 0.830588 0.356571 0.825882 0.354286 0.821176 0.354286 0.821176 0.362286 0.818824 0.363429 0.818824 0.366857 0.825882 0.366857 0.825882 0.365714 0.828235 0.364571 0.832941 0.364571 0.835294 0.365714 0.835294 0.386286 0.832941 0.387429 0.832941 0.388571 0.830588 0.389714 0.825882 0.389714 0.825882 0.390857 0.823529 0.392000 0.823529 0.393143 0.821176 0.394286 0.818824 0.394286 0.816471 0.395429 0.811765 0.395429 0.811765 0.396571 0.809412 0.397714 0.807059 0.397714 0.807059 0.400000 0.811765 0.402286 0.811765 0.406857 0.809412 0.408000 0.809412 0.413714 0.807059 0.414857 0.807059 0.417143 0.804706 0.418286 0.804706 0.422857 0.802353 0.424000 0.797647 0.424000 0.797647 0.430857 0.795294 0.432000 0.790588 0.432000 0.788235 0.430857 0.781176 0.430857 0.778824 0.432000 0.769412 0.432000 0.767059 0.433143 0.762353 0.433143 0.760000 0.432000 0.741176 0.432000 0.738824 0.433143 0.708235 0.433143 0.705882 0.432000 0.698824 0.432000 0.696471 0.433143 0.682353 0.433143 0.677647 0.430857 0.672941 0.430857 0.670588 0.432000 0.658824 0.432000 0.656471 0.433143 0.651765 0.433143 0.649412 0.432000 0.644706 0.432000 0.642353 0.433143 0.637647 0.433143 0.635294 0.432000 0.590588 0.432000 0.588235 0.433143 0.583529 0.433143 0.581176 0.432000 0.581176 0.411429 0.576471 0.411429 0.576471 0.414857 0.574118 0.416000 0.574118 0.424000 0.576471 0.425143 0.576471 0.429714 0.571765 0.432000 0.562353 0.432000 0.560000 0.433143 0.541176 0.433143 0.538824 0.432000 0.531765 0.432000 0.529412 0.433143 0.515294 0.433143 0.512941 0.432000 0.489412 0.432000 0.487059 0.430857 0.487059 0.424000 0.484706 0.422857 0.484706 0.416000 0.491765 0.412571 0.503529 0.412571 0.505882 0.413714 0.510588 0.413714 0.510588 0.412571 0.512941 0.411429 0.512941 0.406857 0.515294 0.405714 0.524706 0.405714 0.527059 0.404571 0.538824 0.404571 0.538824 0.403429 0.541176 0.402286 0.552941 0.402286 0.555294 0.403429 0.555294 0.404571 0.562353 0.408000 0.569412 0.408000 0.569412 0.406857 0.571765 0.405714 0.581176 0.405714 0.581176 0.403429 0.585882 0.401143 0.585882 0.400000 0.588235 0.398857 0.592941 0.398857 0.592941 0.396571 0.595294 0.395429 0.611765 0.395429 0.616471 0.397714 0.616471 0.404571 0.618824 0.405714 0.618824 0.406857 0.621176 0.408000 0.625882 0.408000 0.628235 0.409143 0.628235 0.410286 0.630588 0.411429 0.630588 0.412571 0.635294 0.412571 0.635294 0.410286 0.640000 0.408000 0.640000 0.406857 0.642353 0.405714 0.649412 0.405714 0.649412 0.403429 0.644706 0.403429 0.642353 0.402286 0.642353 0.400000 0.644706 0.398857 0.644706 0.397714 0.647059 0.396571 0.649412 0.396571 0.649412 0.386286 0.651765 0.385143 0.656471 0.385143 0.658824 0.386286 0.658824 0.392000 0.661176 0.392000 0.663529 0.393143 0.663529 0.395429 0.668235 0.397714 0.668235 0.398857 0.675294 0.398857 0.675294 0.396571 0.680000 0.394286 0.680000 0.389714 0.677647 0.388571 0.677647 0.374857 0.680000 0.373714 0.682353 0.373714 0.682353 0.368000 0.687059 0.365714 0.687059 0.364571 0.689412 0.363429 0.689412 0.358857 0.691765 0.357714 0.701176 0.357714 0.701176 0.355429 0.696471 0.355429 0.691765 0.353143 0.691765 0.347429 0.694118 0.346286 0.701176 0.346286 0.701176 0.341714 0.703529 0.340571 0.703529 0.332571 0.705882 0.331429 0.705882 0.326857 0.703529 0.325714 0.703529 0.321143 0.701176 0.320000 0.701176 0.318857 0.696471 0.318857 0.691765 0.316571 0.691765 0.312000 0.689412 0.310857 0.689412 0.309714 0.687059 0.308571 0.687059 0.301714 0.689412 0.300571 0.689412 0.298286 0.691765 0.297143 0.696471 0.297143 0.696471 0.293714 0.694118 0.293714 0.689412 0.291429 0.689412 0.273143 0.691765 0.272000 0.691765 0.267429 0.694118 0.266286 0.703529 0.266286 0.705882 0.267429 0.705882 0.270857 0.710588 0.270857 0.712941 0.272000 0.712941 0.290286 0.710588 0.291429 0.710588 0.293714 0.717647 0.293714 0.717647 0.291429 0.720000 0.290286 0.724706 0.290286 0.727059 0.291429 0.727059 0.292571 0.729412 0.293714 0.734118 0.293714 0.736471 0.292571 0.741176 0.292571 0.743529 0.291429 0.743529 0.289143 0.745882 0.288000 0.745882 0.284571 0.743529 0.283429 0.743529 0.260571 0.741176 0.259429 0.738824 0.259429 0.736471 0.258286 0.736471 0.254857 0.734118 0.254857 0.731765 0.253714 0.731765 0.245714 0.727059 0.245714 0.727059 0.254857 0.724706 0.256000 0.720000 0.256000 0.717647 0.254857 0.717647 0.241143 0.720000 0.240000 0.720000 0.238857 0.722353 0.237714 0.727059 0.237714 0.727059 0.233143 0.731765 0.230857 0.736471 0.230857 0.738824 0.229714 0.748235 0.229714 0.750588 0.230857 0.750588 0.232000 0.752941 0.233143 0.755294 0.233143 0.757647 0.234286 0.757647 0.235429 0.762353 0.235429 0.762353 0.232000 0.767059 0.229714 0.778824 0.229714 0.781176 0.230857 0.785882 0.230857 0.785882 0.228571 0.783529 0.227429 0.774118 0.227429 0.771765 0.226286 0.767059 0.226286 0.764706 0.227429 0.748235 0.227429 0.745882 0.226286 0.745882 0.222857 0.743529 0.221714 0.743529 0.220571 0.736471 0.220571 0.731765 0.218286 0.731765 0.216000 0.729412 0.214857 0.729412 0.212571 0.722353 0.209143 0.722353 0.204571 0.724706 0.203429 0.731765 0.203429 0.731765 0.200000 0.736471 0.197714 0.745882 0.197714 0.750588 0.200000 0.750588 0.201143 0.755294 0.201143 0.755294 0.196571 0.748235 0.196571 0.745882 0.195429 0.745882 0.194286 0.743529 0.193143 0.743529 0.189714 0.745882 0.188571 0.748235 0.188571 0.748235 0.185143 0.750588 0.184000 0.755294 0.184000 0.755294 0.182857 0.757647 0.181714 0.757647 0.178286 0.760000 0.177143 0.760000 0.176000 0.762353 0.174857 0.762353 0.172571 0.764706 0.171429 0.764706 0.170286 0.767059 0.169143 0.769412 0.169143 0.769412 0.162286 0.764706 0.162286 0.762353 0.161143 0.760000 0.161143 0.757647 0.160000 0.757647 0.158857 0.748235 0.158857 0.745882 0.157714 0.745882 0.155429 0.741176 0.155429 0.741176 0.157714 0.745882 0.157714 0.748235 0.158857 0.748235 0.161143 0.745882 0.162286 0.734118 0.162286 0.729412 0.160000 0.729412 0.154286 0.731765 0.153143 0.731765 0.150857 0.734118 0.149714 0.743529 0.149714 0.743529 0.148571 0.745882 0.147429 0.750588 0.147429 0.752941 0.148571 0.757647 0.148571 0.757647 0.141714 0.760000 0.140571 0.764706 0.140571 0.767059 0.141714 0.767059 0.145143 0.783529 0.145143 0.783529 0.133714 0.785882 0.132571 0.790588 0.132571 0.792941 0.133714 0.792941 0.137143 0.797647 0.137143 0.797647 0.129143 0.800000 0.128000 0.800000 0.123429 0.802353 0.122286 0.818824 0.122286 0.821176 0.123429 0.821176 0.131429 0.825882 0.131429 0.825882 0.128000 0.828235 0.126857 0.828235 0.123429 0.825882 0.122286 0.825882 0.105143 0.828235 0.104000 0.830588 0.104000 0.830588 0.101714 0.825882 0.101714 0.823529 0.100571 0.823529 0.094857 0.825882 0.093714 0.830588 0.093714 0.830588 0.092571 0.832941 0.091429 0.837647 0.091429 0.837647 0.090286 0.840000 0.089143 0.847059 0.089143 0.849412 0.090286 0.849412 0.091429 0.854118 0.091429 0.854118 0.090286 0.856471 0.089143 0.865882 0.089143 0.865882 0.086857 0.868235 0.085714 0.868235 0.084571 0.870588 0.083429 0.875294 0.083429 0.877647 0.084571 0.877647 0.092571 0.875294 0.093714 0.865882 0.093714 0.865882 0.097143 0.868235 0.097143 0.872941 0.099429 0.875294 0.099429 0.877647 0.100571 0.877647 0.117714 0.894118 0.117714 0.894118 0.114286 0.884706 0.114286 0.882353 0.113143 0.882353 0.099429 0.880000 0.098286 0.880000 0.093714 0.882353 0.092571 0.887059 0.092571 0.889412 0.091429 0.891765 0.091429 0.891765 0.085714 0.894118 0.084571 0.894118 0.058286 0.896471 0.057143 0.896471 0.056000 0.898824 0.054857 0.903529 0.054857 0.905882 0.056000 0.905882 0.057143 0.915294 0.057143 0.917647 0.058286 0.917647 0.060571 0.915294 0.061714 0.905882 0.061714 0.905882 0.068571 0.910588 0.068571 0.912941 0.067429 0.922353 0.067429 0.922353 0.059429 0.924706 0.058286 0.929412 0.058286 0.931765 0.059429 0.931765 0.065143 0.936471 0.065143 0.936471 0.064000 0.938824 0.062857 0.943529 0.062857 0.945882 0.064000 0.945882 0.068571 0.955294 0.068571 0.960000 0.070857 0.960000 0.074286 0.964706 0.074286 0.964706 0.069714 0.967059 0.068571 0.971765 0.068571 0.976471 0.070857 0.976471 0.073143 0.974118 0.074286 0.974118 0.076571 0.978824 0.076571 0.978824 0.073143 0.981176 0.072000 0.981176 0.069714 0.983529 0.068571 0.992941 0.068571 0.992941 0.066286 0.988235 0.066286 0.985882 0.065143 0.985882 0.062857 0.988235 0.061714 0.997647 0.061714 0.997647 0.059429 0.992941 0.059429 0.992941 0.060571 0.990588 0.061714 0.983529 0.061714 0.981176 0.060571 0.981176 0.052571 0.978824 0.051429 0.978824 0.041143 0.981176 0.040000 0.992941 0.040000 0.992941 0.035429 0.995294 0.034286 0.997647 0.034286 0.997647 0.000000 0.557647 0.000000 0.557647 0.001143 0.560000 0.002286 0.569412 0.002286 0.571765 0.003429 0.571765 0.009143 0.569412 0.010286 0.569412 0.014857 0.567059 0.016000 0.562353 0.016000 0.560000 0.014857 0.560000 0.010286 0.552941 0.010286 0.552941 0.013714 0.550588 0.014857 0.538824 0.014857 0.536471 0.013714 0.534118 0.013714 0.531765 0.012571 0.517647 0.012571 0.517647 0.022857 0.512941 0.025143 0.505882 0.025143 0.505882 0.029714 0.503529 0.030857 0.498824 0.030857 0.496471 0.029714 0.496471 0.027429 0.494118 0.027429 0.491765 0.026286 0.482353 0.026286 0.480000 0.025143 0.480000 0.000000