0 0.639847 0.955142 0.639847 0.957330 0.636015 0.959519 0.632184 0.959519 0.632184 0.961707 0.630268 0.962801 0.626437 0.962801 0.624521 0.961707 0.620690 0.961707 0.620690 0.963895 0.618774 0.964989 0.609195 0.964989 0.609195 0.968271 0.607280 0.969365 0.605364 0.969365 0.603448 0.970460 0.603448 0.972648 0.601533 0.973742 0.597701 0.973742 0.597701 0.977024 0.601533 0.977024 0.603448 0.978118 0.603448 0.979212 0.607280 0.979212 0.607280 0.978118 0.611111 0.975930 0.620690 0.975930 0.620690 0.972648 0.622605 0.971554 0.628352 0.971554 0.632184 0.969365 0.634100 0.969365 0.634100 0.968271 0.636015 0.967177 0.639847 0.967177 0.639847 0.963895 0.641762 0.962801 0.643678 0.962801 0.645594 0.961707 0.645594 0.956236 0.643678 0.955142
0 0.764368 0.946389 0.764368 0.947484 0.762452 0.948578 0.760536 0.948578 0.760536 0.951860 0.762452 0.951860 0.764368 0.952954 0.764368 0.954048 0.766284 0.955142 0.766284 0.960613 0.768199 0.961707 0.768199 0.962801 0.770115 0.963895 0.775862 0.963895 0.775862 0.958425 0.773946 0.957330 0.773946 0.950766 0.772031 0.950766 0.770115 0.949672 0.770115 0.947484 0.768199 0.946389
0 0.187739 0.915755 0.185824 0.916849 0.180077 0.916849 0.178161 0.917943 0.174330 0.917943 0.172414 0.916849 0.157088 0.916849 0.157088 0.919037 0.159004 0.919037 0.160920 0.920131 0.160920 0.924508 0.162835 0.925602 0.162835 0.926696 0.166667 0.926696 0.166667 0.924508 0.168582 0.923414 0.172414 0.923414 0.174330 0.924508 0.178161 0.924508 0.180077 0.923414 0.187739 0.923414 0.189655 0.922319 0.193487 0.922319 0.193487 0.915755
0 0.777778 0.897155 0.777778 0.899344 0.775862 0.900438 0.775862 0.902626 0.779693 0.904814 0.779693 0.905908 0.785441 0.905908 0.787356 0.907002 0.787356 0.908096 0.789272 0.909190 0.791188 0.909190 0.793103 0.910284 0.793103 0.914661 0.795019 0.915755 0.795019 0.916849 0.796935 0.917943 0.796935 0.921225 0.800766 0.923414 0.800766 0.926696 0.804598 0.926696 0.804598 0.920131 0.800766 0.917943 0.800766 0.915755 0.796935 0.913567 0.796935 0.912473 0.795019 0.912473 0.793103 0.911379 0.793103 0.907002 0.791188 0.905908 0.791188 0.904814 0.783525 0.900438 0.783525 0.897155
0 0.218391 0.471554 0.218391 0.490153 0.222222 0.490153 0.226054 0.487965 0.233716 0.487965 0.233716 0.484683 0.226054 0.484683 0.224138 0.483589 0.224138 0.480306 0.222222 0.479212 0.222222 0.471554
0 0.172414 0.468271 0.172414 0.478118 0.170498 0.479212 0.162835 0.479212 0.162835 0.489059 0.166667 0.489059 0.166667 0.483589 0.168582 0.482495 0.172414 0.482495 0.174330 0.483589 0.174330 0.489059 0.178161 0.489059 0.178161 0.475930 0.176245 0.474836 0.176245 0.472648 0.178161 0.471554 0.178161 0.468271
0 0.030651 0.429978 0.030651 0.433260 0.068966 0.433260 0.068966 0.429978
0 0.170498 0.422319 0.170498 0.424508 0.168582 0.425602 0.160920 0.425602 0.160920 0.427790 0.159004 0.428884 0.153257 0.428884 0.153257 0.433260 0.151341 0.434354 0.149425 0.434354 0.149425 0.442013 0.153257 0.442013 0.153257 0.434354 0.155172 0.433260 0.160920 0.433260 0.162835 0.432166 0.170498 0.432166 0.172414 0.433260 0.172414 0.445295 0.176245 0.445295 0.176245 0.433260 0.178161 0.432166 0.180077 0.432166 0.181992 0.431072 0.181992 0.426696 0.180077 0.426696 0.176245 0.424508 0.176245 0.422319
0 0.082375 0.408096 0.082375 0.410284 0.080460 0.411379 0.076628 0.411379 0.076628 0.413567 0.080460 0.413567 0.082375 0.414661 0.082375 0.416849 0.084291 0.416849 0.088123 0.419037 0.088123 0.422319 0.090038 0.422319 0.091954 0.423414 0.091954 0.427790 0.090038 0.428884 0.086207 0.428884 0.084291 0.429978 0.076628 0.429978 0.076628 0.433260 0.090038 0.433260 0.091954 0.432166 0.091954 0.431072 0.093870 0.429978 0.097701 0.429978 0.099617 0.431072 0.099617 0.433260 0.103448 0.433260 0.103448 0.432166 0.105364 0.431072 0.113027 0.431072 0.114943 0.429978 0.118774 0.429978 0.120690 0.431072 0.120690 0.432166 0.124521 0.432166 0.124521 0.429978 0.126437 0.428884 0.130268 0.428884 0.134100 0.431072 0.134100 0.432166 0.137931 0.432166 0.137931 0.429978 0.139847 0.428884 0.139847 0.425602 0.128352 0.425602 0.126437 0.424508 0.126437 0.421225 0.118774 0.421225 0.116858 0.422319 0.101533 0.422319 0.097701 0.420131 0.097701 0.415755 0.090038 0.415755 0.088123 0.414661 0.088123 0.413567 0.086207 0.412473 0.086207 0.408096
0 0.049808 0.402626 0.049808 0.404814 0.051724 0.404814 0.053640 0.405908 0.053640 0.408096 0.055556 0.408096 0.057471 0.409190 0.057471 0.413567 0.065134 0.413567 0.068966 0.411379 0.068966 0.408096 0.067050 0.407002 0.067050 0.405908 0.063218 0.405908 0.061303 0.404814 0.061303 0.403720 0.055556 0.403720 0.053640 0.402626
0 0.000000 0.247265 0.000000 0.249453 0.001916 0.249453 0.005747 0.251641 0.005747 0.266958 0.009579 0.266958 0.009579 0.262582 0.011494 0.261488 0.011494 0.254923 0.013410 0.253829 0.021073 0.253829 0.022989 0.254923 0.026820 0.254923 0.028736 0.253829 0.036398 0.253829 0.038314 0.254923 0.038314 0.256018 0.040230 0.257112 0.040230 0.259300 0.044061 0.259300 0.044061 0.258206 0.045977 0.257112 0.047893 0.257112 0.047893 0.253829 0.045977 0.252735 0.034483 0.252735 0.032567 0.251641 0.030651 0.251641 0.028736 0.250547 0.019157 0.250547 0.017241 0.249453 0.011494 0.249453 0.009579 0.248359 0.007663 0.248359 0.005747 0.247265
0 0.266284 0.150985 0.264368 0.152079 0.254789 0.152079 0.254789 0.154267 0.264368 0.154267 0.266284 0.155361 0.266284 0.159737 0.275862 0.159737 0.277778 0.160832 0.277778 0.163020 0.275862 0.164114 0.266284 0.164114 0.266284 0.166302 0.264368 0.167396 0.256705 0.167396 0.256705 0.169584 0.260536 0.169584 0.260536 0.168490 0.262452 0.167396 0.275862 0.167396 0.277778 0.168490 0.283525 0.168490 0.283525 0.155361 0.275862 0.155361 0.273946 0.154267 0.273946 0.150985
0 0.277778 0.113786 0.277778 0.123632 0.275862 0.124726 0.272031 0.124726 0.270115 0.123632 0.270115 0.114880 0.266284 0.114880 0.266284 0.125821 0.264368 0.126915 0.260536 0.126915 0.258621 0.125821 0.258621 0.122538 0.254789 0.122538 0.254789 0.128009 0.262452 0.128009 0.266284 0.130197 0.270115 0.130197 0.272031 0.129103 0.275862 0.129103 0.277778 0.130197 0.277778 0.138950 0.275862 0.140044 0.272031 0.140044 0.272031 0.142232 0.277778 0.142232 0.277778 0.138950 0.279693 0.137856 0.281609 0.137856 0.281609 0.113786
0 0.321839 0.083151 0.321839 0.094092 0.319923 0.095186 0.310345 0.095186 0.310345 0.098468 0.308429 0.099562 0.304598 0.099562 0.302682 0.098468 0.302682 0.094092 0.298851 0.094092 0.298851 0.103939 0.304598 0.103939 0.304598 0.101751 0.306513 0.100656 0.319923 0.100656 0.321839 0.101751 0.321839 0.102845 0.325670 0.102845 0.325670 0.083151
0 0.254789 0.079869 0.254789 0.088621 0.247126 0.092998 0.245211 0.092998 0.245211 0.098468 0.243295 0.099562 0.243295 0.103939 0.247126 0.103939 0.249042 0.102845 0.250958 0.102845 0.250958 0.101751 0.252874 0.100656 0.256705 0.100656 0.258621 0.101751 0.258621 0.103939 0.260536 0.105033 0.266284 0.105033 0.268199 0.103939 0.268199 0.102845 0.270115 0.101751 0.270115 0.097374 0.272031 0.096280 0.275862 0.096280 0.277778 0.097374 0.277778 0.105033 0.281609 0.105033 0.281609 0.092998 0.272031 0.092998 0.270115 0.091904 0.270115 0.079869
0 0.331418 0.000000 0.331418 0.007659 0.333333 0.007659 0.335249 0.008753 0.335249 0.013129 0.333333 0.014223 0.331418 0.014223 0.329502 0.015317 0.325670 0.015317 0.323755 0.014223 0.323755 0.013129 0.319923 0.013129 0.319923 0.017505 0.318008 0.018600 0.304598 0.018600 0.302682 0.017505 0.302682 0.013129 0.296935 0.013129 0.296935 0.028446 0.295019 0.029540 0.295019 0.031729 0.296935 0.032823 0.306513 0.032823 0.308429 0.033917 0.308429 0.037199 0.314176 0.037199 0.314176 0.029540 0.316092 0.028446 0.323755 0.028446 0.323755 0.026258 0.325670 0.025164 0.329502 0.025164 0.331418 0.026258 0.331418 0.032823 0.337165 0.032823 0.339080 0.031729 0.344828 0.031729 0.346743 0.032823 0.346743 0.035011 0.344828 0.036105 0.339080 0.036105 0.339080 0.038293 0.340996 0.039387 0.358238 0.039387 0.360153 0.040481 0.360153 0.043764 0.358238 0.044858 0.354406 0.044858 0.352490 0.043764 0.348659 0.043764 0.346743 0.044858 0.342912 0.044858 0.340996 0.043764 0.337165 0.043764 0.337165 0.049234 0.335249 0.050328 0.333333 0.050328 0.333333 0.055799 0.331418 0.056893 0.331418 0.060175 0.335249 0.060175 0.337165 0.061269 0.337165 0.063457 0.335249 0.064551 0.333333 0.064551 0.333333 0.065646 0.331418 0.066740 0.329502 0.066740 0.329502 0.068928 0.331418 0.070022 0.337165 0.070022 0.337165 0.064551 0.339080 0.063457 0.352490 0.063457 0.354406 0.064551 0.354406 0.073304 0.358238 0.073304 0.360153 0.074398 0.360153 0.077681 0.358238 0.078775 0.354406 0.078775 0.354406 0.083151 0.356322 0.084245 0.356322 0.086433 0.354406 0.087527 0.354406 0.089716 0.356322 0.090810 0.356322 0.099562 0.360153 0.099562 0.360153 0.094092 0.362069 0.092998 0.375479 0.092998 0.377395 0.094092 0.377395 0.098468 0.381226 0.098468 0.383142 0.099562 0.383142 0.102845 0.392720 0.102845 0.394636 0.103939 0.398467 0.103939 0.398467 0.098468 0.396552 0.097374 0.396552 0.089716 0.398467 0.088621 0.398467 0.086433 0.396552 0.085339 0.396552 0.083151 0.398467 0.082057 0.398467 0.061269 0.396552 0.060175 0.396552 0.051422 0.398467 0.050328 0.402299 0.050328 0.404215 0.051422 0.404215 0.052516 0.406130 0.053611 0.406130 0.073304 0.408046 0.074398 0.408046 0.075492 0.409962 0.076586 0.409962 0.082057 0.411877 0.083151 0.411877 0.085339 0.409962 0.086433 0.408046 0.086433 0.408046 0.103939 0.432950 0.103939 0.434866 0.102845 0.438697 0.102845 0.440613 0.103939 0.444444 0.103939 0.446360 0.102845 0.455939 0.102845 0.455939 0.100656 0.457854 0.099562 0.461686 0.099562 0.463602 0.100656 0.463602 0.102845 0.500000 0.102845 0.501916 0.101751 0.515326 0.101751 0.517241 0.102845 0.522989 0.102845 0.524904 0.101751 0.528736 0.101751 0.530651 0.102845 0.538314 0.102845 0.540230 0.103939 0.540230 0.107221 0.538314 0.108315 0.530651 0.108315 0.528736 0.109409 0.519157 0.109409 0.515326 0.111597 0.503831 0.111597 0.501916 0.110503 0.501916 0.109409 0.500000 0.108315 0.490421 0.108315 0.488506 0.107221 0.473180 0.107221 0.473180 0.108315 0.471264 0.109409 0.463602 0.109409 0.463602 0.120350 0.461686 0.121444 0.457854 0.121444 0.455939 0.120350 0.455939 0.110503 0.446360 0.110503 0.444444 0.109409 0.444444 0.108315 0.440613 0.108315 0.438697 0.109409 0.434866 0.109409 0.432950 0.108315 0.429119 0.108315 0.427203 0.109409 0.423372 0.109409 0.421456 0.108315 0.417625 0.108315 0.415709 0.109409 0.408046 0.109409 0.408046 0.169584 0.409962 0.170678 0.409962 0.176149 0.411877 0.177243 0.411877 0.181619 0.408046 0.183807 0.408046 0.190372 0.409962 0.191466 0.409962 0.231947 0.413793 0.231947 0.415709 0.230853 0.415709 0.223195 0.417625 0.222101 0.421456 0.222101 0.423372 0.223195 0.423372 0.224289 0.425287 0.225383 0.425287 0.226477 0.429119 0.228665 0.429119 0.236324 0.427203 0.237418 0.409962 0.237418 0.409962 0.238512 0.408046 0.239606 0.402299 0.239606 0.400383 0.238512 0.394636 0.238512 0.392720 0.237418 0.392720 0.235230 0.394636 0.234136 0.398467 0.234136 0.400383 0.233042 0.400383 0.173961 0.398467 0.172867 0.398467 0.167396 0.400383 0.166302 0.400383 0.126915 0.398467 0.125821 0.398467 0.123632 0.400383 0.122538 0.400383 0.112691 0.398467 0.111597 0.398467 0.109409 0.383142 0.109409 0.381226 0.110503 0.375479 0.110503 0.373563 0.111597 0.371648 0.111597 0.369732 0.112691 0.352490 0.112691 0.352490 0.123632 0.350575 0.124726 0.350575 0.134573 0.352490 0.135667 0.352490 0.143326 0.350575 0.144420 0.350575 0.155361 0.348659 0.156455 0.344828 0.156455 0.342912 0.155361 0.342912 0.152079 0.340996 0.152079 0.339080 0.150985 0.339080 0.148796 0.340996 0.147702 0.342912 0.147702 0.342912 0.144420 0.340996 0.144420 0.339080 0.143326 0.339080 0.142232 0.333333 0.142232 0.331418 0.141138 0.331418 0.138950 0.333333 0.137856 0.339080 0.137856 0.339080 0.135667 0.340996 0.134573 0.342912 0.134573 0.342912 0.132385 0.340996 0.131291 0.340996 0.122538 0.342912 0.121444 0.342912 0.118162 0.340996 0.118162 0.339080 0.117068 0.339080 0.114880 0.337165 0.113786 0.329502 0.113786 0.327586 0.112691 0.327586 0.110503 0.321839 0.110503 0.319923 0.111597 0.298851 0.111597 0.298851 0.114880 0.308429 0.114880 0.310345 0.115974 0.310345 0.120350 0.308429 0.121444 0.300766 0.121444 0.300766 0.129103 0.304598 0.129103 0.304598 0.126915 0.306513 0.125821 0.310345 0.125821 0.312261 0.126915 0.312261 0.136761 0.310345 0.137856 0.306513 0.137856 0.306513 0.143326 0.304598 0.144420 0.304598 0.154267 0.302682 0.155361 0.300766 0.155361 0.300766 0.163020 0.298851 0.164114 0.298851 0.167396 0.300766 0.168490 0.308429 0.168490 0.310345 0.169584 0.318008 0.169584 0.319923 0.168490 0.327586 0.168490 0.329502 0.169584 0.329502 0.172867 0.327586 0.173961 0.318008 0.173961 0.316092 0.175055 0.300766 0.175055 0.300766 0.176149 0.298851 0.177243 0.298851 0.179431 0.300766 0.180525 0.300766 0.201313 0.298851 0.202407 0.296935 0.202407 0.296935 0.231947 0.295019 0.233042 0.291188 0.233042 0.289272 0.231947 0.289272 0.208972 0.285441 0.208972 0.283525 0.207877 0.283525 0.206783 0.279693 0.206783 0.277778 0.205689 0.277778 0.204595 0.268199 0.204595 0.266284 0.203501 0.264368 0.203501 0.262452 0.202407 0.262452 0.199125 0.264368 0.198031 0.268199 0.198031 0.268199 0.196937 0.270115 0.195842 0.275862 0.195842 0.277778 0.196937 0.283525 0.196937 0.283525 0.176149 0.277778 0.176149 0.275862 0.177243 0.275862 0.180525 0.277778 0.181619 0.277778 0.184902 0.275862 0.185996 0.268199 0.185996 0.268199 0.194748 0.266284 0.195842 0.262452 0.195842 0.260536 0.194748 0.260536 0.173961 0.256705 0.173961 0.256705 0.188184 0.254789 0.189278 0.250958 0.189278 0.249042 0.188184 0.249042 0.175055 0.245211 0.175055 0.245211 0.200219 0.254789 0.200219 0.256705 0.201313 0.256705 0.205689 0.254789 0.206783 0.245211 0.206783 0.245211 0.221007 0.243295 0.222101 0.243295 0.226477 0.241379 0.227571 0.239464 0.227571 0.239464 0.230853 0.237548 0.231947 0.226054 0.231947 0.226054 0.234136 0.227969 0.235230 0.239464 0.235230 0.241379 0.236324 0.241379 0.242888 0.239464 0.243982 0.239464 0.247265 0.241379 0.248359 0.241379 0.277899 0.245211 0.277899 0.247126 0.278993 0.247126 0.281182 0.245211 0.282276 0.245211 0.285558 0.241379 0.287746 0.241379 0.294311 0.239464 0.295405 0.239464 0.298687 0.241379 0.299781 0.241379 0.305252 0.239464 0.306346 0.231801 0.306346 0.229885 0.305252 0.229885 0.303063 0.231801 0.301969 0.233716 0.301969 0.233716 0.299781 0.229885 0.299781 0.229885 0.303063 0.227969 0.304158 0.226054 0.304158 0.226054 0.305252 0.224138 0.306346 0.224138 0.320569 0.222222 0.321663 0.214559 0.321663 0.214559 0.332604 0.212644 0.333698 0.203065 0.333698 0.201149 0.332604 0.199234 0.332604 0.197318 0.331510 0.197318 0.326039 0.193487 0.326039 0.193487 0.329322 0.195402 0.329322 0.197318 0.330416 0.197318 0.338074 0.195402 0.339168 0.193487 0.339168 0.193487 0.345733 0.201149 0.345733 0.203065 0.346827 0.203065 0.353392 0.201149 0.354486 0.193487 0.354486 0.193487 0.356674 0.191571 0.357768 0.191571 0.361050 0.193487 0.362144 0.193487 0.363239 0.197318 0.363239 0.197318 0.362144 0.199234 0.361050 0.203065 0.361050 0.204981 0.362144 0.204981 0.363239 0.208812 0.363239 0.208812 0.362144 0.210728 0.361050 0.214559 0.361050 0.216475 0.362144 0.224138 0.362144 0.226054 0.363239 0.231801 0.363239 0.231801 0.351204 0.229885 0.350109 0.229885 0.336980 0.231801 0.335886 0.235632 0.335886 0.235632 0.326039 0.231801 0.326039 0.229885 0.324945 0.229885 0.322757 0.231801 0.321663 0.235632 0.321663 0.235632 0.320569 0.237548 0.319475 0.243295 0.319475 0.245211 0.320569 0.245211 0.321663 0.247126 0.322757 0.247126 0.326039 0.249042 0.327133 0.249042 0.330416 0.247126 0.331510 0.243295 0.331510 0.243295 0.334792 0.245211 0.335886 0.245211 0.338074 0.243295 0.339168 0.241379 0.339168 0.241379 0.346827 0.247126 0.346827 0.249042 0.347921 0.249042 0.350109 0.247126 0.351204 0.245211 0.351204 0.245211 0.363239 0.249042 0.363239 0.250958 0.362144 0.252874 0.362144 0.254789 0.361050 0.254789 0.356674 0.256705 0.355580 0.262452 0.355580 0.264368 0.356674 0.264368 0.365427 0.262452 0.366521 0.260536 0.366521 0.258621 0.367615 0.258621 0.368709 0.256705 0.369803 0.249042 0.369803 0.247126 0.370897 0.239464 0.370897 0.237548 0.369803 0.233716 0.369803 0.233716 0.370897 0.231801 0.371991 0.222222 0.371991 0.220307 0.370897 0.220307 0.369803 0.216475 0.369803 0.216475 0.381838 0.214559 0.382932 0.210728 0.382932 0.208812 0.381838 0.208812 0.370897 0.204981 0.370897 0.203065 0.371991 0.199234 0.371991 0.197318 0.370897 0.197318 0.369803 0.193487 0.369803 0.189655 0.371991 0.187739 0.371991 0.187739 0.374179 0.191571 0.374179 0.193487 0.375274 0.193487 0.376368 0.197318 0.376368 0.197318 0.375274 0.199234 0.374179 0.203065 0.374179 0.204981 0.375274 0.204981 0.389497 0.203065 0.390591 0.199234 0.390591 0.197318 0.389497 0.197318 0.381838 0.193487 0.381838 0.193487 0.396061 0.197318 0.396061 0.197318 0.393873 0.199234 0.392779 0.203065 0.392779 0.204981 0.393873 0.204981 0.394967 0.208812 0.394967 0.210728 0.393873 0.214559 0.393873 0.216475 0.394967 0.216475 0.415755 0.214559 0.416849 0.210728 0.416849 0.208812 0.415755 0.201149 0.415755 0.197318 0.413567 0.197318 0.410284 0.193487 0.410284 0.193487 0.417943 0.203065 0.417943 0.204981 0.419037 0.204981 0.422319 0.203065 0.423414 0.193487 0.423414 0.193487 0.426696 0.191571 0.427790 0.189655 0.427790 0.189655 0.432166 0.193487 0.432166 0.195402 0.433260 0.195402 0.447484 0.193487 0.448578 0.193487 0.451860 0.195402 0.452954 0.195402 0.457330 0.201149 0.457330 0.201149 0.455142 0.199234 0.454048 0.199234 0.446389 0.201149 0.445295 0.212644 0.445295 0.214559 0.446389 0.214559 0.448578 0.212644 0.449672 0.206897 0.449672 0.206897 0.454048 0.214559 0.454048 0.216475 0.455142 0.216475 0.460613 0.214559 0.461707 0.210728 0.461707 0.210728 0.463895 0.208812 0.464989 0.206897 0.464989 0.206897 0.468271 0.210728 0.468271 0.210728 0.464989 0.212644 0.463895 0.227969 0.463895 0.227969 0.461707 0.222222 0.461707 0.220307 0.460613 0.220307 0.458425 0.222222 0.457330 0.233716 0.457330 0.233716 0.449672 0.235632 0.448578 0.249042 0.448578 0.250958 0.449672 0.250958 0.485777 0.249042 0.486871 0.245211 0.486871 0.245211 0.489059 0.250958 0.489059 0.252874 0.490153 0.252874 0.491247 0.268199 0.491247 0.270115 0.490153 0.289272 0.490153 0.291188 0.489059 0.298851 0.489059 0.302682 0.491247 0.302682 0.492341 0.304598 0.493435 0.304598 0.495624 0.302682 0.496718 0.302682 0.498906 0.300766 0.500000 0.291188 0.500000 0.289272 0.498906 0.285441 0.498906 0.283525 0.500000 0.270115 0.500000 0.268199 0.498906 0.250958 0.498906 0.250958 0.517505 0.249042 0.518600 0.243295 0.518600 0.239464 0.516411 0.239464 0.512035 0.237548 0.512035 0.235632 0.510941 0.235632 0.506565 0.233716 0.505470 0.233716 0.500000 0.229885 0.500000 0.229885 0.505470 0.227969 0.506565 0.224138 0.506565 0.222222 0.505470 0.222222 0.497812 0.218391 0.497812 0.216475 0.496718 0.216475 0.493435 0.212644 0.493435 0.210728 0.492341 0.210728 0.482495 0.206897 0.482495 0.206897 0.486871 0.204981 0.487965 0.204981 0.491247 0.206897 0.492341 0.210728 0.492341 0.212644 0.493435 0.212644 0.497812 0.216475 0.497812 0.218391 0.498906 0.218391 0.505470 0.216475 0.506565 0.212644 0.506565 0.210728 0.505470 0.210728 0.500000 0.206897 0.500000 0.204981 0.501094 0.195402 0.501094 0.195402 0.503282 0.204981 0.503282 0.206897 0.504376 0.206897 0.506565 0.204981 0.507659 0.195402 0.507659 0.195402 0.515317 0.204981 0.515317 0.206897 0.516411 0.212644 0.516411 0.212644 0.512035 0.214559 0.510941 0.224138 0.510941 0.226054 0.512035 0.226054 0.517505 0.224138 0.518600 0.220307 0.518600 0.218391 0.519694 0.218391 0.522976 0.224138 0.522976 0.226054 0.521882 0.233716 0.521882 0.235632 0.522976 0.235632 0.527352 0.233716 0.528446 0.229885 0.528446 0.229885 0.542670 0.227969 0.543764 0.220307 0.543764 0.220307 0.552516 0.218391 0.553611 0.214559 0.553611 0.212644 0.552516 0.208812 0.552516 0.208812 0.554705 0.214559 0.554705 0.216475 0.555799 0.216475 0.560175 0.214559 0.561269 0.214559 0.562363 0.212644 0.563457 0.208812 0.563457 0.206897 0.564551 0.204981 0.564551 0.203065 0.565646 0.203065 0.573304 0.201149 0.574398 0.199234 0.574398 0.199234 0.576586 0.197318 0.577681 0.197318 0.582057 0.195402 0.583151 0.193487 0.583151 0.191571 0.584245 0.185824 0.584245 0.183908 0.583151 0.183908 0.577681 0.170498 0.577681 0.168582 0.576586 0.168582 0.572210 0.166667 0.572210 0.164751 0.571116 0.160920 0.571116 0.160920 0.572210 0.159004 0.573304 0.147510 0.573304 0.145594 0.572210 0.145594 0.567834 0.141762 0.567834 0.141762 0.571116 0.139847 0.572210 0.130268 0.572210 0.128352 0.571116 0.120690 0.571116 0.120690 0.573304 0.122605 0.574398 0.134100 0.574398 0.136015 0.575492 0.136015 0.578775 0.141762 0.578775 0.143678 0.579869 0.143678 0.583151 0.147510 0.583151 0.149425 0.584245 0.149425 0.586433 0.153257 0.588621 0.153257 0.589716 0.160920 0.589716 0.162835 0.590810 0.162835 0.594092 0.164751 0.595186 0.168582 0.595186 0.170498 0.594092 0.174330 0.594092 0.176245 0.595186 0.176245 0.614880 0.174330 0.615974 0.164751 0.615974 0.164751 0.621444 0.162835 0.622538 0.151341 0.622538 0.149425 0.621444 0.149425 0.619256 0.147510 0.618162 0.147510 0.617068 0.145594 0.615974 0.145594 0.614880 0.143678 0.613786 0.143678 0.612691 0.141762 0.612691 0.139847 0.611597 0.139847 0.610503 0.137931 0.609409 0.132184 0.609409 0.130268 0.608315 0.126437 0.608315 0.126437 0.611597 0.128352 0.612691 0.132184 0.612691 0.134100 0.613786 0.134100 0.615974 0.137931 0.618162 0.137931 0.621444 0.139847 0.621444 0.141762 0.622538 0.141762 0.623632 0.143678 0.624726 0.143678 0.626915 0.145594 0.626915 0.147510 0.628009 0.147510 0.631291 0.145594 0.632385 0.143678 0.632385 0.143678 0.634573 0.139847 0.636761 0.134100 0.636761 0.130268 0.634573 0.130268 0.630197 0.126437 0.630197 0.124521 0.629103 0.124521 0.628009 0.120690 0.628009 0.118774 0.626915 0.109195 0.626915 0.109195 0.628009 0.107280 0.629103 0.101533 0.629103 0.097701 0.626915 0.082375 0.626915 0.082375 0.629103 0.088123 0.629103 0.090038 0.630197 0.090038 0.635667 0.091954 0.636761 0.091954 0.637856 0.095785 0.637856 0.097701 0.638950 0.097701 0.642232 0.093870 0.644420 0.091954 0.644420 0.091954 0.645514 0.090038 0.646608 0.086207 0.646608 0.084291 0.645514 0.084291 0.644420 0.076628 0.644420 0.074713 0.643326 0.072797 0.643326 0.068966 0.641138 0.068966 0.633479 0.065134 0.633479 0.065134 0.641138 0.063218 0.642232 0.053640 0.642232 0.051724 0.641138 0.047893 0.641138 0.045977 0.642232 0.042146 0.642232 0.040230 0.641138 0.036398 0.641138 0.036398 0.645514 0.040230 0.645514 0.042146 0.646608 0.042146 0.650985 0.045977 0.650985 0.045977 0.647702 0.047893 0.646608 0.055556 0.646608 0.057471 0.647702 0.057471 0.652079 0.061303 0.652079 0.063218 0.650985 0.068966 0.650985 0.070881 0.652079 0.074713 0.652079 0.074713 0.650985 0.076628 0.649891 0.080460 0.649891 0.082375 0.650985 0.082375 0.652079 0.084291 0.652079 0.086207 0.653173 0.086207 0.655361 0.090038 0.655361 0.091954 0.656455 0.091954 0.658643 0.090038 0.659737 0.088123 0.659737 0.088123 0.661926 0.090038 0.661926 0.091954 0.663020 0.091954 0.667396 0.093870 0.668490 0.093870 0.669584 0.097701 0.671772 0.101533 0.671772 0.105364 0.673961 0.105364 0.677243 0.107280 0.678337 0.113027 0.678337 0.118774 0.681619 0.118774 0.684902 0.120690 0.685996 0.124521 0.685996 0.128352 0.688184 0.128352 0.690372 0.126437 0.691466 0.126437 0.693654 0.124521 0.694748 0.114943 0.694748 0.113027 0.693654 0.097701 0.693654 0.095785 0.692560 0.095785 0.688184 0.091954 0.688184 0.091954 0.690372 0.090038 0.691466 0.084291 0.691466 0.082375 0.692560 0.078544 0.692560 0.074713 0.690372 0.074713 0.681619 0.070881 0.681619 0.068966 0.680525 0.068966 0.672867 0.065134 0.672867 0.065134 0.673961 0.063218 0.675055 0.059387 0.675055 0.057471 0.673961 0.057471 0.666302 0.053640 0.666302 0.053640 0.668490 0.051724 0.669584 0.047893 0.669584 0.047893 0.670678 0.045977 0.671772 0.045977 0.676149 0.047893 0.676149 0.049808 0.677243 0.049808 0.680525 0.047893 0.681619 0.042146 0.681619 0.042146 0.684902 0.040230 0.685996 0.032567 0.685996 0.032567 0.688184 0.038314 0.688184 0.042146 0.690372 0.042146 0.693654 0.044061 0.694748 0.044061 0.695842 0.047893 0.695842 0.049808 0.696937 0.049808 0.703501 0.053640 0.703501 0.055556 0.704595 0.055556 0.705689 0.057471 0.706783 0.067050 0.706783 0.068966 0.707877 0.068966 0.714442 0.080460 0.714442 0.084291 0.716630 0.084291 0.719912 0.088123 0.719912 0.090038 0.721007 0.090038 0.725383 0.097701 0.725383 0.099617 0.726477 0.099617 0.728665 0.109195 0.728665 0.111111 0.729759 0.111111 0.735230 0.116858 0.735230 0.118774 0.734136 0.126437 0.734136 0.128352 0.735230 0.128352 0.736324 0.130268 0.736324 0.132184 0.737418 0.136015 0.737418 0.137931 0.738512 0.137931 0.739606 0.141762 0.741794 0.141762 0.742888 0.145594 0.742888 0.149425 0.745077 0.149425 0.746171 0.151341 0.747265 0.151341 0.750547 0.153257 0.751641 0.166667 0.751641 0.168582 0.750547 0.172414 0.750547 0.174330 0.751641 0.178161 0.751641 0.181992 0.749453 0.187739 0.749453 0.189655 0.750547 0.191571 0.750547 0.193487 0.751641 0.195402 0.751641 0.199234 0.753829 0.199234 0.756018 0.197318 0.757112 0.197318 0.759300 0.199234 0.759300 0.203065 0.761488 0.203065 0.781182 0.206897 0.781182 0.206897 0.769147 0.208812 0.768053 0.212644 0.768053 0.214559 0.769147 0.222222 0.769147 0.224138 0.770241 0.224138 0.774617 0.226054 0.775711 0.226054 0.776805 0.233716 0.776805 0.235632 0.777899 0.235632 0.780088 0.241379 0.780088 0.241379 0.774617 0.243295 0.773523 0.250958 0.773523 0.252874 0.774617 0.252874 0.778993 0.256705 0.778993 0.258621 0.780088 0.258621 0.782276 0.262452 0.782276 0.264368 0.783370 0.264368 0.785558 0.262452 0.786652 0.258621 0.786652 0.258621 0.800875 0.256705 0.801969 0.249042 0.801969 0.247126 0.800875 0.247126 0.798687 0.245211 0.798687 0.241379 0.796499 0.231801 0.796499 0.229885 0.795405 0.229885 0.792123 0.220307 0.792123 0.218391 0.791028 0.218391 0.786652 0.214559 0.786652 0.214559 0.788840 0.212644 0.789934 0.208812 0.789934 0.206897 0.788840 0.206897 0.786652 0.199234 0.786652 0.197318 0.787746 0.197318 0.797593 0.195402 0.798687 0.189655 0.798687 0.187739 0.799781 0.183908 0.799781 0.181992 0.798687 0.181992 0.795405 0.183908 0.794311 0.187739 0.794311 0.189655 0.793217 0.189655 0.777899 0.185824 0.777899 0.183908 0.776805 0.183908 0.774617 0.185824 0.773523 0.185824 0.771335 0.183908 0.770241 0.183908 0.764770 0.180077 0.764770 0.178161 0.763676 0.178161 0.761488 0.180077 0.760394 0.183908 0.760394 0.183908 0.756018 0.155172 0.756018 0.155172 0.758206 0.157088 0.758206 0.159004 0.759300 0.159004 0.760394 0.160920 0.761488 0.160920 0.763676 0.162835 0.764770 0.162835 0.765864 0.164751 0.766958 0.164751 0.769147 0.162835 0.770241 0.155172 0.770241 0.153257 0.769147 0.153257 0.764770 0.151341 0.763676 0.145594 0.763676 0.145594 0.766958 0.147510 0.768053 0.147510 0.769147 0.149425 0.769147 0.151341 0.770241 0.151341 0.773523 0.149425 0.774617 0.147510 0.774617 0.147510 0.776805 0.149425 0.776805 0.151341 0.777899 0.151341 0.778993 0.155172 0.778993 0.157088 0.780088 0.157088 0.783370 0.155172 0.784464 0.141762 0.784464 0.141762 0.785558 0.139847 0.786652 0.136015 0.786652 0.134100 0.785558 0.134100 0.784464 0.124521 0.784464 0.120690 0.782276 0.120690 0.780088 0.116858 0.777899 0.116858 0.776805 0.113027 0.776805 0.111111 0.777899 0.107280 0.777899 0.105364 0.776805 0.105364 0.775711 0.101533 0.775711 0.099617 0.774617 0.095785 0.774617 0.093870 0.773523 0.093870 0.769147 0.090038 0.769147 0.090038 0.772429 0.088123 0.773523 0.084291 0.773523 0.084291 0.777899 0.086207 0.778993 0.086207 0.782276 0.099617 0.782276 0.101533 0.783370 0.103448 0.783370 0.107280 0.785558 0.107280 0.787746 0.105364 0.788840 0.101533 0.788840 0.101533 0.792123 0.105364 0.792123 0.107280 0.793217 0.114943 0.793217 0.116858 0.794311 0.116858 0.799781 0.118774 0.800875 0.118774 0.806346 0.120690 0.807440 0.126437 0.807440 0.130268 0.809628 0.130268 0.811816 0.128352 0.812910 0.114943 0.812910 0.113027 0.811816 0.113027 0.810722 0.111111 0.809628 0.111111 0.807440 0.107280 0.807440 0.107280 0.810722 0.105364 0.811816 0.101533 0.811816 0.101533 0.814004 0.111111 0.814004 0.113027 0.815098 0.113027 0.816193 0.134100 0.816193 0.136015 0.815098 0.136015 0.814004 0.137931 0.812910 0.141762 0.812910 0.143678 0.814004 0.149425 0.814004 0.151341 0.815098 0.151341 0.818381 0.149425 0.819475 0.141762 0.819475 0.141762 0.824945 0.145594 0.824945 0.147510 0.826039 0.147510 0.828228 0.145594 0.829322 0.139847 0.829322 0.139847 0.831510 0.137931 0.832604 0.134100 0.832604 0.132184 0.831510 0.132184 0.829322 0.118774 0.829322 0.116858 0.828228 0.109195 0.828228 0.107280 0.827133 0.107280 0.823851 0.099617 0.823851 0.099617 0.824945 0.097701 0.826039 0.097701 0.827133 0.095785 0.828228 0.088123 0.828228 0.088123 0.830416 0.090038 0.831510 0.090038 0.834792 0.091954 0.835886 0.091954 0.838074 0.095785 0.838074 0.097701 0.836980 0.105364 0.836980 0.107280 0.838074 0.107280 0.839168 0.113027 0.839168 0.114943 0.840263 0.114943 0.844639 0.116858 0.844639 0.118774 0.845733 0.118774 0.846827 0.120690 0.847921 0.120690 0.852298 0.124521 0.854486 0.124521 0.855580 0.128352 0.855580 0.130268 0.856674 0.130268 0.858862 0.128352 0.859956 0.116858 0.859956 0.116858 0.861050 0.114943 0.862144 0.111111 0.862144 0.109195 0.863239 0.105364 0.863239 0.103448 0.862144 0.103448 0.861050 0.099617 0.861050 0.099617 0.863239 0.097701 0.864333 0.097701 0.866521 0.099617 0.867615 0.099617 0.868709 0.103448 0.868709 0.103448 0.866521 0.105364 0.865427 0.116858 0.865427 0.118774 0.866521 0.118774 0.868709 0.122605 0.868709 0.124521 0.867615 0.128352 0.867615 0.130268 0.868709 0.130268 0.873085 0.136015 0.873085 0.136015 0.869803 0.137931 0.868709 0.141762 0.868709 0.143678 0.869803 0.143678 0.879650 0.160920 0.879650 0.162835 0.880744 0.162835 0.882932 0.160920 0.884026 0.155172 0.884026 0.155172 0.885120 0.153257 0.886214 0.149425 0.886214 0.149425 0.888403 0.155172 0.888403 0.157088 0.889497 0.159004 0.889497 0.160920 0.890591 0.160920 0.892779 0.164751 0.892779 0.164751 0.891685 0.166667 0.890591 0.170498 0.890591 0.172414 0.891685 0.172414 0.893873 0.185824 0.893873 0.187739 0.894967 0.193487 0.894967 0.193487 0.893873 0.195402 0.892779 0.199234 0.892779 0.201149 0.893873 0.201149 0.896061 0.216475 0.896061 0.216475 0.894967 0.218391 0.893873 0.229885 0.893873 0.231801 0.892779 0.237548 0.892779 0.239464 0.893873 0.239464 0.897155 0.237548 0.898249 0.235632 0.898249 0.235632 0.899344 0.233716 0.900438 0.224138 0.900438 0.222222 0.899344 0.222222 0.898249 0.218391 0.898249 0.218391 0.900438 0.216475 0.901532 0.214559 0.901532 0.212644 0.902626 0.203065 0.902626 0.201149 0.903720 0.199234 0.903720 0.197318 0.904814 0.166667 0.904814 0.166667 0.907002 0.164751 0.908096 0.160920 0.908096 0.159004 0.907002 0.155172 0.907002 0.153257 0.908096 0.149425 0.908096 0.149425 0.911379 0.159004 0.911379 0.160920 0.912473 0.164751 0.912473 0.164751 0.911379 0.166667 0.910284 0.170498 0.910284 0.172414 0.911379 0.176245 0.911379 0.178161 0.910284 0.183908 0.910284 0.185824 0.911379 0.191571 0.911379 0.191571 0.908096 0.193487 0.907002 0.197318 0.907002 0.199234 0.908096 0.204981 0.908096 0.206897 0.907002 0.210728 0.907002 0.212644 0.908096 0.212644 0.912473 0.210728 0.913567 0.203065 0.913567 0.203065 0.921225 0.208812 0.921225 0.208812 0.920131 0.210728 0.919037 0.210728 0.916849 0.212644 0.915755 0.216475 0.915755 0.218391 0.916849 0.218391 0.917943 0.222222 0.917943 0.222222 0.916849 0.224138 0.915755 0.227969 0.915755 0.229885 0.914661 0.237548 0.914661 0.239464 0.915755 0.245211 0.915755 0.245211 0.911379 0.247126 0.910284 0.256705 0.910284 0.256705 0.909190 0.258621 0.908096 0.264368 0.908096 0.264368 0.907002 0.266284 0.905908 0.277778 0.905908 0.277778 0.903720 0.281609 0.901532 0.285441 0.901532 0.287356 0.900438 0.293103 0.900438 0.295019 0.899344 0.300766 0.899344 0.300766 0.898249 0.304598 0.896061 0.304598 0.888403 0.306513 0.887309 0.310345 0.887309 0.312261 0.888403 0.312261 0.894967 0.316092 0.894967 0.318008 0.896061 0.344828 0.896061 0.346743 0.894967 0.350575 0.894967 0.352490 0.896061 0.356322 0.896061 0.356322 0.892779 0.358238 0.891685 0.365900 0.891685 0.367816 0.892779 0.367816 0.896061 0.363985 0.898249 0.360153 0.898249 0.360153 0.901532 0.365900 0.901532 0.367816 0.902626 0.367816 0.904814 0.365900 0.905908 0.358238 0.905908 0.356322 0.904814 0.356322 0.902626 0.350575 0.902626 0.348659 0.903720 0.348659 0.905908 0.344828 0.908096 0.342912 0.908096 0.340996 0.909190 0.337165 0.909190 0.337165 0.911379 0.333333 0.913567 0.333333 0.914661 0.331418 0.915755 0.325670 0.915755 0.325670 0.919037 0.323755 0.920131 0.318008 0.920131 0.314176 0.922319 0.314176 0.923414 0.310345 0.925602 0.306513 0.925602 0.304598 0.924508 0.304598 0.922319 0.300766 0.922319 0.296935 0.920131 0.289272 0.920131 0.289272 0.923414 0.293103 0.923414 0.295019 0.924508 0.295019 0.926696 0.296935 0.927790 0.300766 0.927790 0.302682 0.926696 0.306513 0.926696 0.308429 0.927790 0.308429 0.931072 0.306513 0.932166 0.300766 0.932166 0.298851 0.933260 0.296935 0.933260 0.296935 0.938731 0.295019 0.939825 0.289272 0.939825 0.289272 0.942013 0.291188 0.943107 0.291188 0.945295 0.289272 0.946389 0.285441 0.946389 0.283525 0.945295 0.279693 0.945295 0.277778 0.946389 0.277778 0.949672 0.275862 0.950766 0.268199 0.950766 0.268199 0.952954 0.264368 0.955142 0.260536 0.955142 0.258621 0.956236 0.258621 0.962801 0.262452 0.962801 0.264368 0.961707 0.266284 0.961707 0.266284 0.960613 0.270115 0.958425 0.272031 0.958425 0.275862 0.956236 0.277778 0.956236 0.277778 0.952954 0.279693 0.951860 0.283525 0.951860 0.287356 0.949672 0.289272 0.949672 0.289272 0.947484 0.291188 0.946389 0.296935 0.946389 0.296935 0.944201 0.298851 0.943107 0.300766 0.943107 0.300766 0.939825 0.302682 0.938731 0.304598 0.938731 0.306513 0.937637 0.308429 0.937637 0.308429 0.933260 0.310345 0.932166 0.318008 0.932166 0.319923 0.931072 0.325670 0.931072 0.327586 0.929978 0.335249 0.929978 0.335249 0.928884 0.337165 0.927790 0.340996 0.927790 0.342912 0.928884 0.342912 0.929978 0.346743 0.929978 0.346743 0.927790 0.348659 0.926696 0.352490 0.926696 0.354406 0.927790 0.354406 0.929978 0.369732 0.929978 0.369732 0.928884 0.371648 0.927790 0.385057 0.927790 0.386973 0.928884 0.386973 0.933260 0.392720 0.933260 0.392720 0.931072 0.394636 0.929978 0.402299 0.929978 0.402299 0.927790 0.404215 0.926696 0.408046 0.926696 0.409962 0.927790 0.413793 0.927790 0.413793 0.925602 0.417625 0.923414 0.419540 0.923414 0.419540 0.916849 0.421456 0.915755 0.425287 0.915755 0.427203 0.916849 0.427203 0.920131 0.429119 0.920131 0.432950 0.922319 0.436782 0.922319 0.436782 0.920131 0.442529 0.916849 0.444444 0.916849 0.444444 0.911379 0.446360 0.910284 0.450192 0.910284 0.450192 0.909190 0.452107 0.908096 0.455939 0.908096 0.459770 0.910284 0.459770 0.912473 0.461686 0.913567 0.461686 0.919037 0.465517 0.921225 0.465517 0.926696 0.478927 0.926696 0.482759 0.928884 0.482759 0.931072 0.486590 0.931072 0.488506 0.932166 0.488506 0.938731 0.492337 0.938731 0.492337 0.934354 0.494253 0.933260 0.498084 0.933260 0.500000 0.934354 0.500000 0.939825 0.503831 0.939825 0.505747 0.938731 0.511494 0.938731 0.511494 0.937637 0.513410 0.936543 0.515326 0.936543 0.517241 0.935449 0.521073 0.935449 0.522989 0.936543 0.522989 0.939825 0.526820 0.939825 0.526820 0.938731 0.528736 0.937637 0.528736 0.936543 0.530651 0.935449 0.536398 0.935449 0.540230 0.937637 0.540230 0.939825 0.542146 0.940919 0.542146 0.943107 0.538314 0.945295 0.538314 0.949672 0.536398 0.950766 0.532567 0.950766 0.530651 0.949672 0.530651 0.947484 0.524904 0.947484 0.524904 0.949672 0.526820 0.950766 0.526820 0.954048 0.524904 0.955142 0.521073 0.955142 0.519157 0.954048 0.515326 0.954048 0.513410 0.955142 0.507663 0.955142 0.505747 0.956236 0.505747 0.957330 0.500000 0.960613 0.496169 0.960613 0.496169 0.961707 0.494253 0.962801 0.490421 0.962801 0.490421 0.963895 0.484674 0.967177 0.484674 0.969365 0.482759 0.970460 0.478927 0.970460 0.477011 0.969365 0.473180 0.969365 0.473180 0.972648 0.471264 0.973742 0.471264 0.977024 0.469349 0.978118 0.467433 0.978118 0.467433 0.979212 0.465517 0.980306 0.465517 0.983589 0.467433 0.984683 0.471264 0.984683 0.473180 0.983589 0.473180 0.981400 0.477011 0.979212 0.477011 0.978118 0.478927 0.977024 0.488506 0.977024 0.488506 0.974836 0.490421 0.973742 0.494253 0.973742 0.494253 0.972648 0.498084 0.970460 0.503831 0.970460 0.505747 0.971554 0.511494 0.971554 0.513410 0.972648 0.513410 0.973742 0.515326 0.973742 0.517241 0.974836 0.517241 0.977024 0.515326 0.978118 0.511494 0.978118 0.511494 0.981400 0.517241 0.981400 0.517241 0.978118 0.519157 0.977024 0.522989 0.977024 0.522989 0.974836 0.524904 0.973742 0.526820 0.973742 0.530651 0.971554 0.530651 0.962801 0.534483 0.960613 0.538314 0.960613 0.540230 0.961707 0.540230 0.967177 0.553640 0.967177 0.555556 0.968271 0.555556 0.969365 0.557471 0.970460 0.557471 0.973742 0.563218 0.973742 0.563218 0.964989 0.565134 0.963895 0.567050 0.963895 0.568966 0.962801 0.572797 0.962801 0.574713 0.961707 0.582375 0.961707 0.582375 0.960613 0.584291 0.959519 0.593870 0.959519 0.593870 0.957330 0.595785 0.956236 0.605364 0.956236 0.609195 0.954048 0.609195 0.952954 0.611111 0.951860 0.614943 0.951860 0.620690 0.948578 0.622605 0.948578 0.622605 0.947484 0.624521 0.946389 0.624521 0.945295 0.626437 0.944201 0.632184 0.944201 0.636015 0.942013 0.643678 0.942013 0.645594 0.940919 0.649425 0.940919 0.653257 0.943107 0.653257 0.947484 0.651341 0.948578 0.651341 0.950766 0.655172 0.952954 0.655172 0.956236 0.657088 0.957330 0.662835 0.957330 0.664751 0.956236 0.664751 0.954048 0.662835 0.952954 0.662835 0.950766 0.664751 0.949672 0.664751 0.945295 0.668582 0.943107 0.668582 0.942013 0.670498 0.940919 0.670498 0.936543 0.672414 0.935449 0.672414 0.922319 0.670498 0.921225 0.670498 0.919037 0.672414 0.917943 0.672414 0.905908 0.674330 0.904814 0.678161 0.904814 0.680077 0.905908 0.680077 0.909190 0.683908 0.909190 0.685824 0.910284 0.689655 0.910284 0.691571 0.911379 0.691571 0.915755 0.695402 0.915755 0.695402 0.914661 0.697318 0.913567 0.706897 0.913567 0.710728 0.915755 0.710728 0.919037 0.716475 0.919037 0.718391 0.920131 0.718391 0.922319 0.716475 0.923414 0.714559 0.923414 0.714559 0.925602 0.718391 0.925602 0.720307 0.924508 0.724138 0.924508 0.726054 0.925602 0.726054 0.928884 0.731801 0.928884 0.737548 0.932166 0.747126 0.932166 0.749042 0.933260 0.749042 0.935449 0.750958 0.935449 0.752874 0.936543 0.752874 0.937637 0.756705 0.937637 0.756705 0.928884 0.752874 0.926696 0.752874 0.925602 0.750958 0.924508 0.750958 0.921225 0.749042 0.920131 0.749042 0.917943 0.741379 0.913567 0.741379 0.912473 0.739464 0.911379 0.739464 0.909190 0.737548 0.908096 0.737548 0.907002 0.735632 0.907002 0.733716 0.905908 0.733716 0.903720 0.729885 0.903720 0.729885 0.910284 0.733716 0.912473 0.733716 0.914661 0.729885 0.916849 0.724138 0.916849 0.722222 0.915755 0.722222 0.914661 0.720307 0.914661 0.716475 0.912473 0.716475 0.911379 0.714559 0.911379 0.710728 0.909190 0.710728 0.908096 0.708812 0.908096 0.706897 0.907002 0.706897 0.904814 0.708812 0.903720 0.712644 0.903720 0.712644 0.899344 0.714559 0.898249 0.718391 0.898249 0.720307 0.899344 0.727969 0.899344 0.727969 0.897155 0.726054 0.896061 0.724138 0.896061 0.720307 0.893873 0.720307 0.891685 0.718391 0.891685 0.716475 0.890591 0.716475 0.882932 0.712644 0.882932 0.708812 0.880744 0.703065 0.880744 0.699234 0.878556 0.699234 0.876368 0.701149 0.875274 0.704981 0.875274 0.706897 0.876368 0.710728 0.876368 0.714559 0.874179 0.716475 0.874179 0.718391 0.873085 0.741379 0.873085 0.743295 0.874179 0.743295 0.878556 0.745211 0.879650 0.749042 0.879650 0.750958 0.880744 0.750958 0.884026 0.758621 0.884026 0.762452 0.886214 0.762452 0.888403 0.764368 0.889497 0.764368 0.892779 0.770115 0.892779 0.772031 0.893873 0.772031 0.894967 0.775862 0.894967 0.775862 0.892779 0.773946 0.892779 0.772031 0.891685 0.772031 0.886214 0.768199 0.884026 0.766284 0.884026 0.764368 0.882932 0.758621 0.882932 0.756705 0.881838 0.756705 0.880744 0.754789 0.879650 0.754789 0.875274 0.750958 0.873085 0.750958 0.866521 0.752874 0.865427 0.756705 0.865427 0.758621 0.864333 0.766284 0.864333 0.768199 0.865427 0.768199 0.866521 0.773946 0.866521 0.773946 0.865427 0.775862 0.864333 0.781609 0.864333 0.785441 0.866521 0.787356 0.866521 0.791188 0.868709 0.791188 0.870897 0.806513 0.870897 0.808429 0.871991 0.808429 0.873085 0.812261 0.875274 0.812261 0.876368 0.819923 0.876368 0.821839 0.877462 0.821839 0.882932 0.827586 0.882932 0.831418 0.885120 0.831418 0.888403 0.833333 0.889497 0.835249 0.889497 0.839080 0.891685 0.844828 0.891685 0.844828 0.888403 0.839080 0.885120 0.839080 0.882932 0.837165 0.882932 0.831418 0.879650 0.831418 0.878556 0.825670 0.878556 0.823755 0.877462 0.823755 0.874179 0.821839 0.873085 0.819923 0.873085 0.818008 0.871991 0.818008 0.865427 0.810345 0.865427 0.806513 0.863239 0.806513 0.856674 0.808429 0.855580 0.839080 0.855580 0.839080 0.854486 0.840996 0.853392 0.844828 0.853392 0.846743 0.854486 0.846743 0.855580 0.856322 0.855580 0.858238 0.856674 0.858238 0.857768 0.862069 0.857768 0.862069 0.852298 0.863985 0.851204 0.867816 0.851204 0.867816 0.842451 0.869732 0.841357 0.873563 0.841357 0.875479 0.842451 0.875479 0.851204 0.879310 0.851204 0.881226 0.852298 0.881226 0.863239 0.883142 0.863239 0.885057 0.864333 0.885057 0.865427 0.890805 0.865427 0.892720 0.866521 0.892720 0.868709 0.896552 0.868709 0.896552 0.865427 0.898467 0.864333 0.898467 0.859956 0.900383 0.858862 0.902299 0.858862 0.904215 0.857768 0.908046 0.857768 0.908046 0.854486 0.909962 0.853392 0.913793 0.853392 0.915709 0.854486 0.915709 0.858862 0.919540 0.858862 0.921456 0.857768 0.925287 0.857768 0.925287 0.854486 0.927203 0.853392 0.931034 0.853392 0.931034 0.851204 0.927203 0.851204 0.925287 0.850109 0.925287 0.842451 0.927203 0.841357 0.929119 0.841357 0.929119 0.839168 0.927203 0.839168 0.925287 0.838074 0.925287 0.834792 0.927203 0.833698 0.934866 0.833698 0.936782 0.834792 0.940613 0.834792 0.940613 0.832604 0.942529 0.831510 0.944444 0.831510 0.944444 0.830416 0.946360 0.829322 0.946360 0.828228 0.948276 0.827133 0.948276 0.826039 0.950192 0.824945 0.950192 0.823851 0.952107 0.822757 0.954023 0.822757 0.957854 0.820569 0.961686 0.820569 0.961686 0.817287 0.955939 0.817287 0.954023 0.816193 0.954023 0.814004 0.955939 0.812910 0.957854 0.812910 0.957854 0.809628 0.959770 0.808534 0.963602 0.808534 0.963602 0.807440 0.965517 0.806346 0.969349 0.806346 0.971264 0.807440 0.975096 0.807440 0.975096 0.805252 0.973180 0.804158 0.973180 0.800875 0.977011 0.798687 0.978927 0.798687 0.978927 0.786652 0.980843 0.785558 0.984674 0.785558 0.986590 0.786652 0.998084 0.786652 0.998084 0.766958 0.996169 0.766958 0.996169 0.768053 0.994253 0.769147 0.990421 0.769147 0.990421 0.772429 0.984674 0.775711 0.984674 0.776805 0.980843 0.778993 0.978927 0.778993 0.978927 0.781182 0.977011 0.782276 0.973180 0.782276 0.973180 0.784464 0.971264 0.785558 0.969349 0.785558 0.961686 0.789934 0.959770 0.789934 0.959770 0.795405 0.957854 0.796499 0.948276 0.796499 0.948276 0.798687 0.946360 0.799781 0.942529 0.799781 0.940613 0.798687 0.940613 0.787746 0.942529 0.786652 0.942529 0.783370 0.938697 0.781182 0.938697 0.780088 0.934866 0.780088 0.932950 0.778993 0.929119 0.778993 0.929119 0.781182 0.927203 0.782276 0.923372 0.782276 0.921456 0.781182 0.921456 0.778993 0.917625 0.778993 0.915709 0.777899 0.909962 0.777899 0.906130 0.775711 0.906130 0.756018 0.908046 0.754923 0.908046 0.753829 0.909962 0.752735 0.909962 0.749453 0.900383 0.749453 0.898467 0.748359 0.888889 0.748359 0.888889 0.753829 0.886973 0.754923 0.885057 0.754923 0.883142 0.756018 0.881226 0.756018 0.881226 0.760394 0.877395 0.762582 0.877395 0.763676 0.873563 0.765864 0.873563 0.769147 0.869732 0.771335 0.869732 0.773523 0.867816 0.774617 0.850575 0.774617 0.848659 0.773523 0.848659 0.771335 0.844828 0.771335 0.844828 0.776805 0.842912 0.777899 0.839080 0.777899 0.837165 0.776805 0.837165 0.772429 0.833333 0.772429 0.833333 0.775711 0.831418 0.776805 0.823755 0.776805 0.823755 0.778993 0.821839 0.780088 0.798851 0.780088 0.795019 0.782276 0.789272 0.782276 0.785441 0.784464 0.781609 0.784464 0.779693 0.783370 0.775862 0.783370 0.773946 0.784464 0.768199 0.784464 0.766284 0.785558 0.760536 0.785558 0.760536 0.793217 0.758621 0.794311 0.754789 0.794311 0.752874 0.793217 0.752874 0.786652 0.750958 0.786652 0.749042 0.785558 0.749042 0.775711 0.745211 0.775711 0.745211 0.777899 0.743295 0.778993 0.737548 0.778993 0.735632 0.777899 0.735632 0.772429 0.727969 0.772429 0.726054 0.771335 0.726054 0.769147 0.727969 0.768053 0.735632 0.768053 0.735632 0.766958 0.737548 0.765864 0.747126 0.765864 0.747126 0.761488 0.749042 0.760394 0.754789 0.760394 0.756705 0.759300 0.758621 0.759300 0.758621 0.758206 0.762452 0.756018 0.768199 0.756018 0.770115 0.754923 0.770115 0.753829 0.772031 0.752735 0.775862 0.752735 0.777778 0.753829 0.777778 0.756018 0.781609 0.756018 0.781609 0.750547 0.783525 0.749453 0.787356 0.749453 0.787356 0.746171 0.789272 0.745077 0.793103 0.745077 0.795019 0.743982 0.802682 0.743982 0.804598 0.742888 0.804598 0.741794 0.806513 0.740700 0.810345 0.740700 0.810345 0.738512 0.812261 0.737418 0.814176 0.737418 0.816092 0.736324 0.823755 0.736324 0.823755 0.735230 0.827586 0.733042 0.831418 0.733042 0.833333 0.734136 0.833333 0.736324 0.840996 0.736324 0.842912 0.737418 0.842912 0.740700 0.848659 0.740700 0.848659 0.736324 0.850575 0.735230 0.854406 0.735230 0.856322 0.736324 0.860153 0.736324 0.860153 0.735230 0.862069 0.734136 0.862069 0.730853 0.863985 0.729759 0.863985 0.702407 0.865900 0.701313 0.869732 0.701313 0.871648 0.702407 0.881226 0.702407 0.881226 0.699125 0.883142 0.698031 0.886973 0.698031 0.888889 0.699125 0.888889 0.703501 0.892720 0.703501 0.892720 0.699125 0.894636 0.698031 0.902299 0.698031 0.904215 0.696937 0.904215 0.688184 0.906130 0.687090 0.906130 0.685996 0.908046 0.684902 0.908046 0.681619 0.911877 0.679431 0.913793 0.679431 0.913793 0.671772 0.915709 0.670678 0.919540 0.670678 0.921456 0.671772 0.921456 0.673961 0.925287 0.673961 0.925287 0.667396 0.923372 0.667396 0.921456 0.666302 0.921456 0.664114 0.923372 0.663020 0.929119 0.663020 0.931034 0.661926 0.936782 0.661926 0.936782 0.641138 0.932950 0.641138 0.931034 0.642232 0.927203 0.642232 0.927203 0.643326 0.925287 0.644420 0.919540 0.644420 0.919540 0.646608 0.917625 0.647702 0.915709 0.647702 0.913793 0.648796 0.911877 0.648796 0.909962 0.649891 0.909962 0.652079 0.902299 0.656455 0.898467 0.656455 0.898467 0.657549 0.896552 0.658643 0.892720 0.658643 0.890805 0.657549 0.890805 0.656455 0.886973 0.656455 0.886973 0.660832 0.883142 0.663020 0.883142 0.665208 0.881226 0.666302 0.881226 0.667396 0.879310 0.668490 0.873563 0.668490 0.873563 0.671772 0.869732 0.673961 0.854406 0.673961 0.854406 0.676149 0.852490 0.677243 0.848659 0.677243 0.846743 0.676149 0.846743 0.673961 0.842912 0.673961 0.842912 0.680525 0.840996 0.681619 0.839080 0.681619 0.839080 0.683807 0.837165 0.684902 0.833333 0.684902 0.831418 0.683807 0.831418 0.681619 0.833333 0.680525 0.835249 0.680525 0.835249 0.676149 0.831418 0.676149 0.831418 0.682713 0.829502 0.683807 0.819923 0.683807 0.819923 0.685996 0.818008 0.687090 0.814176 0.687090 0.812261 0.685996 0.808429 0.685996 0.808429 0.687090 0.806513 0.688184 0.798851 0.688184 0.796935 0.689278 0.793103 0.689278 0.791188 0.688184 0.787356 0.688184 0.785441 0.687090 0.785441 0.682713 0.779693 0.682713 0.777778 0.681619 0.777778 0.679431 0.779693 0.678337 0.785441 0.678337 0.787356 0.679431 0.787356 0.680525 0.791188 0.680525 0.791188 0.671772 0.793103 0.670678 0.800766 0.670678 0.800766 0.660832 0.802682 0.659737 0.806513 0.659737 0.808429 0.660832 0.808429 0.679431 0.814176 0.679431 0.814176 0.677243 0.812261 0.676149 0.812261 0.659737 0.814176 0.658643 0.823755 0.658643 0.823755 0.647702 0.827586 0.645514 0.831418 0.645514 0.833333 0.644420 0.835249 0.644420 0.835249 0.641138 0.837165 0.640044 0.840996 0.640044 0.844828 0.637856 0.848659 0.637856 0.850575 0.638950 0.850575 0.640044 0.852490 0.641138 0.852490 0.646608 0.856322 0.646608 0.856322 0.633479 0.860153 0.631291 0.862069 0.631291 0.862069 0.623632 0.860153 0.622538 0.860153 0.621444 0.852490 0.621444 0.850575 0.620350 0.842912 0.620350 0.840996 0.619256 0.840996 0.617068 0.842912 0.615974 0.854406 0.615974 0.856322 0.617068 0.860153 0.617068 0.860153 0.612691 0.862069 0.611597 0.867816 0.611597 0.869732 0.612691 0.869732 0.624726 0.873563 0.624726 0.875479 0.625821 0.875479 0.632385 0.879310 0.632385 0.879310 0.618162 0.881226 0.617068 0.885057 0.617068 0.886973 0.615974 0.890805 0.615974 0.890805 0.611597 0.892720 0.610503 0.892720 0.608315 0.894636 0.607221 0.894636 0.603939 0.892720 0.602845 0.892720 0.598468 0.888889 0.596280 0.888889 0.589716 0.886973 0.588621 0.886973 0.584245 0.883142 0.584245 0.881226 0.585339 0.875479 0.585339 0.875479 0.586433 0.873563 0.587527 0.869732 0.587527 0.867816 0.588621 0.867816 0.591904 0.865900 0.592998 0.862069 0.592998 0.860153 0.591904 0.860153 0.571116 0.856322 0.571116 0.854406 0.570022 0.854406 0.551422 0.844828 0.551422 0.842912 0.550328 0.839080 0.550328 0.839080 0.554705 0.842912 0.554705 0.844828 0.555799 0.848659 0.555799 0.850575 0.556893 0.850575 0.566740 0.848659 0.567834 0.835249 0.567834 0.833333 0.566740 0.833333 0.565646 0.823755 0.565646 0.821839 0.564551 0.821839 0.562363 0.823755 0.561269 0.833333 0.561269 0.833333 0.557987 0.829502 0.557987 0.827586 0.556893 0.827586 0.552516 0.823755 0.552516 0.821839 0.551422 0.821839 0.543764 0.819923 0.542670 0.819923 0.539387 0.816092 0.539387 0.816092 0.551422 0.819923 0.551422 0.821839 0.552516 0.821839 0.555799 0.819923 0.556893 0.816092 0.556893 0.816092 0.573304 0.814176 0.574398 0.810345 0.574398 0.810345 0.575492 0.808429 0.576586 0.802682 0.576586 0.800766 0.575492 0.800766 0.572210 0.798851 0.571116 0.798851 0.561269 0.800766 0.560175 0.800766 0.553611 0.798851 0.552516 0.798851 0.530635 0.795019 0.530635 0.795019 0.552516 0.793103 0.553611 0.793103 0.556893 0.795019 0.557987 0.795019 0.566740 0.793103 0.567834 0.793103 0.570022 0.795019 0.571116 0.795019 0.576586 0.793103 0.577681 0.783525 0.577681 0.783525 0.578775 0.781609 0.579869 0.777778 0.579869 0.775862 0.578775 0.775862 0.566740 0.772031 0.566740 0.772031 0.578775 0.770115 0.579869 0.766284 0.579869 0.764368 0.578775 0.764368 0.565646 0.760536 0.565646 0.760536 0.584245 0.756705 0.586433 0.754789 0.586433 0.754789 0.592998 0.752874 0.594092 0.749042 0.594092 0.747126 0.592998 0.747126 0.586433 0.749042 0.585339 0.749042 0.573304 0.747126 0.573304 0.743295 0.571116 0.743295 0.566740 0.741379 0.565646 0.741379 0.563457 0.733716 0.563457 0.731801 0.562363 0.731801 0.560175 0.729885 0.559081 0.729885 0.556893 0.727969 0.556893 0.726054 0.555799 0.726054 0.553611 0.727969 0.552516 0.729885 0.552516 0.729885 0.538293 0.731801 0.537199 0.731801 0.531729 0.733716 0.530635 0.741379 0.530635 0.741379 0.525164 0.743295 0.524070 0.747126 0.524070 0.747126 0.506565 0.749042 0.505470 0.752874 0.505470 0.754789 0.506565 0.754789 0.510941 0.756705 0.510941 0.758621 0.512035 0.758621 0.514223 0.762452 0.514223 0.762452 0.512035 0.764368 0.510941 0.770115 0.510941 0.772031 0.512035 0.779693 0.512035 0.781609 0.513129 0.781609 0.520788 0.779693 0.521882 0.772031 0.521882 0.772031 0.526258 0.779693 0.526258 0.783525 0.528446 0.783525 0.530635 0.781609 0.531729 0.781609 0.540481 0.783525 0.541575 0.783525 0.547046 0.781609 0.548140 0.777778 0.548140 0.775862 0.547046 0.772031 0.547046 0.772031 0.550328 0.787356 0.550328 0.787356 0.530635 0.785441 0.529540 0.785441 0.527352 0.787356 0.526258 0.787356 0.516411 0.789272 0.515317 0.798851 0.515317 0.800766 0.516411 0.804598 0.516411 0.804598 0.505470 0.798851 0.505470 0.796935 0.504376 0.796935 0.497812 0.798851 0.496718 0.798851 0.493435 0.795019 0.493435 0.793103 0.492341 0.781609 0.492341 0.779693 0.491247 0.779693 0.489059 0.781609 0.487965 0.795019 0.487965 0.796935 0.489059 0.800766 0.489059 0.800766 0.484683 0.802682 0.483589 0.806513 0.483589 0.808429 0.484683 0.808429 0.486871 0.810345 0.487965 0.810345 0.494530 0.812261 0.495624 0.812261 0.496718 0.814176 0.497812 0.814176 0.503282 0.816092 0.504376 0.816092 0.525164 0.814176 0.526258 0.812261 0.526258 0.812261 0.528446 0.810345 0.529540 0.808429 0.529540 0.808429 0.537199 0.812261 0.537199 0.812261 0.536105 0.814176 0.535011 0.819923 0.535011 0.819923 0.525164 0.821839 0.524070 0.825670 0.524070 0.827586 0.525164 0.827586 0.530635 0.831418 0.530635 0.831418 0.526258 0.829502 0.525164 0.829502 0.519694 0.831418 0.518600 0.831418 0.515317 0.833333 0.514223 0.842912 0.514223 0.842912 0.512035 0.844828 0.510941 0.848659 0.510941 0.850575 0.512035 0.850575 0.518600 0.846743 0.520788 0.839080 0.520788 0.839080 0.529540 0.842912 0.529540 0.842912 0.524070 0.844828 0.522976 0.848659 0.522976 0.850575 0.524070 0.854406 0.524070 0.854406 0.506565 0.856322 0.505470 0.856322 0.502188 0.854406 0.501094 0.854406 0.498906 0.856322 0.497812 0.858238 0.497812 0.858238 0.494530 0.856322 0.493435 0.856322 0.490153 0.858238 0.489059 0.858238 0.463895 0.856322 0.462801 0.856322 0.454048 0.858238 0.452954 0.862069 0.452954 0.863985 0.454048 0.863985 0.455142 0.865900 0.456236 0.865900 0.482495 0.867816 0.483589 0.867816 0.495624 0.869732 0.496718 0.869732 0.498906 0.867816 0.500000 0.865900 0.500000 0.865900 0.510941 0.869732 0.510941 0.871648 0.512035 0.871648 0.516411 0.873563 0.517505 0.873563 0.518600 0.886973 0.518600 0.886973 0.515317 0.888889 0.514223 0.892720 0.514223 0.894636 0.515317 0.894636 0.521882 0.900383 0.521882 0.902299 0.520788 0.909962 0.520788 0.909962 0.510941 0.911877 0.509847 0.915709 0.509847 0.917625 0.510941 0.917625 0.514223 0.921456 0.514223 0.921456 0.512035 0.923372 0.510941 0.923372 0.509847 0.925287 0.508753 0.932950 0.508753 0.932950 0.505470 0.934866 0.504376 0.938697 0.504376 0.940613 0.505470 0.940613 0.508753 0.948276 0.508753 0.950192 0.509847 0.950192 0.512035 0.948276 0.513129 0.940613 0.513129 0.940613 0.521882 0.944444 0.521882 0.944444 0.516411 0.946360 0.515317 0.954023 0.515317 0.954023 0.509847 0.955939 0.508753 0.965517 0.508753 0.965517 0.503282 0.967433 0.502188 0.971264 0.502188 0.971264 0.491247 0.963602 0.491247 0.961686 0.490153 0.959770 0.490153 0.957854 0.489059 0.957854 0.486871 0.959770 0.485777 0.965517 0.485777 0.967433 0.486871 0.971264 0.486871 0.971264 0.484683 0.967433 0.484683 0.965517 0.483589 0.965517 0.478118 0.969349 0.475930 0.971264 0.475930 0.971264 0.473742 0.969349 0.473742 0.967433 0.472648 0.967433 0.467177 0.965517 0.466083 0.965517 0.462801 0.967433 0.461707 0.967433 0.454048 0.969349 0.452954 0.971264 0.452954 0.971264 0.451860 0.973180 0.450766 0.978927 0.450766 0.980843 0.451860 0.980843 0.457330 0.982759 0.458425 0.982759 0.463895 0.984674 0.464989 0.992337 0.464989 0.994253 0.466083 0.994253 0.468271 0.992337 0.469365 0.984674 0.469365 0.984674 0.475930 0.982759 0.477024 0.982759 0.482495 0.984674 0.483589 0.984674 0.484683 0.988506 0.484683 0.990421 0.483589 0.994253 0.483589 0.996169 0.484683 0.996169 0.485777 0.998084 0.485777 0.998084 0.442013 0.988506 0.442013 0.986590 0.440919 0.986590 0.433260 0.988506 0.432166 0.992337 0.432166 0.994253 0.433260 0.994253 0.437637 0.998084 0.437637 0.998084 0.414661 0.990421 0.414661 0.988506 0.413567 0.988506 0.410284 0.986590 0.409190 0.986590 0.403720 0.988506 0.402626 0.988506 0.399344 0.990421 0.398249 0.990421 0.396061 0.992337 0.394967 0.998084 0.394967 0.998084 0.362144 0.994253 0.362144 0.992337 0.361050 0.992337 0.357768 0.994253 0.356674 0.998084 0.356674 0.998084 0.103939 0.988506 0.103939 0.986590 0.102845 0.986590 0.100656 0.988506 0.099562 0.998084 0.099562 0.998084 0.040481 0.996169 0.040481 0.994253 0.039387 0.994253 0.036105 0.996169 0.035011 0.998084 0.035011 0.998084 0.000000 0.967433 0.000000 0.967433 0.024070 0.969349 0.025164 0.969349 0.051422 0.967433 0.052516 0.963602 0.052516 0.961686 0.051422 0.961686 0.042670 0.959770 0.041575 0.959770 0.040481 0.952107 0.040481 0.950192 0.039387 0.950192 0.036105 0.952107 0.035011 0.959770 0.035011 0.959770 0.000000 0.856322 0.000000 0.856322 0.038293 0.858238 0.039387 0.858238 0.041575 0.856322 0.042670 0.856322 0.060175 0.858238 0.061269 0.858238 0.067834 0.856322 0.068928 0.856322 0.072210 0.854406 0.073304 0.850575 0.073304 0.848659 0.072210 0.848659 0.042670 0.846743 0.041575 0.846743 0.035011 0.848659 0.033917 0.848659 0.026258 0.846743 0.025164 0.846743 0.000000 0.743295 0.000000 0.743295 0.004376 0.741379 0.005470 0.741379 0.006565 0.739464 0.007659 0.735632 0.007659 0.733716 0.006565 0.733716 0.000000 0.630268 0.000000 0.630268 0.005470 0.632184 0.006565 0.632184 0.013129 0.630268 0.014223 0.630268 0.024070 0.632184 0.025164 0.632184 0.038293 0.637931 0.038293 0.639847 0.039387 0.639847 0.041575 0.637931 0.042670 0.632184 0.042670 0.632184 0.092998 0.630268 0.094092 0.624521 0.094092 0.622605 0.092998 0.622605 0.042670 0.620690 0.041575 0.620690 0.038293 0.622605 0.037199 0.622605 0.012035 0.620690 0.010941 0.620690 0.000000 0.406130 0.000000 0.406130 0.039387 0.411877 0.039387 0.415709 0.041575 0.415709 0.043764 0.413793 0.044858 0.404215 0.044858 0.404215 0.047046 0.402299 0.048140 0.398467 0.048140 0.396552 0.047046 0.396552 0.045952 0.394636 0.044858 0.394636 0.041575 0.396552 0.040481 0.396552 0.000000 0.354406 0.000000 0.354406 0.001094 0.352490 0.002188 0.337165 0.002188 0.335249 0.001094 0.335249 0.000000
0 0.296935 0.000000 0.296935 0.002188 0.298851 0.002188 0.300766 0.003282 0.300766 0.005470 0.298851 0.006565 0.296935 0.006565 0.296935 0.008753 0.302682 0.008753 0.304598 0.007659 0.312261 0.007659 0.312261 0.006565 0.314176 0.005470 0.318008 0.005470 0.319923 0.006565 0.323755 0.006565 0.323755 0.002188 0.316092 0.002188 0.316092 0.004376 0.314176 0.005470 0.310345 0.005470 0.308429 0.004376 0.308429 0.003282 0.304598 0.003282 0.302682 0.002188 0.302682 0.000000
0 0.273946 0.000000 0.273946 0.002188 0.272031 0.003282 0.262452 0.003282 0.262452 0.006565 0.264368 0.007659 0.277778 0.007659 0.279693 0.008753 0.279693 0.010941 0.283525 0.010941 0.283525 0.008753 0.281609 0.008753 0.279693 0.007659 0.279693 0.000000
0 0.241379 0.000000 0.241379 0.009847 0.243295 0.009847 0.245211 0.010941 0.245211 0.013129 0.249042 0.013129 0.250958 0.014223 0.250958 0.017505 0.249042 0.018600 0.241379 0.018600 0.241379 0.021882 0.245211 0.021882 0.245211 0.019694 0.247126 0.018600 0.250958 0.018600 0.252874 0.019694 0.252874 0.028446 0.250958 0.029540 0.241379 0.029540 0.241379 0.031729 0.247126 0.031729 0.247126 0.030635 0.249042 0.029540 0.260536 0.029540 0.262452 0.030635 0.262452 0.033917 0.260536 0.035011 0.256705 0.035011 0.256705 0.038293 0.258621 0.039387 0.258621 0.045952 0.262452 0.045952 0.264368 0.047046 0.264368 0.060175 0.262452 0.061269 0.252874 0.061269 0.252874 0.064551 0.258621 0.064551 0.258621 0.063457 0.260536 0.062363 0.273946 0.062363 0.275862 0.063457 0.275862 0.068928 0.279693 0.068928 0.279693 0.051422 0.275862 0.051422 0.275862 0.054705 0.273946 0.055799 0.270115 0.055799 0.268199 0.054705 0.268199 0.049234 0.270115 0.048140 0.270115 0.047046 0.273946 0.044858 0.273946 0.041575 0.270115 0.041575 0.268199 0.040481 0.268199 0.028446 0.258621 0.028446 0.256705 0.027352 0.256705 0.014223 0.252874 0.014223 0.250958 0.013129 0.250958 0.010941 0.247126 0.010941 0.245211 0.009847 0.245211 0.000000