0 0.856688 0.724505 0.853503 0.726027 0.831210 0.726027 0.828025 0.727549 0.824841 0.727549 0.821656 0.729072 0.805732 0.729072 0.805732 0.730594 0.802548 0.732116 0.796178 0.732116 0.796178 0.733638 0.792994 0.735160 0.786624 0.735160 0.786624 0.738204 0.789809 0.739726 0.789809 0.741248 0.792994 0.742770 0.792994 0.748858 0.796178 0.748858 0.799363 0.750381 0.799363 0.751903 0.805732 0.751903 0.805732 0.750381 0.808917 0.748858 0.808917 0.747336 0.812102 0.745814 0.818471 0.745814 0.821656 0.744292 0.824841 0.744292 0.824841 0.741248 0.828025 0.739726 0.834395 0.739726 0.837580 0.741248 0.843949 0.741248 0.843949 0.738204 0.847134 0.736682 0.863057 0.736682 0.863057 0.733638 0.869427 0.730594 0.872611 0.730594 0.872611 0.724505
0 0.554140 0.680365 0.554140 0.684932 0.570064 0.684932 0.573248 0.686454 0.573248 0.703196 0.582803 0.703196 0.582803 0.681887 0.566879 0.681887 0.563694 0.680365
0 0.611465 0.589041 0.611465 0.593607 0.608280 0.595129 0.605096 0.595129 0.605096 0.602740 0.601911 0.604262 0.601911 0.617960 0.605096 0.619482 0.605096 0.634703 0.601911 0.636225 0.601911 0.639269 0.608280 0.639269 0.611465 0.640791 0.611465 0.648402 0.617834 0.648402 0.617834 0.642314 0.614650 0.642314 0.611465 0.640791 0.611465 0.634703 0.614650 0.633181 0.627389 0.633181 0.630573 0.634703 0.630573 0.663623 0.636943 0.663623 0.636943 0.651446 0.640127 0.649924 0.646497 0.649924 0.649682 0.651446 0.649682 0.669711 0.656051 0.669711 0.656051 0.643836 0.659236 0.642314 0.675159 0.642314 0.675159 0.634703 0.678344 0.633181 0.678344 0.627093 0.681529 0.625571 0.697452 0.625571 0.700637 0.627093 0.700637 0.633181 0.703822 0.634703 0.710191 0.634703 0.710191 0.631659 0.713376 0.630137 0.722930 0.630137 0.722930 0.628615 0.726115 0.627093 0.729299 0.627093 0.729299 0.614916 0.713376 0.614916 0.710191 0.613394 0.710191 0.610350 0.713376 0.608828 0.738854 0.608828 0.742038 0.610350 0.742038 0.625571 0.748408 0.625571 0.748408 0.598174 0.742038 0.598174 0.742038 0.599696 0.738854 0.601218 0.732484 0.601218 0.729299 0.599696 0.722930 0.599696 0.722930 0.602740 0.719745 0.604262 0.713376 0.604262 0.710191 0.602740 0.710191 0.589041 0.703822 0.589041 0.703822 0.621005 0.700637 0.622527 0.681529 0.622527 0.678344 0.621005 0.678344 0.619482 0.675159 0.617960 0.675159 0.614916 0.678344 0.613394 0.678344 0.610350 0.675159 0.608828 0.675159 0.589041 0.649682 0.589041 0.649682 0.598174 0.646497 0.599696 0.640127 0.599696 0.636943 0.598174 0.636943 0.589041 0.630573 0.589041 0.630573 0.599696 0.627389 0.601218 0.614650 0.601218 0.611465 0.599696 0.611465 0.593607 0.614650 0.592085 0.617834 0.592085 0.617834 0.589041
0 0.815287 0.563166 0.812102 0.564688 0.799363 0.564688 0.799363 0.581431 0.802548 0.581431 0.805732 0.582953 0.805732 0.587519 0.802548 0.589041 0.799363 0.589041 0.799363 0.590563 0.796178 0.592085 0.789809 0.592085 0.789809 0.596651 0.796178 0.596651 0.799363 0.598174 0.799363 0.608828 0.805732 0.608828 0.805732 0.607306 0.808917 0.605784 0.808917 0.589041 0.812102 0.587519 0.815287 0.587519 0.815287 0.582953 0.808917 0.582953 0.805732 0.581431 0.805732 0.567732 0.808917 0.566210 0.824841 0.566210 0.824841 0.563166
0 0.611465 0.543379 0.611465 0.581431 0.617834 0.581431 0.617834 0.543379
0 0.554140 0.502283 0.554140 0.537291 0.560510 0.537291 0.563694 0.538813 0.563694 0.541857 0.560510 0.543379 0.554140 0.543379 0.554140 0.554033 0.560510 0.554033 0.560510 0.544901 0.563694 0.543379 0.570064 0.543379 0.573248 0.544901 0.573248 0.549467 0.579618 0.549467 0.579618 0.543379 0.573248 0.543379 0.570064 0.541857 0.570064 0.538813 0.573248 0.537291 0.579618 0.537291 0.579618 0.534247 0.573248 0.534247 0.573248 0.537291 0.570064 0.538813 0.563694 0.538813 0.560510 0.537291 0.560510 0.502283
0 0.796178 0.487062 0.796178 0.490107 0.792994 0.491629 0.789809 0.491629 0.789809 0.499239 0.796178 0.499239 0.799363 0.497717 0.866242 0.497717 0.866242 0.491629 0.828025 0.491629 0.824841 0.490107 0.808917 0.490107 0.805732 0.488584 0.805732 0.487062
0 0.796178 0.232877 0.796178 0.263318 0.792994 0.264840 0.792994 0.273973 0.796178 0.275495 0.796178 0.286149 0.802548 0.286149 0.802548 0.275495 0.805732 0.273973 0.805732 0.270928 0.802548 0.269406 0.802548 0.232877
0 0.101911 0.185693 0.101911 0.188737 0.108280 0.188737 0.111465 0.190259 0.111465 0.193303 0.124204 0.193303 0.127389 0.194825 0.127389 0.197869 0.130573 0.199391 0.130573 0.203957 0.136943 0.203957 0.140127 0.205479 0.140127 0.211568 0.146497 0.211568 0.146497 0.203957 0.149682 0.202435 0.149682 0.199391 0.146497 0.197869 0.146497 0.191781 0.136943 0.191781 0.133758 0.190259 0.121019 0.190259 0.114650 0.187215 0.114650 0.185693
0 0.719745 0.184170 0.719745 0.214612 0.716561 0.216134 0.700637 0.216134 0.700637 0.219178 0.726115 0.219178 0.726115 0.184170
0 0.936306 0.024353 0.936306 0.025875 0.933121 0.027397 0.933121 0.030441 0.929936 0.031963 0.929936 0.038052 0.926752 0.039574 0.923567 0.039574 0.923567 0.051750 0.929936 0.051750 0.933121 0.053272 0.933121 0.057839 0.929936 0.059361 0.926752 0.059361 0.926752 0.070015 0.933121 0.070015 0.933121 0.068493 0.936306 0.066971 0.939490 0.066971 0.939490 0.057839 0.942675 0.056317 0.942675 0.050228 0.936306 0.050228 0.933121 0.048706 0.933121 0.045662 0.939490 0.042618 0.949045 0.042618 0.949045 0.041096 0.952229 0.039574 0.952229 0.027397 0.949045 0.025875 0.949045 0.024353
0 0.433121 0.010654 0.433121 0.013699 0.429936 0.015221 0.420382 0.015221 0.420382 0.018265 0.426752 0.018265 0.429936 0.019787 0.429936 0.025875 0.426752 0.027397 0.426752 0.048706 0.423567 0.050228 0.423567 0.053272 0.420382 0.054795 0.420382 0.070015 0.417197 0.071537 0.410828 0.071537 0.410828 0.073059 0.407643 0.074581 0.401274 0.074581 0.394904 0.071537 0.394904 0.068493 0.398089 0.066971 0.398089 0.062405 0.394904 0.060883 0.394904 0.054795 0.391720 0.054795 0.388535 0.053272 0.388535 0.051750 0.378981 0.051750 0.375796 0.050228 0.363057 0.050228 0.359873 0.048706 0.359873 0.045662 0.363057 0.044140 0.363057 0.038052 0.359873 0.038052 0.356688 0.036530 0.353503 0.036530 0.350318 0.035008 0.347134 0.035008 0.343949 0.033486 0.343949 0.028919 0.347134 0.027397 0.350318 0.027397 0.350318 0.013699 0.343949 0.013699 0.343949 0.016743 0.340764 0.018265 0.334395 0.018265 0.331210 0.016743 0.331210 0.015221 0.324841 0.015221 0.324841 0.016743 0.321656 0.018265 0.315287 0.018265 0.315287 0.021309 0.308917 0.024353 0.305732 0.024353 0.305732 0.027397 0.315287 0.031963 0.315287 0.041096 0.331210 0.041096 0.334395 0.042618 0.334395 0.044140 0.340764 0.044140 0.347134 0.047184 0.347134 0.048706 0.350318 0.050228 0.350318 0.053272 0.347134 0.054795 0.340764 0.054795 0.337580 0.053272 0.321656 0.053272 0.318471 0.054795 0.315287 0.054795 0.315287 0.059361 0.318471 0.059361 0.324841 0.062405 0.328025 0.062405 0.331210 0.063927 0.331210 0.074581 0.334395 0.076104 0.340764 0.076104 0.343949 0.077626 0.343949 0.086758 0.350318 0.086758 0.350318 0.079148 0.353503 0.077626 0.359873 0.077626 0.363057 0.079148 0.363057 0.082192 0.366242 0.082192 0.369427 0.083714 0.369427 0.085236 0.375796 0.085236 0.378981 0.083714 0.382166 0.083714 0.385350 0.082192 0.398089 0.082192 0.404459 0.085236 0.404459 0.086758 0.407643 0.088280 0.407643 0.094368 0.410828 0.095890 0.410828 0.118721 0.404459 0.121766 0.391720 0.121766 0.391720 0.123288 0.388535 0.124810 0.388535 0.130898 0.385350 0.132420 0.382166 0.132420 0.382166 0.138508 0.375796 0.141553 0.375796 0.143075 0.372611 0.144597 0.353503 0.144597 0.353503 0.147641 0.350318 0.149163 0.340764 0.149163 0.337580 0.147641 0.328025 0.147641 0.324841 0.146119 0.324841 0.144597 0.315287 0.144597 0.315287 0.147641 0.312102 0.149163 0.305732 0.149163 0.302548 0.147641 0.302548 0.146119 0.296178 0.146119 0.292994 0.147641 0.277070 0.147641 0.273885 0.149163 0.267516 0.149163 0.264331 0.147641 0.264331 0.146119 0.254777 0.146119 0.251592 0.144597 0.242038 0.144597 0.238854 0.143075 0.238854 0.141553 0.222930 0.141553 0.222930 0.143075 0.219745 0.144597 0.213376 0.144597 0.210191 0.143075 0.210191 0.141553 0.194268 0.141553 0.194268 0.143075 0.191083 0.144597 0.184713 0.144597 0.181529 0.146119 0.178344 0.146119 0.175159 0.147641 0.168790 0.147641 0.165605 0.146119 0.165605 0.141553 0.130573 0.141553 0.127389 0.143075 0.121019 0.143075 0.117834 0.141553 0.098726 0.141553 0.095541 0.140030 0.079618 0.140030 0.079618 0.143075 0.082803 0.144597 0.082803 0.164384 0.089172 0.164384 0.089172 0.155251 0.092357 0.153729 0.092357 0.152207 0.095541 0.150685 0.108280 0.150685 0.111465 0.152207 0.111465 0.156773 0.108280 0.158295 0.101911 0.158295 0.101911 0.162861 0.108280 0.162861 0.108280 0.158295 0.111465 0.156773 0.121019 0.156773 0.124204 0.158295 0.124204 0.159817 0.127389 0.159817 0.130573 0.161339 0.130573 0.165906 0.133758 0.165906 0.140127 0.168950 0.140127 0.175038 0.146497 0.175038 0.146497 0.167428 0.149682 0.165906 0.191083 0.165906 0.194268 0.167428 0.194268 0.170472 0.200637 0.170472 0.200637 0.158295 0.203822 0.156773 0.210191 0.156773 0.210191 0.149163 0.213376 0.147641 0.219745 0.147641 0.222930 0.149163 0.222930 0.156773 0.229299 0.156773 0.232484 0.158295 0.232484 0.165906 0.238854 0.165906 0.238854 0.159817 0.242038 0.158295 0.248408 0.158295 0.251592 0.159817 0.251592 0.161339 0.261146 0.161339 0.264331 0.162861 0.273885 0.162861 0.277070 0.164384 0.277070 0.165906 0.289809 0.165906 0.292994 0.167428 0.299363 0.167428 0.302548 0.165906 0.328025 0.165906 0.331210 0.167428 0.340764 0.167428 0.343949 0.168950 0.343949 0.170472 0.369427 0.170472 0.372611 0.171994 0.372611 0.175038 0.382166 0.175038 0.385350 0.173516 0.398089 0.173516 0.398089 0.167428 0.401274 0.165906 0.407643 0.165906 0.410828 0.167428 0.410828 0.178082 0.414013 0.179604 0.414013 0.184170 0.417197 0.184170 0.420382 0.185693 0.420382 0.203957 0.426752 0.203957 0.429936 0.202435 0.436306 0.202435 0.439490 0.203957 0.439490 0.214612 0.436306 0.216134 0.420382 0.216134 0.420382 0.220700 0.436306 0.220700 0.439490 0.222222 0.439490 0.223744 0.445860 0.223744 0.445860 0.222222 0.449045 0.220700 0.455414 0.220700 0.458599 0.222222 0.464968 0.222222 0.464968 0.213090 0.468153 0.211568 0.484076 0.211568 0.484076 0.193303 0.487261 0.191781 0.500000 0.191781 0.503185 0.193303 0.503185 0.210046 0.506369 0.210046 0.512739 0.213090 0.512739 0.216134 0.515924 0.217656 0.515924 0.220700 0.522293 0.220700 0.522293 0.213090 0.528662 0.210046 0.535032 0.210046 0.541401 0.213090 0.541401 0.216134 0.544586 0.217656 0.544586 0.222222 0.547771 0.223744 0.547771 0.228311 0.544586 0.229833 0.544586 0.231355 0.541401 0.232877 0.538217 0.232877 0.535032 0.234399 0.531847 0.234399 0.528662 0.235921 0.509554 0.235921 0.509554 0.242009 0.506369 0.243531 0.503185 0.243531 0.503185 0.246575 0.522293 0.246575 0.522293 0.242009 0.525478 0.240487 0.541401 0.240487 0.544586 0.242009 0.544586 0.246575 0.547771 0.246575 0.550955 0.248097 0.550955 0.261796 0.554140 0.263318 0.554140 0.269406 0.557325 0.270928 0.557325 0.272451 0.560510 0.272451 0.563694 0.273973 0.563694 0.277017 0.560510 0.278539 0.557325 0.278539 0.554140 0.280061 0.541401 0.280061 0.538217 0.278539 0.538217 0.273973 0.531847 0.273973 0.531847 0.277017 0.528662 0.278539 0.512739 0.278539 0.512739 0.284627 0.515924 0.286149 0.515924 0.289193 0.512739 0.290715 0.506369 0.290715 0.506369 0.296804 0.496815 0.301370 0.493631 0.301370 0.487261 0.304414 0.487261 0.305936 0.480892 0.308980 0.477707 0.308980 0.477707 0.310502 0.474522 0.312024 0.468153 0.312024 0.461783 0.308980 0.461783 0.304414 0.455414 0.304414 0.455414 0.312024 0.442675 0.318113 0.442675 0.319635 0.436306 0.322679 0.433121 0.322679 0.429936 0.324201 0.426752 0.324201 0.423567 0.325723 0.420382 0.325723 0.417197 0.327245 0.417197 0.328767 0.410828 0.331811 0.407643 0.331811 0.407643 0.333333 0.404459 0.334855 0.388535 0.334855 0.385350 0.333333 0.378981 0.333333 0.378981 0.343988 0.375796 0.345510 0.369427 0.345510 0.369427 0.348554 0.366242 0.350076 0.363057 0.350076 0.356688 0.353120 0.356688 0.354642 0.353503 0.356164 0.353503 0.362253 0.350318 0.363775 0.347134 0.363775 0.347134 0.369863 0.343949 0.371385 0.340764 0.371385 0.340764 0.372907 0.337580 0.374429 0.331210 0.374429 0.328025 0.372907 0.328025 0.369863 0.331210 0.368341 0.334395 0.368341 0.334395 0.365297 0.324841 0.365297 0.324841 0.369863 0.321656 0.371385 0.318471 0.371385 0.318471 0.372907 0.315287 0.374429 0.308917 0.374429 0.305732 0.372907 0.305732 0.371385 0.299363 0.371385 0.296178 0.372907 0.296178 0.374429 0.292994 0.375951 0.286624 0.375951 0.283439 0.377473 0.273885 0.377473 0.270701 0.378995 0.261146 0.378995 0.261146 0.380518 0.254777 0.383562 0.251592 0.383562 0.242038 0.388128 0.238854 0.388128 0.235669 0.389650 0.235669 0.391172 0.232484 0.392694 0.229299 0.392694 0.226115 0.394216 0.222930 0.394216 0.222930 0.397260 0.226115 0.398782 0.226115 0.404871 0.270701 0.404871 0.273885 0.403349 0.296178 0.403349 0.296178 0.401826 0.299363 0.400304 0.308917 0.400304 0.308917 0.395738 0.305732 0.394216 0.305732 0.378995 0.308917 0.377473 0.315287 0.377473 0.318471 0.378995 0.318471 0.391172 0.321656 0.391172 0.324841 0.392694 0.324841 0.398782 0.328025 0.400304 0.328025 0.403349 0.334395 0.403349 0.334395 0.400304 0.337580 0.398782 0.343949 0.398782 0.347134 0.400304 0.353503 0.400304 0.356688 0.398782 0.369427 0.398782 0.372611 0.400304 0.372611 0.403349 0.375796 0.404871 0.375796 0.407915 0.372611 0.409437 0.372611 0.412481 0.369427 0.414003 0.356688 0.414003 0.353503 0.412481 0.347134 0.412481 0.347134 0.424658 0.353503 0.424658 0.353503 0.420091 0.356688 0.418569 0.363057 0.418569 0.366242 0.420091 0.366242 0.421613 0.372611 0.421613 0.372611 0.418569 0.375796 0.417047 0.388535 0.417047 0.391720 0.418569 0.407643 0.418569 0.410828 0.420091 0.410828 0.435312 0.407643 0.436834 0.407643 0.456621 0.404459 0.458143 0.385350 0.458143 0.382166 0.456621 0.382166 0.449011 0.375796 0.449011 0.375796 0.456621 0.372611 0.458143 0.372611 0.462709 0.369427 0.464231 0.369427 0.465753 0.366242 0.467275 0.366242 0.468798 0.363057 0.470320 0.363057 0.476408 0.359873 0.477930 0.359873 0.487062 0.356688 0.488584 0.347134 0.488584 0.347134 0.491629 0.356688 0.491629 0.359873 0.493151 0.359873 0.496195 0.356688 0.497717 0.337580 0.497717 0.337580 0.502283 0.334395 0.503805 0.318471 0.503805 0.315287 0.505327 0.308917 0.505327 0.305732 0.503805 0.305732 0.488584 0.302548 0.487062 0.302548 0.485540 0.292994 0.485540 0.289809 0.484018 0.289809 0.474886 0.286624 0.474886 0.280255 0.471842 0.280255 0.467275 0.270701 0.467275 0.270701 0.476408 0.267516 0.477930 0.264331 0.477930 0.264331 0.479452 0.257962 0.482496 0.257962 0.485540 0.254777 0.487062 0.245223 0.487062 0.242038 0.485540 0.235669 0.485540 0.235669 0.490107 0.238854 0.490107 0.242038 0.491629 0.242038 0.508371 0.245223 0.509893 0.245223 0.515982 0.251592 0.515982 0.254777 0.514460 0.264331 0.514460 0.273885 0.519026 0.273885 0.523592 0.277070 0.525114 0.286624 0.525114 0.289809 0.526636 0.289809 0.531202 0.299363 0.531202 0.299363 0.528158 0.302548 0.526636 0.315287 0.526636 0.318471 0.528158 0.318471 0.531202 0.321656 0.532725 0.321656 0.534247 0.324841 0.534247 0.328025 0.535769 0.337580 0.535769 0.337580 0.531202 0.340764 0.529680 0.353503 0.529680 0.353503 0.523592 0.356688 0.522070 0.359873 0.522070 0.363057 0.520548 0.372611 0.520548 0.372611 0.517504 0.375796 0.515982 0.382166 0.515982 0.385350 0.517504 0.385350 0.520548 0.391720 0.520548 0.391720 0.515982 0.394904 0.514460 0.398089 0.514460 0.398089 0.512938 0.401274 0.511416 0.410828 0.511416 0.414013 0.512938 0.414013 0.514460 0.417197 0.515982 0.417197 0.520548 0.420382 0.520548 0.423567 0.522070 0.423567 0.525114 0.426752 0.526636 0.426752 0.537291 0.423567 0.538813 0.420382 0.538813 0.420382 0.546423 0.417197 0.547945 0.417197 0.563166 0.420382 0.564688 0.420382 0.572298 0.417197 0.573820 0.417197 0.584475 0.420382 0.585997 0.420382 0.595129 0.417197 0.596651 0.417197 0.634703 0.426752 0.634703 0.429936 0.636225 0.429936 0.639269 0.433121 0.640791 0.433121 0.656012 0.436306 0.657534 0.436306 0.674277 0.439490 0.675799 0.439490 0.686454 0.442675 0.687976 0.442675 0.691020 0.439490 0.692542 0.439490 0.697108 0.436306 0.698630 0.423567 0.698630 0.423567 0.701674 0.439490 0.701674 0.445860 0.704718 0.445860 0.707763 0.442675 0.709285 0.442675 0.712329 0.445860 0.713851 0.445860 0.715373 0.449045 0.716895 0.449045 0.729072 0.452229 0.730594 0.452229 0.738204 0.449045 0.739726 0.449045 0.744292 0.445860 0.745814 0.436306 0.745814 0.433121 0.744292 0.433121 0.724505 0.423567 0.724505 0.423567 0.735160 0.420382 0.736682 0.417197 0.736682 0.417197 0.741248 0.414013 0.742770 0.404459 0.742770 0.401274 0.741248 0.401274 0.736682 0.398089 0.736682 0.394904 0.735160 0.394904 0.722983 0.388535 0.722983 0.388535 0.726027 0.385350 0.727549 0.369427 0.727549 0.369427 0.735160 0.366242 0.736682 0.359873 0.736682 0.356688 0.735160 0.356688 0.722983 0.350318 0.722983 0.350318 0.735160 0.347134 0.736682 0.340764 0.736682 0.337580 0.735160 0.337580 0.722983 0.331210 0.722983 0.331210 0.738204 0.328025 0.739726 0.292994 0.739726 0.289809 0.738204 0.289809 0.736682 0.283439 0.736682 0.280255 0.735160 0.280255 0.732116 0.277070 0.730594 0.257962 0.730594 0.254777 0.729072 0.254777 0.727549 0.248408 0.724505 0.238854 0.724505 0.235669 0.722983 0.235669 0.718417 0.232484 0.718417 0.229299 0.716895 0.222930 0.716895 0.222930 0.721461 0.229299 0.724505 0.229299 0.726027 0.232484 0.727549 0.232484 0.730594 0.235669 0.730594 0.238854 0.732116 0.238854 0.735160 0.242038 0.735160 0.245223 0.736682 0.245223 0.739726 0.257962 0.739726 0.261146 0.741248 0.261146 0.744292 0.257962 0.745814 0.251592 0.745814 0.245223 0.748858 0.245223 0.750381 0.242038 0.751903 0.235669 0.751903 0.226115 0.756469 0.226115 0.757991 0.219745 0.761035 0.216561 0.761035 0.216561 0.764079 0.207006 0.768645 0.203822 0.768645 0.203822 0.771689 0.200637 0.773212 0.191083 0.773212 0.187898 0.771689 0.181529 0.771689 0.178344 0.770167 0.178344 0.765601 0.175159 0.764079 0.171975 0.764079 0.168790 0.762557 0.168790 0.761035 0.165605 0.759513 0.162420 0.759513 0.159236 0.757991 0.159236 0.756469 0.156051 0.754947 0.156051 0.753425 0.149682 0.750381 0.149682 0.747336 0.146497 0.745814 0.146497 0.742770 0.143312 0.742770 0.140127 0.741248 0.140127 0.739726 0.136943 0.738204 0.130573 0.738204 0.130573 0.741248 0.133758 0.742770 0.133758 0.744292 0.136943 0.745814 0.136943 0.747336 0.140127 0.748858 0.140127 0.750381 0.143312 0.751903 0.143312 0.753425 0.146497 0.754947 0.146497 0.759513 0.149682 0.759513 0.156051 0.762557 0.159236 0.762557 0.162420 0.764079 0.162420 0.765601 0.165605 0.767123 0.165605 0.770167 0.162420 0.771689 0.152866 0.771689 0.149682 0.770167 0.133758 0.770167 0.130573 0.768645 0.124204 0.768645 0.121019 0.767123 0.117834 0.767123 0.114650 0.765601 0.114650 0.764079 0.111465 0.762557 0.111465 0.761035 0.101911 0.761035 0.098726 0.759513 0.085987 0.759513 0.082803 0.757991 0.070064 0.757991 0.063694 0.754947 0.057325 0.754947 0.054140 0.753425 0.038217 0.753425 0.038217 0.757991 0.041401 0.759513 0.044586 0.759513 0.047771 0.761035 0.054140 0.761035 0.057325 0.762557 0.060510 0.762557 0.063694 0.764079 0.085987 0.764079 0.092357 0.767123 0.092357 0.770167 0.098726 0.770167 0.101911 0.771689 0.105096 0.771689 0.108280 0.773212 0.108280 0.779300 0.111465 0.780822 0.111465 0.786910 0.108280 0.788432 0.108280 0.791476 0.111465 0.791476 0.114650 0.792998 0.114650 0.794521 0.121019 0.794521 0.121019 0.789954 0.124204 0.788432 0.133758 0.788432 0.136943 0.789954 0.136943 0.796043 0.140127 0.796043 0.143312 0.797565 0.143312 0.806697 0.149682 0.806697 0.149682 0.802131 0.152866 0.800609 0.165605 0.800609 0.168790 0.802131 0.168790 0.803653 0.184713 0.803653 0.187898 0.805175 0.187898 0.806697 0.191083 0.808219 0.191083 0.812785 0.187898 0.814307 0.175159 0.814307 0.171975 0.812785 0.140127 0.812785 0.136943 0.811263 0.130573 0.811263 0.127389 0.809741 0.121019 0.809741 0.117834 0.808219 0.111465 0.808219 0.108280 0.809741 0.098726 0.809741 0.095541 0.811263 0.089172 0.811263 0.085987 0.809741 0.079618 0.809741 0.079618 0.812785 0.092357 0.812785 0.095541 0.814307 0.095541 0.815830 0.098726 0.817352 0.098726 0.821918 0.105096 0.821918 0.108280 0.823440 0.114650 0.823440 0.117834 0.821918 0.124204 0.821918 0.124204 0.818874 0.127389 0.817352 0.133758 0.817352 0.136943 0.818874 0.136943 0.821918 0.140127 0.821918 0.143312 0.823440 0.143312 0.826484 0.149682 0.826484 0.152866 0.824962 0.165605 0.824962 0.168790 0.826484 0.168790 0.829528 0.171975 0.831050 0.171975 0.835616 0.168790 0.837139 0.156051 0.837139 0.156051 0.838661 0.152866 0.840183 0.146497 0.840183 0.140127 0.843227 0.136943 0.843227 0.133758 0.844749 0.121019 0.844749 0.114650 0.847793 0.111465 0.847793 0.108280 0.849315 0.098726 0.849315 0.098726 0.850837 0.095541 0.852359 0.085987 0.852359 0.082803 0.853881 0.079618 0.853881 0.079618 0.855403 0.076433 0.856925 0.073248 0.856925 0.070064 0.858447 0.070064 0.861492 0.089172 0.861492 0.089172 0.858447 0.092357 0.856925 0.101911 0.856925 0.101911 0.855403 0.108280 0.852359 0.121019 0.852359 0.121019 0.850837 0.124204 0.849315 0.146497 0.849315 0.149682 0.847793 0.159236 0.847793 0.162420 0.849315 0.162420 0.850837 0.165605 0.852359 0.165605 0.855403 0.162420 0.856925 0.159236 0.856925 0.149682 0.861492 0.143312 0.861492 0.143312 0.863014 0.140127 0.864536 0.136943 0.864536 0.133758 0.866058 0.130573 0.866058 0.130573 0.869102 0.133758 0.870624 0.133758 0.873668 0.136943 0.875190 0.136943 0.878234 0.140127 0.878234 0.146497 0.881279 0.146497 0.887367 0.152866 0.887367 0.152866 0.881279 0.156051 0.879756 0.178344 0.879756 0.181529 0.881279 0.181529 0.888889 0.187898 0.888889 0.187898 0.876712 0.191083 0.875190 0.216561 0.875190 0.216561 0.872146 0.219745 0.870624 0.226115 0.870624 0.229299 0.872146 0.229299 0.875190 0.235669 0.875190 0.238854 0.876712 0.238854 0.879756 0.242038 0.879756 0.245223 0.881279 0.245223 0.884323 0.238854 0.887367 0.235669 0.887367 0.235669 0.890411 0.226115 0.894977 0.226115 0.896499 0.203822 0.907154 0.200637 0.907154 0.194268 0.910198 0.194268 0.911720 0.184713 0.916286 0.181529 0.916286 0.175159 0.919330 0.175159 0.922374 0.168790 0.925419 0.168790 0.929985 0.165605 0.931507 0.165605 0.934551 0.178344 0.934551 0.178344 0.933029 0.181529 0.931507 0.187898 0.931507 0.187898 0.929985 0.191083 0.928463 0.197452 0.928463 0.203822 0.925419 0.207006 0.925419 0.207006 0.922374 0.210191 0.920852 0.216561 0.920852 0.216561 0.910198 0.219745 0.908676 0.226115 0.908676 0.229299 0.910198 0.229299 0.911720 0.235669 0.911720 0.238854 0.913242 0.238854 0.916286 0.245223 0.916286 0.245223 0.904110 0.248408 0.902588 0.254777 0.902588 0.257962 0.904110 0.257962 0.907154 0.264331 0.907154 0.264331 0.904110 0.257962 0.904110 0.254777 0.902588 0.254777 0.898021 0.257962 0.896499 0.261146 0.896499 0.261146 0.894977 0.264331 0.893455 0.273885 0.893455 0.273885 0.890411 0.277070 0.888889 0.283439 0.888889 0.283439 0.885845 0.286624 0.884323 0.302548 0.884323 0.305732 0.882801 0.312102 0.882801 0.312102 0.879756 0.315287 0.878234 0.321656 0.878234 0.324841 0.879756 0.324841 0.882801 0.321656 0.884323 0.318471 0.884323 0.318471 0.890411 0.315287 0.891933 0.308917 0.891933 0.308917 0.899543 0.305732 0.901065 0.305732 0.904110 0.302548 0.905632 0.302548 0.907154 0.299363 0.908676 0.299363 0.911720 0.296178 0.913242 0.296178 0.919330 0.299363 0.920852 0.299363 0.923896 0.296178 0.925419 0.270701 0.925419 0.267516 0.926941 0.261146 0.926941 0.257962 0.928463 0.251592 0.928463 0.251592 0.931507 0.261146 0.931507 0.264331 0.933029 0.267516 0.933029 0.273885 0.936073 0.273885 0.945205 0.270701 0.946728 0.270701 0.951294 0.267516 0.952816 0.267516 0.954338 0.264331 0.955860 0.264331 0.958904 0.267516 0.960426 0.267516 0.963470 0.273885 0.963470 0.273885 0.961948 0.289809 0.954338 0.289809 0.945205 0.292994 0.943683 0.292994 0.942161 0.296178 0.940639 0.299363 0.940639 0.308917 0.936073 0.318471 0.936073 0.321656 0.937595 0.321656 0.940639 0.324841 0.942161 0.331210 0.942161 0.331210 0.934551 0.334395 0.933029 0.343949 0.933029 0.343949 0.931507 0.347134 0.929985 0.350318 0.929985 0.350318 0.926941 0.353503 0.925419 0.356688 0.925419 0.356688 0.923896 0.359873 0.922374 0.359873 0.917808 0.363057 0.916286 0.366242 0.916286 0.366242 0.914764 0.369427 0.913242 0.375796 0.913242 0.375796 0.911720 0.378981 0.910198 0.378981 0.908676 0.385350 0.905632 0.394904 0.905632 0.394904 0.899543 0.398089 0.898021 0.401274 0.898021 0.404459 0.896499 0.404459 0.887367 0.407643 0.885845 0.423567 0.885845 0.426752 0.887367 0.426752 0.890411 0.433121 0.890411 0.433121 0.878234 0.436306 0.876712 0.442675 0.876712 0.445860 0.878234 0.445860 0.881279 0.449045 0.881279 0.452229 0.882801 0.452229 0.884323 0.455414 0.885845 0.455414 0.888889 0.458599 0.890411 0.458599 0.893455 0.461783 0.894977 0.461783 0.913242 0.464968 0.914764 0.464968 0.925419 0.468153 0.926941 0.468153 0.955860 0.464968 0.957382 0.464968 0.969559 0.461783 0.971081 0.461783 0.975647 0.464968 0.977169 0.464968 0.980213 0.461783 0.981735 0.458599 0.981735 0.458599 0.986301 0.461783 0.987823 0.461783 0.995434 0.471338 0.995434 0.471338 0.992390 0.474522 0.990868 0.474522 0.975647 0.477707 0.974125 0.477707 0.955860 0.480892 0.954338 0.480892 0.951294 0.477707 0.949772 0.477707 0.943683 0.480892 0.942161 0.480892 0.929985 0.484076 0.928463 0.487261 0.928463 0.487261 0.925419 0.490446 0.923896 0.500000 0.923896 0.506369 0.926941 0.506369 0.928463 0.515924 0.933029 0.515924 0.939117 0.525478 0.939117 0.531847 0.942161 0.531847 0.946728 0.541401 0.946728 0.544586 0.948250 0.544586 0.949772 0.550955 0.952816 0.550955 0.954338 0.554140 0.955860 0.566879 0.955860 0.566879 0.952816 0.563694 0.951294 0.563694 0.948250 0.557325 0.948250 0.554140 0.946728 0.554140 0.945205 0.550955 0.943683 0.550955 0.940639 0.547771 0.939117 0.547771 0.936073 0.544586 0.934551 0.544586 0.929985 0.547771 0.928463 0.560510 0.928463 0.563694 0.929985 0.563694 0.934551 0.566879 0.936073 0.566879 0.939117 0.573248 0.939117 0.573248 0.925419 0.570064 0.925419 0.566879 0.923896 0.566879 0.917808 0.563694 0.916286 0.563694 0.911720 0.570064 0.908676 0.579618 0.908676 0.582803 0.910198 0.582803 0.913242 0.595541 0.913242 0.605096 0.917808 0.605096 0.919330 0.608280 0.920852 0.617834 0.920852 0.621019 0.922374 0.621019 0.925419 0.624204 0.926941 0.630573 0.926941 0.630573 0.923896 0.633758 0.922374 0.636943 0.922374 0.640127 0.920852 0.652866 0.920852 0.656051 0.922374 0.656051 0.923896 0.659236 0.925419 0.659236 0.928463 0.668790 0.933029 0.671975 0.933029 0.678344 0.936073 0.678344 0.937595 0.684713 0.940639 0.694268 0.940639 0.694268 0.936073 0.687898 0.936073 0.684713 0.934551 0.684713 0.931507 0.681529 0.929985 0.681529 0.928463 0.678344 0.926941 0.671975 0.926941 0.668790 0.925419 0.668790 0.920852 0.665605 0.919330 0.665605 0.917808 0.656051 0.913242 0.656051 0.911720 0.652866 0.911720 0.649682 0.910198 0.649682 0.908676 0.633758 0.901065 0.633758 0.894977 0.630573 0.894977 0.627389 0.893455 0.627389 0.891933 0.621019 0.888889 0.621019 0.876712 0.624204 0.875190 0.662420 0.875190 0.668790 0.878234 0.675159 0.878234 0.678344 0.879756 0.678344 0.882801 0.687898 0.882801 0.687898 0.879756 0.691083 0.878234 0.697452 0.878234 0.700637 0.879756 0.700637 0.884323 0.703822 0.884323 0.707006 0.885845 0.707006 0.887367 0.710191 0.887367 0.713376 0.888889 0.729299 0.888889 0.732484 0.890411 0.732484 0.891933 0.735669 0.891933 0.745223 0.896499 0.757962 0.896499 0.761146 0.898021 0.764331 0.898021 0.767516 0.899543 0.770701 0.899543 0.773885 0.901065 0.773885 0.904110 0.786624 0.904110 0.792994 0.907154 0.792994 0.908676 0.799363 0.908676 0.799363 0.907154 0.802548 0.905632 0.802548 0.902588 0.789809 0.902588 0.786624 0.901065 0.783439 0.901065 0.777070 0.898021 0.777070 0.896499 0.773885 0.896499 0.770701 0.894977 0.770701 0.893455 0.761146 0.893455 0.757962 0.891933 0.757962 0.887367 0.754777 0.885845 0.745223 0.885845 0.738854 0.882801 0.738854 0.878234 0.735669 0.878234 0.732484 0.876712 0.732484 0.866058 0.735669 0.864536 0.761146 0.864536 0.764331 0.866058 0.764331 0.867580 0.770701 0.867580 0.770701 0.863014 0.773885 0.861492 0.786624 0.861492 0.789809 0.863014 0.789809 0.864536 0.792994 0.866058 0.799363 0.866058 0.802548 0.867580 0.802548 0.869102 0.824841 0.869102 0.824841 0.859970 0.799363 0.859970 0.796178 0.858447 0.777070 0.858447 0.773885 0.856925 0.764331 0.856925 0.761146 0.855403 0.751592 0.855403 0.748408 0.853881 0.745223 0.853881 0.742038 0.852359 0.742038 0.850837 0.732484 0.850837 0.729299 0.849315 0.729299 0.846271 0.710191 0.846271 0.707006 0.844749 0.697452 0.844749 0.694268 0.843227 0.694268 0.838661 0.687898 0.838661 0.687898 0.843227 0.684713 0.844749 0.678344 0.844749 0.675159 0.843227 0.675159 0.821918 0.678344 0.820396 0.684713 0.820396 0.687898 0.818874 0.697452 0.818874 0.700637 0.820396 0.703822 0.820396 0.707006 0.821918 0.707006 0.829528 0.713376 0.829528 0.713376 0.826484 0.716561 0.824962 0.722930 0.824962 0.726115 0.826484 0.726115 0.829528 0.732484 0.829528 0.732484 0.828006 0.735669 0.826484 0.748408 0.826484 0.748408 0.824962 0.751592 0.823440 0.757962 0.823440 0.761146 0.824962 0.761146 0.829528 0.777070 0.829528 0.777070 0.823440 0.780255 0.821918 0.780255 0.818874 0.770701 0.818874 0.767516 0.817352 0.767516 0.815830 0.761146 0.815830 0.757962 0.814307 0.745223 0.814307 0.742038 0.812785 0.742038 0.809741 0.735669 0.809741 0.735669 0.811263 0.732484 0.812785 0.726115 0.812785 0.719745 0.809741 0.719745 0.808219 0.710191 0.808219 0.707006 0.806697 0.703822 0.806697 0.700637 0.805175 0.691083 0.805175 0.681529 0.800609 0.681529 0.799087 0.678344 0.797565 0.678344 0.783866 0.681529 0.782344 0.681529 0.776256 0.684713 0.774734 0.691083 0.774734 0.694268 0.776256 0.703822 0.776256 0.707006 0.777778 0.707006 0.780822 0.732484 0.780822 0.732484 0.777778 0.735669 0.776256 0.738854 0.776256 0.738854 0.774734 0.742038 0.773212 0.751592 0.773212 0.751592 0.768645 0.745223 0.768645 0.745223 0.770167 0.742038 0.771689 0.735669 0.771689 0.732484 0.770167 0.732484 0.765601 0.735669 0.764079 0.738854 0.764079 0.738854 0.762557 0.742038 0.761035 0.748408 0.761035 0.751592 0.762557 0.757962 0.762557 0.764331 0.759513 0.767516 0.759513 0.770701 0.757991 0.777070 0.757991 0.777070 0.753425 0.770701 0.753425 0.767516 0.751903 0.767516 0.745814 0.770701 0.744292 0.773885 0.744292 0.777070 0.742770 0.777070 0.739726 0.770701 0.739726 0.767516 0.741248 0.767516 0.742770 0.764331 0.744292 0.757962 0.744292 0.754777 0.745814 0.751592 0.745814 0.751592 0.747336 0.748408 0.748858 0.742038 0.748858 0.735669 0.751903 0.729299 0.751903 0.726115 0.753425 0.726115 0.754947 0.722930 0.756469 0.719745 0.756469 0.716561 0.757991 0.707006 0.757991 0.703822 0.759513 0.697452 0.759513 0.694268 0.757991 0.687898 0.757991 0.687898 0.759513 0.684713 0.761035 0.678344 0.761035 0.675159 0.759513 0.675159 0.742770 0.668790 0.742770 0.668790 0.754947 0.665605 0.756469 0.659236 0.756469 0.656051 0.754947 0.656051 0.744292 0.646497 0.744292 0.643312 0.745814 0.627389 0.745814 0.624204 0.744292 0.624204 0.735160 0.621019 0.733638 0.621019 0.727549 0.624204 0.726027 0.636943 0.726027 0.636943 0.724505 0.640127 0.722983 0.643312 0.722983 0.646497 0.721461 0.649682 0.721461 0.652866 0.719939 0.662420 0.719939 0.662420 0.716895 0.659236 0.716895 0.656051 0.715373 0.656051 0.700152 0.659236 0.698630 0.665605 0.698630 0.668790 0.700152 0.668790 0.713851 0.675159 0.713851 0.675159 0.692542 0.668790 0.692542 0.665605 0.694064 0.659236 0.694064 0.656051 0.692542 0.656051 0.678843 0.649682 0.678843 0.649682 0.680365 0.646497 0.681887 0.640127 0.681887 0.636943 0.680365 0.630573 0.680365 0.630573 0.687976 0.627389 0.689498 0.621019 0.689498 0.617834 0.687976 0.617834 0.683409 0.611465 0.683409 0.611465 0.689498 0.608280 0.691020 0.608280 0.694064 0.611465 0.695586 0.611465 0.704718 0.617834 0.704718 0.617834 0.694064 0.621019 0.692542 0.621019 0.691020 0.624204 0.689498 0.636943 0.689498 0.636943 0.687976 0.640127 0.686454 0.646497 0.686454 0.649682 0.687976 0.649682 0.697108 0.646497 0.698630 0.640127 0.698630 0.636943 0.697108 0.636943 0.695586 0.630573 0.695586 0.630573 0.716895 0.627389 0.718417 0.621019 0.718417 0.621019 0.726027 0.617834 0.727549 0.608280 0.727549 0.608280 0.730594 0.611465 0.732116 0.611465 0.735160 0.608280 0.736682 0.608280 0.741248 0.605096 0.742770 0.605096 0.745814 0.601911 0.747336 0.595541 0.747336 0.592357 0.745814 0.592357 0.739726 0.589172 0.738204 0.589172 0.736682 0.585987 0.736682 0.582803 0.735160 0.582803 0.732116 0.585987 0.730594 0.585987 0.724505 0.589172 0.722983 0.589172 0.719939 0.576433 0.719939 0.573248 0.718417 0.573248 0.715373 0.576433 0.713851 0.582803 0.713851 0.582803 0.710807 0.547771 0.710807 0.544586 0.709285 0.528662 0.709285 0.525478 0.707763 0.525478 0.691020 0.506369 0.691020 0.506369 0.695586 0.512739 0.695586 0.515924 0.697108 0.515924 0.713851 0.519108 0.715373 0.519108 0.716895 0.525478 0.716895 0.525478 0.715373 0.528662 0.713851 0.535032 0.713851 0.538217 0.715373 0.538217 0.716895 0.541401 0.716895 0.544586 0.718417 0.544586 0.719939 0.554140 0.719939 0.557325 0.721461 0.557325 0.726027 0.554140 0.727549 0.544586 0.727549 0.544586 0.730594 0.547771 0.730594 0.550955 0.732116 0.550955 0.735160 0.547771 0.736682 0.541401 0.736682 0.538217 0.735160 0.528662 0.735160 0.525478 0.733638 0.525478 0.724505 0.519108 0.724505 0.515924 0.726027 0.515924 0.735160 0.512739 0.736682 0.512739 0.742770 0.509554 0.744292 0.490446 0.744292 0.487261 0.742770 0.487261 0.724505 0.490446 0.722983 0.496815 0.722983 0.496815 0.718417 0.490446 0.718417 0.487261 0.716895 0.487261 0.710807 0.484076 0.710807 0.480892 0.709285 0.480892 0.701674 0.484076 0.700152 0.487261 0.700152 0.487261 0.695586 0.484076 0.695586 0.480892 0.694064 0.480892 0.691020 0.484076 0.689498 0.487261 0.689498 0.487261 0.678843 0.480892 0.678843 0.480892 0.680365 0.477707 0.681887 0.471338 0.681887 0.468153 0.680365 0.468153 0.678843 0.464968 0.678843 0.461783 0.677321 0.461783 0.671233 0.464968 0.669711 0.468153 0.669711 0.468153 0.660578 0.471338 0.659056 0.477707 0.659056 0.480892 0.660578 0.480892 0.671233 0.487261 0.671233 0.487261 0.659056 0.474522 0.659056 0.471338 0.657534 0.471338 0.651446 0.474522 0.649924 0.477707 0.649924 0.477707 0.646880 0.480892 0.645358 0.487261 0.645358 0.487261 0.642314 0.493631 0.639269 0.496815 0.639269 0.496815 0.634703 0.493631 0.633181 0.493631 0.628615 0.496815 0.627093 0.496815 0.625571 0.500000 0.624049 0.506369 0.624049 0.509554 0.625571 0.509554 0.634703 0.531847 0.634703 0.531847 0.630137 0.519108 0.630137 0.515924 0.628615 0.515924 0.625571 0.519108 0.624049 0.541401 0.624049 0.544586 0.625571 0.573248 0.625571 0.576433 0.624049 0.589172 0.624049 0.589172 0.613394 0.576433 0.613394 0.573248 0.611872 0.573248 0.607306 0.576433 0.605784 0.589172 0.605784 0.589172 0.601218 0.563694 0.601218 0.560510 0.599696 0.560510 0.598174 0.554140 0.598174 0.554140 0.599696 0.550955 0.601218 0.528662 0.601218 0.525478 0.599696 0.525478 0.589041 0.506369 0.589041 0.506369 0.599696 0.503185 0.601218 0.480892 0.601218 0.474522 0.598174 0.474522 0.595129 0.471338 0.595129 0.468153 0.593607 0.468153 0.590563 0.464968 0.590563 0.458599 0.587519 0.458599 0.584475 0.461783 0.582953 0.461783 0.578387 0.458599 0.576865 0.458599 0.573820 0.461783 0.572298 0.468153 0.572298 0.468153 0.570776 0.471338 0.569254 0.487261 0.569254 0.487261 0.561644 0.480892 0.561644 0.480892 0.563166 0.477707 0.564688 0.471338 0.564688 0.468153 0.563166 0.468153 0.554033 0.471338 0.552511 0.477707 0.552511 0.480892 0.554033 0.487261 0.554033 0.487261 0.547945 0.471338 0.547945 0.468153 0.546423 0.468153 0.544901 0.461783 0.544901 0.458599 0.543379 0.458599 0.538813 0.455414 0.537291 0.455414 0.529680 0.452229 0.528158 0.452229 0.520548 0.449045 0.519026 0.449045 0.508371 0.452229 0.506849 0.452229 0.505327 0.455414 0.503805 0.455414 0.502283 0.461783 0.499239 0.474522 0.499239 0.477707 0.500761 0.477707 0.502283 0.484076 0.502283 0.484076 0.499239 0.480892 0.499239 0.477707 0.497717 0.477707 0.493151 0.480892 0.491629 0.484076 0.491629 0.484076 0.479452 0.487261 0.477930 0.487261 0.473364 0.490446 0.471842 0.496815 0.471842 0.500000 0.470320 0.509554 0.470320 0.512739 0.471842 0.512739 0.479452 0.515924 0.480974 0.515924 0.485540 0.512739 0.487062 0.512739 0.490107 0.509554 0.491629 0.509554 0.499239 0.512739 0.499239 0.515924 0.500761 0.515924 0.505327 0.522293 0.505327 0.522293 0.500761 0.519108 0.500761 0.515924 0.499239 0.515924 0.493151 0.519108 0.491629 0.541401 0.491629 0.544586 0.493151 0.544586 0.497717 0.541401 0.499239 0.535032 0.499239 0.535032 0.508371 0.541401 0.508371 0.541401 0.500761 0.544586 0.499239 0.550955 0.499239 0.550955 0.493151 0.554140 0.491629 0.560510 0.491629 0.563694 0.493151 0.563694 0.499239 0.570064 0.499239 0.573248 0.500761 0.573248 0.520548 0.579618 0.520548 0.579618 0.499239 0.573248 0.499239 0.570064 0.497717 0.570064 0.493151 0.573248 0.491629 0.579618 0.491629 0.579618 0.467275 0.563694 0.467275 0.560510 0.465753 0.560510 0.458143 0.554140 0.458143 0.554140 0.490107 0.550955 0.491629 0.544586 0.491629 0.541401 0.490107 0.541401 0.471842 0.528662 0.471842 0.525478 0.470320 0.525478 0.458143 0.522293 0.456621 0.522293 0.426180 0.515924 0.426180 0.515924 0.456621 0.509554 0.459665 0.480892 0.459665 0.477707 0.461187 0.474522 0.461187 0.468153 0.464231 0.461783 0.464231 0.458599 0.465753 0.449045 0.465753 0.445860 0.464231 0.442675 0.464231 0.439490 0.462709 0.439490 0.455099 0.442675 0.453577 0.442675 0.450533 0.445860 0.449011 0.449045 0.449011 0.449045 0.436834 0.452229 0.435312 0.461783 0.435312 0.464968 0.433790 0.468153 0.433790 0.468153 0.418569 0.471338 0.417047 0.480892 0.417047 0.484076 0.418569 0.531847 0.418569 0.535032 0.420091 0.535032 0.453577 0.541401 0.453577 0.541401 0.427702 0.544586 0.426180 0.550955 0.426180 0.554140 0.427702 0.554140 0.447489 0.560510 0.447489 0.560510 0.445967 0.563694 0.444444 0.570064 0.444444 0.573248 0.445967 0.573248 0.453577 0.582803 0.453577 0.582803 0.450533 0.579618 0.449011 0.579618 0.427702 0.582803 0.426180 0.582803 0.412481 0.579618 0.410959 0.573248 0.410959 0.573248 0.412481 0.566879 0.415525 0.547771 0.415525 0.541401 0.412481 0.541401 0.409437 0.535032 0.409437 0.531847 0.407915 0.531847 0.404871 0.535032 0.403349 0.550955 0.403349 0.554140 0.401826 0.560510 0.401826 0.563694 0.403349 0.576433 0.403349 0.579618 0.404871 0.585987 0.404871 0.585987 0.397260 0.589172 0.395738 0.595541 0.395738 0.598726 0.397260 0.598726 0.401826 0.601911 0.403349 0.601911 0.404871 0.605096 0.406393 0.605096 0.410959 0.601911 0.412481 0.601911 0.418569 0.605096 0.418569 0.608280 0.420091 0.608280 0.429224 0.605096 0.430746 0.601911 0.430746 0.601911 0.435312 0.605096 0.435312 0.608280 0.436834 0.608280 0.441400 0.614650 0.441400 0.617834 0.442922 0.617834 0.447489 0.621019 0.449011 0.621019 0.462709 0.624204 0.464231 0.624204 0.470320 0.627389 0.471842 0.627389 0.474886 0.624204 0.476408 0.617834 0.476408 0.614650 0.474886 0.614650 0.473364 0.608280 0.473364 0.608280 0.480974 0.614650 0.480974 0.617834 0.479452 0.624204 0.479452 0.627389 0.480974 0.627389 0.488584 0.636943 0.488584 0.640127 0.490107 0.640127 0.494673 0.652866 0.494673 0.656051 0.496195 0.656051 0.500761 0.652866 0.502283 0.646497 0.502283 0.643312 0.503805 0.627389 0.503805 0.627389 0.520548 0.624204 0.522070 0.611465 0.522070 0.611465 0.526636 0.624204 0.526636 0.627389 0.528158 0.627389 0.529680 0.630573 0.531202 0.643312 0.531202 0.646497 0.532725 0.662420 0.532725 0.665605 0.534247 0.665605 0.563166 0.662420 0.564688 0.656051 0.564688 0.652866 0.563166 0.652866 0.557078 0.646497 0.557078 0.646497 0.561644 0.643312 0.563166 0.630573 0.563166 0.630573 0.566210 0.643312 0.566210 0.646497 0.567732 0.646497 0.575342 0.662420 0.575342 0.665605 0.576865 0.665605 0.581431 0.675159 0.581431 0.675159 0.578387 0.678344 0.576865 0.678344 0.570776 0.681529 0.569254 0.684713 0.569254 0.684713 0.564688 0.678344 0.564688 0.675159 0.563166 0.675159 0.555556 0.678344 0.554033 0.684713 0.554033 0.687898 0.555556 0.687898 0.557078 0.713376 0.557078 0.716561 0.558600 0.716561 0.563166 0.713376 0.564688 0.710191 0.564688 0.710191 0.569254 0.719745 0.569254 0.722930 0.570776 0.722930 0.573820 0.719745 0.575342 0.716561 0.575342 0.716561 0.581431 0.729299 0.581431 0.729299 0.570776 0.732484 0.569254 0.738854 0.569254 0.742038 0.570776 0.742038 0.573820 0.748408 0.573820 0.748408 0.570776 0.751592 0.569254 0.751592 0.564688 0.748408 0.563166 0.748408 0.544901 0.742038 0.544901 0.738854 0.543379 0.738854 0.538813 0.742038 0.537291 0.748408 0.537291 0.748408 0.520548 0.732484 0.520548 0.729299 0.519026 0.729299 0.515982 0.732484 0.514460 0.748408 0.514460 0.748408 0.500761 0.751592 0.499239 0.757962 0.499239 0.761146 0.500761 0.767516 0.500761 0.767516 0.464231 0.773885 0.461187 0.773885 0.436834 0.777070 0.435312 0.783439 0.435312 0.786624 0.436834 0.786624 0.441400 0.789809 0.442922 0.789809 0.447489 0.802548 0.447489 0.802548 0.445967 0.805732 0.444444 0.812102 0.444444 0.815287 0.445967 0.815287 0.447489 0.821656 0.447489 0.821656 0.441400 0.824841 0.439878 0.824841 0.436834 0.828025 0.435312 0.840764 0.435312 0.840764 0.430746 0.837580 0.430746 0.834395 0.429224 0.834395 0.421613 0.837580 0.420091 0.843949 0.420091 0.843949 0.414003 0.840764 0.414003 0.837580 0.412481 0.837580 0.409437 0.831210 0.406393 0.831210 0.403349 0.834395 0.401826 0.840764 0.401826 0.840764 0.382040 0.843949 0.380518 0.859873 0.380518 0.859873 0.375951 0.843949 0.375951 0.840764 0.374429 0.840764 0.372907 0.834395 0.372907 0.834395 0.375951 0.831210 0.377473 0.824841 0.377473 0.821656 0.375951 0.821656 0.372907 0.818471 0.372907 0.815287 0.371385 0.815287 0.368341 0.818471 0.366819 0.821656 0.366819 0.821656 0.363775 0.812102 0.363775 0.808917 0.362253 0.808917 0.359209 0.805732 0.357686 0.805732 0.347032 0.812102 0.343988 0.821656 0.343988 0.821656 0.328767 0.824841 0.327245 0.831210 0.327245 0.834395 0.328767 0.834395 0.333333 0.837580 0.334855 0.850318 0.334855 0.853503 0.336377 0.853503 0.347032 0.859873 0.347032 0.859873 0.327245 0.853503 0.327245 0.853503 0.330289 0.850318 0.331811 0.843949 0.331811 0.837580 0.328767 0.837580 0.325723 0.840764 0.324201 0.840764 0.319635 0.831210 0.319635 0.828025 0.321157 0.815287 0.321157 0.812102 0.319635 0.812102 0.315068 0.815287 0.313546 0.831210 0.313546 0.834395 0.312024 0.850318 0.312024 0.856688 0.308980 0.859873 0.308980 0.863057 0.307458 0.863057 0.301370 0.866242 0.299848 0.869427 0.299848 0.869427 0.283105 0.872611 0.281583 0.885350 0.281583 0.885350 0.278539 0.878981 0.278539 0.875796 0.280061 0.869427 0.280061 0.866242 0.278539 0.866242 0.269406 0.869427 0.267884 0.875796 0.267884 0.882166 0.270928 0.882166 0.272451 0.888535 0.272451 0.888535 0.269406 0.891720 0.267884 0.894904 0.267884 0.894904 0.266362 0.898089 0.264840 0.904459 0.264840 0.907643 0.266362 0.907643 0.277017 0.914013 0.277017 0.914013 0.261796 0.901274 0.261796 0.898089 0.260274 0.898089 0.257230 0.901274 0.255708 0.914013 0.255708 0.914013 0.243531 0.917197 0.242009 0.917197 0.238965 0.923567 0.235921 0.923567 0.234399 0.926752 0.232877 0.926752 0.229833 0.923567 0.228311 0.920382 0.228311 0.917197 0.226788 0.917197 0.223744 0.920382 0.222222 0.923567 0.222222 0.926752 0.220700 0.926752 0.219178 0.929936 0.217656 0.942675 0.217656 0.942675 0.197869 0.939490 0.196347 0.939490 0.179604 0.936306 0.178082 0.936306 0.171994 0.933121 0.170472 0.933121 0.162861 0.936306 0.161339 0.936306 0.158295 0.933121 0.156773 0.933121 0.155251 0.929936 0.155251 0.917197 0.149163 0.917197 0.144597 0.914013 0.143075 0.914013 0.140030 0.907643 0.140030 0.904459 0.138508 0.894904 0.138508 0.891720 0.136986 0.891720 0.133942 0.894904 0.132420 0.898089 0.132420 0.898089 0.129376 0.894904 0.127854 0.894904 0.123288 0.888535 0.123288 0.885350 0.121766 0.885350 0.118721 0.878981 0.118721 0.875796 0.120244 0.869427 0.120244 0.869427 0.124810 0.872611 0.126332 0.872611 0.129376 0.875796 0.130898 0.875796 0.133942 0.882166 0.136986 0.882166 0.140030 0.885350 0.141553 0.885350 0.143075 0.894904 0.143075 0.901274 0.146119 0.901274 0.149163 0.898089 0.150685 0.885350 0.150685 0.885350 0.153729 0.888535 0.155251 0.888535 0.165906 0.894904 0.165906 0.894904 0.156773 0.898089 0.155251 0.904459 0.155251 0.907643 0.156773 0.910828 0.156773 0.914013 0.158295 0.914013 0.159817 0.917197 0.161339 0.917197 0.167428 0.920382 0.168950 0.920382 0.175038 0.923567 0.176560 0.923567 0.190259 0.920382 0.191781 0.920382 0.194825 0.917197 0.196347 0.914013 0.196347 0.914013 0.199391 0.917197 0.200913 0.917197 0.211568 0.914013 0.213090 0.914013 0.214612 0.910828 0.216134 0.910828 0.217656 0.907643 0.219178 0.904459 0.219178 0.904459 0.225266 0.901274 0.226788 0.901274 0.228311 0.898089 0.229833 0.898089 0.231355 0.888535 0.235921 0.888535 0.238965 0.885350 0.240487 0.885350 0.242009 0.882166 0.243531 0.882166 0.246575 0.878981 0.248097 0.872611 0.248097 0.869427 0.246575 0.869427 0.234399 0.859873 0.234399 0.856688 0.232877 0.856688 0.229833 0.850318 0.229833 0.850318 0.234399 0.853503 0.234399 0.856688 0.235921 0.856688 0.238965 0.859873 0.240487 0.859873 0.243531 0.856688 0.245053 0.853503 0.245053 0.853503 0.251142 0.850318 0.252664 0.847134 0.252664 0.847134 0.260274 0.843949 0.261796 0.843949 0.267884 0.840764 0.269406 0.840764 0.270928 0.834395 0.273973 0.834395 0.277017 0.831210 0.278539 0.824841 0.278539 0.821656 0.280061 0.818471 0.280061 0.818471 0.283105 0.815287 0.284627 0.815287 0.293760 0.812102 0.295282 0.777070 0.295282 0.773885 0.293760 0.773885 0.287671 0.770701 0.287671 0.767516 0.286149 0.767516 0.283105 0.770701 0.281583 0.770701 0.278539 0.767516 0.278539 0.764331 0.277017 0.764331 0.275495 0.757962 0.275495 0.757962 0.284627 0.751592 0.287671 0.748408 0.287671 0.748408 0.290715 0.745223 0.292237 0.738854 0.292237 0.738854 0.293760 0.735669 0.295282 0.729299 0.295282 0.726115 0.293760 0.726115 0.280061 0.716561 0.280061 0.713376 0.278539 0.713376 0.277017 0.710191 0.275495 0.710191 0.273973 0.707006 0.273973 0.703822 0.272451 0.703822 0.269406 0.707006 0.267884 0.710191 0.267884 0.710191 0.266362 0.713376 0.264840 0.735669 0.264840 0.738854 0.266362 0.745223 0.266362 0.748408 0.264840 0.754777 0.264840 0.757962 0.266362 0.757962 0.267884 0.764331 0.267884 0.764331 0.266362 0.767516 0.264840 0.767516 0.260274 0.764331 0.258752 0.764331 0.229833 0.757962 0.229833 0.757962 0.258752 0.754777 0.260274 0.748408 0.260274 0.745223 0.258752 0.745223 0.257230 0.738854 0.257230 0.738854 0.258752 0.735669 0.260274 0.729299 0.260274 0.726115 0.258752 0.726115 0.254186 0.722930 0.252664 0.722930 0.248097 0.726115 0.246575 0.732484 0.246575 0.732484 0.243531 0.722930 0.243531 0.719745 0.242009 0.719745 0.232877 0.716561 0.231355 0.716561 0.229833 0.710191 0.229833 0.710191 0.231355 0.707006 0.232877 0.703822 0.232877 0.703822 0.235921 0.700637 0.237443 0.700637 0.238965 0.697452 0.240487 0.697452 0.242009 0.694268 0.243531 0.694268 0.246575 0.691083 0.248097 0.691083 0.257230 0.684713 0.260274 0.671975 0.260274 0.668790 0.261796 0.662420 0.261796 0.659236 0.260274 0.659236 0.257230 0.662420 0.255708 0.662420 0.252664 0.659236 0.251142 0.659236 0.248097 0.662420 0.246575 0.662420 0.243531 0.665605 0.242009 0.671975 0.242009 0.671975 0.238965 0.665605 0.238965 0.662420 0.237443 0.662420 0.234399 0.659236 0.232877 0.659236 0.229833 0.662420 0.228311 0.662420 0.225266 0.659236 0.223744 0.659236 0.220700 0.662420 0.219178 0.671975 0.219178 0.671975 0.214612 0.659236 0.214612 0.656051 0.213090 0.656051 0.207002 0.652866 0.205479 0.652866 0.197869 0.646497 0.197869 0.643312 0.196347 0.643312 0.193303 0.627389 0.193303 0.624204 0.191781 0.624204 0.188737 0.614650 0.184170 0.608280 0.184170 0.605096 0.182648 0.605096 0.178082 0.598726 0.178082 0.595541 0.179604 0.589172 0.179604 0.585987 0.178082 0.585987 0.159817 0.582803 0.158295 0.582803 0.144597 0.579618 0.143075 0.579618 0.140030 0.576433 0.140030 0.573248 0.138508 0.573248 0.135464 0.576433 0.133942 0.576433 0.120244 0.570064 0.120244 0.566879 0.118721 0.566879 0.109589 0.563694 0.108067 0.563694 0.105023 0.566879 0.103501 0.570064 0.103501 0.570064 0.100457 0.566879 0.098935 0.566879 0.095890 0.570064 0.094368 0.582803 0.094368 0.582803 0.089802 0.579618 0.089802 0.576433 0.088280 0.576433 0.085236 0.579618 0.083714 0.579618 0.077626 0.582803 0.076104 0.585987 0.076104 0.585987 0.057839 0.582803 0.056317 0.582803 0.051750 0.570064 0.051750 0.566879 0.053272 0.566879 0.056317 0.563694 0.057839 0.554140 0.057839 0.554140 0.062405 0.550955 0.063927 0.550955 0.065449 0.544586 0.068493 0.531847 0.068493 0.531847 0.079148 0.528662 0.080670 0.519108 0.080670 0.519108 0.083714 0.522293 0.083714 0.528662 0.086758 0.538217 0.086758 0.541401 0.088280 0.541401 0.098935 0.544586 0.100457 0.544586 0.108067 0.547771 0.109589 0.547771 0.112633 0.550955 0.114155 0.550955 0.118721 0.554140 0.118721 0.557325 0.120244 0.557325 0.121766 0.560510 0.123288 0.560510 0.130898 0.563694 0.132420 0.563694 0.133942 0.566879 0.135464 0.566879 0.140030 0.563694 0.141553 0.550955 0.141553 0.550955 0.155251 0.547771 0.156773 0.541401 0.156773 0.538217 0.155251 0.538217 0.141553 0.531847 0.141553 0.531847 0.150685 0.528662 0.152207 0.522293 0.152207 0.519108 0.150685 0.519108 0.147641 0.515924 0.147641 0.512739 0.146119 0.512739 0.141553 0.496815 0.141553 0.493631 0.140030 0.493631 0.138508 0.490446 0.136986 0.490446 0.129376 0.493631 0.127854 0.500000 0.127854 0.503185 0.129376 0.503185 0.130898 0.528662 0.130898 0.531847 0.132420 0.538217 0.132420 0.538217 0.127854 0.525478 0.127854 0.522293 0.126332 0.522293 0.118721 0.519108 0.117199 0.519108 0.111111 0.512739 0.111111 0.512739 0.124810 0.506369 0.127854 0.496815 0.127854 0.493631 0.126332 0.493631 0.108067 0.487261 0.108067 0.480892 0.105023 0.480892 0.092846 0.484076 0.091324 0.484076 0.077626 0.487261 0.076104 0.487261 0.073059 0.484076 0.071537 0.484076 0.065449 0.468153 0.065449 0.464968 0.063927 0.464968 0.060883 0.468153 0.059361 0.484076 0.059361 0.484076 0.054795 0.452229 0.054795 0.449045 0.053272 0.449045 0.050228 0.445860 0.050228 0.442675 0.048706 0.442675 0.039574 0.439490 0.039574 0.436306 0.038052 0.436306 0.035008 0.439490 0.033486 0.442675 0.033486 0.445860 0.031963 0.445860 0.028919 0.442675 0.027397 0.442675 0.024353 0.445860 0.022831 0.445860 0.012177 0.442675 0.012177 0.439490 0.010654