0 0.412214 0.887424 0.412214 0.891481 0.410305 0.892495 0.410305 0.897566 0.408397 0.898580 0.408397 0.910751 0.406489 0.911765 0.406489 0.917850 0.412214 0.917850 0.412214 0.911765 0.414122 0.910751 0.414122 0.895538 0.416031 0.894523 0.416031 0.887424
0 0.396947 0.871197 0.396947 0.872211 0.395038 0.873225 0.395038 0.874239 0.393130 0.875254 0.393130 0.876268 0.391221 0.877282 0.391221 0.879310 0.381679 0.884381 0.381679 0.888438 0.379771 0.889452 0.379771 0.890467 0.377863 0.891481 0.377863 0.894523 0.381679 0.894523 0.381679 0.892495 0.383588 0.891481 0.383588 0.890467 0.385496 0.889452 0.385496 0.888438 0.389313 0.886410 0.389313 0.885396 0.391221 0.884381 0.391221 0.883367 0.393130 0.882353 0.393130 0.881339 0.398855 0.878296 0.400763 0.878296 0.400763 0.871197
0 0.372137 0.826572 0.370229 0.827586 0.356870 0.827586 0.354962 0.828600 0.333969 0.828600 0.332061 0.829615 0.309160 0.829615 0.309160 0.831643 0.333969 0.831643 0.335878 0.830629 0.374046 0.830629 0.375954 0.831643 0.379771 0.831643 0.379771 0.829615 0.381679 0.828600 0.381679 0.826572
0 0.278626 0.739351 0.276718 0.740365 0.276718 0.743408 0.274809 0.744422 0.274809 0.746450 0.270992 0.748479 0.267176 0.746450 0.263359 0.746450 0.261450 0.747465 0.261450 0.750507 0.267176 0.750507 0.269084 0.751521 0.269084 0.755578 0.267176 0.756592 0.267176 0.758621 0.270992 0.758621 0.272901 0.757606 0.272901 0.755578 0.274809 0.754564 0.278626 0.756592 0.278626 0.757606 0.282443 0.757606 0.282443 0.755578 0.286260 0.753550 0.290076 0.753550 0.291985 0.754564 0.297710 0.754564 0.297710 0.752535 0.293893 0.752535 0.288168 0.749493 0.280534 0.749493 0.278626 0.748479 0.278626 0.745436 0.280534 0.744422 0.280534 0.742394 0.282443 0.741379 0.282443 0.739351
0 0.725191 0.671400 0.721374 0.673428 0.715649 0.673428 0.715649 0.676471 0.713740 0.677485 0.709924 0.677485 0.708015 0.678499 0.708015 0.679513 0.706107 0.680527 0.702290 0.680527 0.702290 0.682556 0.700382 0.683570 0.696565 0.683570 0.694656 0.684584 0.694656 0.685598 0.692748 0.686613 0.688931 0.686613 0.673664 0.694726 0.673664 0.695740 0.671756 0.696755 0.667939 0.696755 0.667939 0.697769 0.666031 0.698783 0.664122 0.698783 0.658397 0.701826 0.658397 0.703854 0.662214 0.703854 0.669847 0.699797 0.671756 0.699797 0.673664 0.698783 0.673664 0.697769 0.675573 0.696755 0.681298 0.696755 0.683206 0.695740 0.685115 0.695740 0.687023 0.694726 0.688931 0.694726 0.692748 0.692698 0.694656 0.692698 0.698473 0.690669 0.700382 0.690669 0.706107 0.687627 0.708015 0.687627 0.713740 0.684584 0.715649 0.684584 0.719466 0.682556 0.721374 0.682556 0.725191 0.680527 0.727099 0.680527 0.727099 0.679513 0.729008 0.678499 0.732824 0.678499 0.734733 0.677485 0.736641 0.677485 0.740458 0.675456 0.746183 0.675456 0.746183 0.672414 0.742366 0.672414 0.738550 0.674442 0.736641 0.674442 0.734733 0.673428 0.732824 0.673428 0.730916 0.672414 0.730916 0.671400
0 0.540076 0.606491 0.526718 0.613590 0.526718 0.614604 0.520992 0.617647 0.520992 0.618661 0.517176 0.620690 0.517176 0.621704 0.513359 0.623732 0.513359 0.624746 0.507634 0.627789 0.507634 0.629817 0.511450 0.629817 0.515267 0.627789 0.515267 0.626775 0.517176 0.625761 0.519084 0.625761 0.520992 0.624746 0.520992 0.623732 0.522901 0.622718 0.524809 0.622718 0.532443 0.618661 0.532443 0.617647 0.534351 0.616633 0.536260 0.616633 0.538168 0.617647 0.541985 0.617647 0.541985 0.616633 0.543893 0.615619 0.543893 0.614604 0.545802 0.613590 0.545802 0.611562 0.543893 0.611562 0.541985 0.610548 0.543893 0.609533 0.545802 0.609533 0.545802 0.607505 0.543893 0.606491
0 0.263359 0.469574 0.263359 0.470588 0.261450 0.471602 0.259542 0.470588 0.251908 0.470588 0.251908 0.473631 0.255725 0.473631 0.257634 0.474645 0.265267 0.474645 0.267176 0.475659 0.267176 0.477688 0.269084 0.478702 0.274809 0.478702 0.276718 0.477688 0.276718 0.475659 0.274809 0.474645 0.278626 0.472617 0.280534 0.473631 0.284351 0.473631 0.284351 0.471602 0.280534 0.471602 0.278626 0.470588 0.269084 0.470588 0.267176 0.469574
0 0.312977 0.464503 0.312977 0.465517 0.309160 0.467546 0.303435 0.467546 0.303435 0.471602 0.305344 0.472617 0.314885 0.472617 0.316794 0.471602 0.320611 0.471602 0.324427 0.469574 0.332061 0.469574 0.332061 0.466531 0.330153 0.466531 0.328244 0.465517 0.328244 0.464503 0.324427 0.464503 0.320611 0.466531 0.318702 0.466531 0.316794 0.465517 0.316794 0.464503
0 0.360687 0.463489 0.360687 0.467546 0.364504 0.469574 0.387405 0.469574 0.389313 0.468560 0.389313 0.466531 0.385496 0.466531 0.383588 0.467546 0.381679 0.467546 0.377863 0.465517 0.374046 0.465517 0.372137 0.466531 0.370229 0.465517 0.368321 0.465517 0.364504 0.463489
0 0.240458 0.437120 0.240458 0.441176 0.242366 0.442191 0.242366 0.443205 0.240458 0.444219 0.234733 0.444219 0.234733 0.445233 0.232824 0.446247 0.229008 0.446247 0.225191 0.448276 0.225191 0.450304 0.227099 0.451318 0.230916 0.451318 0.232824 0.452333 0.230916 0.453347 0.227099 0.453347 0.227099 0.456389 0.229008 0.457404 0.229008 0.459432 0.236641 0.459432 0.238550 0.458418 0.238550 0.457404 0.240458 0.456389 0.240458 0.455375 0.242366 0.454361 0.242366 0.452333 0.240458 0.451318 0.240458 0.449290 0.242366 0.448276 0.242366 0.444219 0.244275 0.443205 0.246183 0.443205 0.248092 0.442191 0.251908 0.442191 0.253817 0.443205 0.253817 0.446247 0.257634 0.446247 0.257634 0.445233 0.259542 0.444219 0.259542 0.443205 0.263359 0.441176 0.263359 0.438134 0.255725 0.438134 0.251908 0.440162 0.246183 0.437120
0 0.124046 0.399594 0.124046 0.401623 0.125954 0.402637 0.125954 0.410751 0.124046 0.411765 0.124046 0.413793 0.125954 0.414807 0.125954 0.416836 0.127863 0.417850 0.127863 0.418864 0.129771 0.419878 0.129771 0.424949 0.131679 0.424949 0.133588 0.425963 0.133588 0.426978 0.135496 0.427992 0.135496 0.430020 0.137405 0.431034 0.135496 0.432049 0.133588 0.432049 0.133588 0.434077 0.135496 0.435091 0.135496 0.439148 0.131679 0.441176 0.131679 0.443205 0.129771 0.444219 0.129771 0.446247 0.127863 0.447262 0.127863 0.448276 0.125954 0.449290 0.125954 0.450304 0.124046 0.451318 0.124046 0.452333 0.122137 0.453347 0.122137 0.455375 0.120229 0.456389 0.120229 0.458418 0.118321 0.459432 0.118321 0.461460 0.116412 0.462475 0.116412 0.479716 0.118321 0.480730 0.118321 0.482759 0.120229 0.483773 0.120229 0.485801 0.122137 0.486815 0.124046 0.486815 0.125954 0.487830 0.125954 0.489858 0.127863 0.490872 0.127863 0.493915 0.135496 0.493915 0.137405 0.492901 0.139313 0.492901 0.139313 0.490872 0.137405 0.489858 0.137405 0.485801 0.133588 0.485801 0.131679 0.486815 0.127863 0.486815 0.125954 0.485801 0.125954 0.484787 0.124046 0.483773 0.124046 0.482759 0.122137 0.481744 0.122137 0.479716 0.120229 0.478702 0.120229 0.474645 0.122137 0.473631 0.122137 0.471602 0.120229 0.470588 0.120229 0.464503 0.122137 0.463489 0.122137 0.461460 0.124046 0.460446 0.127863 0.462475 0.127863 0.466531 0.125954 0.467546 0.125954 0.469574 0.127863 0.470588 0.131679 0.470588 0.131679 0.469574 0.133588 0.468560 0.135496 0.468560 0.137405 0.469574 0.137405 0.472617 0.139313 0.473631 0.139313 0.479716 0.143130 0.479716 0.143130 0.469574 0.137405 0.469574 0.135496 0.468560 0.135496 0.466531 0.133588 0.465517 0.133588 0.464503 0.131679 0.463489 0.131679 0.458418 0.133588 0.457404 0.133588 0.452333 0.131679 0.451318 0.135496 0.449290 0.135496 0.447262 0.137405 0.446247 0.137405 0.444219 0.139313 0.443205 0.141221 0.443205 0.143130 0.444219 0.143130 0.448276 0.145038 0.449290 0.145038 0.451318 0.146947 0.452333 0.146947 0.453347 0.148855 0.454361 0.148855 0.456389 0.150763 0.457404 0.150763 0.459432 0.152672 0.460446 0.152672 0.461460 0.156489 0.463489 0.156489 0.464503 0.158397 0.465517 0.158397 0.468560 0.160305 0.469574 0.160305 0.470588 0.164122 0.470588 0.164122 0.465517 0.166031 0.464503 0.167939 0.464503 0.171756 0.462475 0.171756 0.459432 0.169847 0.458418 0.173664 0.456389 0.175573 0.456389 0.177481 0.455375 0.179389 0.455375 0.181298 0.454361 0.185115 0.454361 0.185115 0.450304 0.175573 0.450304 0.173664 0.451318 0.171756 0.451318 0.169847 0.452333 0.164122 0.452333 0.162214 0.451318 0.160305 0.451318 0.154580 0.448276 0.154580 0.446247 0.152672 0.445233 0.152672 0.442191 0.150763 0.441176 0.150763 0.435091 0.152672 0.434077 0.152672 0.433063 0.154580 0.432049 0.156489 0.432049 0.156489 0.430020 0.152672 0.430020 0.150763 0.429006 0.145038 0.429006 0.143130 0.427992 0.143130 0.422921 0.141221 0.422921 0.139313 0.421907 0.139313 0.419878 0.137405 0.418864 0.137405 0.416836 0.135496 0.415822 0.135496 0.411765 0.133588 0.410751 0.133588 0.406694 0.131679 0.406694 0.129771 0.405680 0.129771 0.402637 0.127863 0.401623 0.127863 0.399594
0 0.206107 0.355984 0.206107 0.359026 0.204198 0.360041 0.204198 0.362069 0.202290 0.363083 0.202290 0.365112 0.204198 0.365112 0.206107 0.366126 0.209924 0.366126 0.213740 0.364097 0.217557 0.364097 0.219466 0.363083 0.225191 0.363083 0.225191 0.358012 0.221374 0.358012 0.217557 0.355984
0 0.133588 0.352941 0.133588 0.354970 0.131679 0.355984 0.131679 0.361055 0.127863 0.363083 0.127863 0.365112 0.129771 0.365112 0.131679 0.366126 0.129771 0.367140 0.125954 0.367140 0.125954 0.371197 0.127863 0.372211 0.127863 0.378296 0.125954 0.379310 0.125954 0.381339 0.124046 0.382353 0.124046 0.387424 0.122137 0.388438 0.122137 0.390467 0.124046 0.390467 0.125954 0.391481 0.125954 0.395538 0.129771 0.395538 0.129771 0.388438 0.131679 0.387424 0.131679 0.382353 0.133588 0.381339 0.135496 0.381339 0.137405 0.382353 0.141221 0.382353 0.143130 0.381339 0.143130 0.379310 0.141221 0.378296 0.141221 0.377282 0.137405 0.377282 0.137405 0.378296 0.135496 0.379310 0.133588 0.378296 0.133588 0.375254 0.135496 0.374239 0.137405 0.374239 0.139313 0.375254 0.143130 0.375254 0.143130 0.374239 0.146947 0.372211 0.148855 0.372211 0.148855 0.370183 0.146947 0.369168 0.146947 0.368154 0.141221 0.368154 0.139313 0.369168 0.139313 0.371197 0.137405 0.372211 0.135496 0.371197 0.135496 0.365112 0.137405 0.364097 0.137405 0.363083 0.139313 0.362069 0.139313 0.360041 0.137405 0.360041 0.135496 0.359026 0.135496 0.358012 0.137405 0.356998 0.137405 0.352941
0 0.438931 0.350913 0.438931 0.351927 0.431298 0.355984 0.421756 0.355984 0.421756 0.358012 0.419847 0.359026 0.417939 0.359026 0.417939 0.361055 0.419847 0.362069 0.419847 0.364097 0.421756 0.365112 0.421756 0.367140 0.427481 0.367140 0.429389 0.366126 0.435115 0.369168 0.435115 0.374239 0.431298 0.376268 0.421756 0.376268 0.421756 0.378296 0.417939 0.380325 0.417939 0.381339 0.416031 0.382353 0.416031 0.387424 0.421756 0.387424 0.421756 0.382353 0.423664 0.381339 0.427481 0.381339 0.429389 0.382353 0.433206 0.382353 0.433206 0.381339 0.437023 0.379310 0.438931 0.380325 0.442748 0.380325 0.444656 0.381339 0.450382 0.381339 0.450382 0.377282 0.452290 0.376268 0.452290 0.372211 0.454198 0.371197 0.454198 0.368154 0.456107 0.367140 0.456107 0.365112 0.459924 0.363083 0.459924 0.359026 0.461832 0.358012 0.461832 0.355984 0.459924 0.355984 0.458015 0.354970 0.458015 0.351927 0.456107 0.351927 0.454198 0.350913 0.448473 0.350913 0.446565 0.351927 0.444656 0.351927 0.442748 0.350913
0 0.482824 0.313387 0.482824 0.317444 0.479008 0.319473 0.479008 0.320487 0.477099 0.321501 0.477099 0.324544 0.475191 0.325558 0.475191 0.327586 0.473282 0.328600 0.471374 0.328600 0.467557 0.330629 0.467557 0.335700 0.465649 0.336714 0.465649 0.340771 0.467557 0.341785 0.467557 0.343813 0.465649 0.344828 0.465649 0.347870 0.467557 0.348884 0.473282 0.348884 0.475191 0.347870 0.477099 0.347870 0.477099 0.344828 0.480916 0.342799 0.480916 0.341785 0.486641 0.338742 0.486641 0.336714 0.488550 0.335700 0.488550 0.330629 0.490458 0.329615 0.494275 0.329615 0.494275 0.325558 0.492366 0.324544 0.492366 0.316430 0.490458 0.316430 0.488550 0.315416 0.488550 0.313387
0 0.104962 0.152130 0.104962 0.156187 0.106870 0.157201 0.110687 0.157201 0.112595 0.158215 0.112595 0.161258 0.120229 0.161258 0.124046 0.163286 0.127863 0.163286 0.127863 0.161258 0.125954 0.160243 0.125954 0.153144 0.120229 0.153144 0.118321 0.154158 0.116412 0.154158 0.114504 0.155172 0.110687 0.155172 0.108779 0.154158 0.108779 0.152130
0 0.730916 0.063895 0.730916 0.067951 0.727099 0.069980 0.721374 0.069980 0.719466 0.070994 0.715649 0.070994 0.713740 0.069980 0.704198 0.069980 0.704198 0.072008 0.706107 0.073022 0.708015 0.073022 0.711832 0.075051 0.709924 0.076065 0.709924 0.077079 0.708015 0.078093 0.708015 0.079108 0.706107 0.080122 0.704198 0.080122 0.702290 0.081136 0.702290 0.083164 0.708015 0.083164 0.708015 0.082150 0.709924 0.081136 0.711832 0.081136 0.713740 0.080122 0.715649 0.080122 0.717557 0.079108 0.719466 0.079108 0.721374 0.078093 0.723282 0.078093 0.729008 0.075051 0.730916 0.075051 0.738550 0.070994 0.740458 0.070994 0.742366 0.069980 0.744275 0.069980 0.744275 0.067951 0.740458 0.067951 0.738550 0.068966 0.734733 0.066937 0.734733 0.063895
0 0.822519 0.040568 0.816794 0.043611 0.816794 0.044625 0.814885 0.045639 0.814885 0.050710 0.812977 0.051724 0.812977 0.052738 0.811069 0.053753 0.805344 0.053753 0.803435 0.054767 0.801527 0.053753 0.801527 0.052738 0.799618 0.051724 0.799618 0.049696 0.795802 0.049696 0.791985 0.047667 0.791985 0.043611 0.788168 0.043611 0.788168 0.045639 0.786260 0.046653 0.786260 0.050710 0.784351 0.051724 0.780534 0.051724 0.780534 0.053753 0.776718 0.055781 0.774809 0.055781 0.769084 0.058824 0.765267 0.058824 0.759542 0.055781 0.759542 0.049696 0.757634 0.048682 0.753817 0.048682 0.753817 0.049696 0.751908 0.050710 0.750000 0.050710 0.750000 0.052738 0.751908 0.053753 0.751908 0.064909 0.748092 0.066937 0.748092 0.074037 0.746183 0.075051 0.746183 0.079108 0.750000 0.079108 0.751908 0.078093 0.751908 0.077079 0.753817 0.076065 0.753817 0.075051 0.755725 0.074037 0.755725 0.072008 0.757634 0.070994 0.757634 0.067951 0.761450 0.065923 0.767176 0.065923 0.769084 0.064909 0.782443 0.064909 0.788168 0.067951 0.788168 0.068966 0.790076 0.069980 0.793893 0.069980 0.793893 0.068966 0.797710 0.066937 0.797710 0.062880 0.799618 0.061866 0.799618 0.060852 0.805344 0.057809 0.809160 0.057809 0.811069 0.058824 0.811069 0.059838 0.818702 0.059838 0.822519 0.061866 0.826336 0.061866 0.828244 0.062880 0.837786 0.062880 0.841603 0.064909 0.841603 0.066937 0.839695 0.067951 0.839695 0.069980 0.837786 0.070994 0.837786 0.074037 0.835878 0.075051 0.832061 0.075051 0.830153 0.076065 0.824427 0.076065 0.822519 0.077079 0.816794 0.077079 0.816794 0.078093 0.814885 0.079108 0.814885 0.081136 0.824427 0.081136 0.826336 0.080122 0.830153 0.080122 0.833969 0.078093 0.837786 0.078093 0.839695 0.077079 0.843511 0.077079 0.843511 0.072008 0.847328 0.069980 0.849237 0.069980 0.851145 0.070994 0.851145 0.072008 0.853053 0.073022 0.853053 0.077079 0.854962 0.078093 0.854962 0.082150 0.856870 0.083164 0.856870 0.085193 0.858779 0.086207 0.858779 0.089249 0.860687 0.090264 0.860687 0.094320 0.862595 0.095335 0.862595 0.097363 0.864504 0.098377 0.864504 0.101420 0.866412 0.102434 0.866412 0.105477 0.868321 0.106491 0.868321 0.109533 0.870229 0.110548 0.870229 0.111562 0.874046 0.113590 0.874046 0.115619 0.875954 0.116633 0.875954 0.118661 0.877863 0.119675 0.877863 0.123732 0.879771 0.124746 0.879771 0.126775 0.881679 0.127789 0.881679 0.129817 0.879771 0.130832 0.879771 0.136917 0.881679 0.137931 0.885496 0.137931 0.885496 0.124746 0.883588 0.123732 0.883588 0.118661 0.881679 0.117647 0.881679 0.113590 0.879771 0.112576 0.879771 0.105477 0.877863 0.104462 0.877863 0.103448 0.874046 0.101420 0.874046 0.099391 0.872137 0.098377 0.872137 0.090264 0.875954 0.088235 0.877863 0.088235 0.879771 0.087221 0.881679 0.087221 0.881679 0.085193 0.875954 0.085193 0.874046 0.084178 0.872137 0.084178 0.868321 0.082150 0.868321 0.081136 0.864504 0.079108 0.864504 0.078093 0.862595 0.077079 0.862595 0.075051 0.860687 0.074037 0.860687 0.072008 0.858779 0.070994 0.858779 0.065923 0.856870 0.064909 0.856870 0.063895 0.854962 0.062880 0.854962 0.061866 0.853053 0.060852 0.853053 0.059838 0.851145 0.058824 0.851145 0.048682 0.853053 0.047667 0.854962 0.047667 0.854962 0.045639 0.851145 0.045639 0.851145 0.046653 0.849237 0.047667 0.847328 0.047667 0.845420 0.046653 0.845420 0.044625 0.841603 0.044625 0.839695 0.045639 0.833969 0.045639 0.833969 0.046653 0.832061 0.047667 0.830153 0.047667 0.828244 0.048682 0.820611 0.048682 0.818702 0.047667 0.820611 0.046653 0.824427 0.046653 0.826336 0.045639 0.826336 0.040568
0 0.417939 0.033469 0.417939 0.034483 0.416031 0.035497 0.412214 0.035497 0.410305 0.036511 0.410305 0.041582 0.408397 0.042596 0.408397 0.044625 0.406489 0.045639 0.406489 0.047667 0.404580 0.048682 0.404580 0.049696 0.402672 0.050710 0.402672 0.051724 0.400763 0.052738 0.400763 0.053753 0.398855 0.054767 0.398855 0.056795 0.396947 0.057809 0.396947 0.060852 0.395038 0.061866 0.395038 0.063895 0.396947 0.064909 0.395038 0.065923 0.393130 0.065923 0.393130 0.067951 0.391221 0.068966 0.391221 0.073022 0.389313 0.074037 0.389313 0.076065 0.387405 0.077079 0.387405 0.091278 0.385496 0.092292 0.385496 0.095335 0.381679 0.097363 0.379771 0.097363 0.377863 0.098377 0.374046 0.098377 0.372137 0.099391 0.370229 0.099391 0.370229 0.100406 0.366412 0.102434 0.364504 0.101420 0.364504 0.100406 0.362595 0.099391 0.362595 0.096349 0.360687 0.095335 0.360687 0.093306 0.356870 0.093306 0.356870 0.099391 0.354962 0.100406 0.347328 0.100406 0.347328 0.102434 0.349237 0.103448 0.349237 0.104462 0.347328 0.105477 0.347328 0.106491 0.345420 0.107505 0.345420 0.109533 0.347328 0.110548 0.345420 0.111562 0.341603 0.111562 0.339695 0.112576 0.333969 0.109533 0.333969 0.108519 0.332061 0.107505 0.333969 0.106491 0.335878 0.106491 0.337786 0.105477 0.339695 0.105477 0.339695 0.103448 0.335878 0.103448 0.330153 0.100406 0.326336 0.100406 0.326336 0.101420 0.324427 0.102434 0.320611 0.100406 0.320611 0.097363 0.318702 0.096349 0.316794 0.096349 0.311069 0.093306 0.311069 0.089249 0.307252 0.089249 0.301527 0.092292 0.291985 0.092292 0.290076 0.091278 0.286260 0.091278 0.286260 0.093306 0.290076 0.095335 0.288168 0.096349 0.282443 0.096349 0.282443 0.098377 0.288168 0.101420 0.291985 0.101420 0.293893 0.102434 0.293893 0.105477 0.295802 0.106491 0.295802 0.107505 0.297710 0.107505 0.299618 0.108519 0.299618 0.109533 0.309160 0.109533 0.314885 0.112576 0.314885 0.115619 0.316794 0.116633 0.316794 0.118661 0.318702 0.119675 0.318702 0.121704 0.322519 0.121704 0.322519 0.119675 0.326336 0.117647 0.328244 0.118661 0.328244 0.122718 0.332061 0.122718 0.332061 0.119675 0.333969 0.118661 0.349237 0.118661 0.351145 0.119675 0.351145 0.123732 0.353053 0.124746 0.356870 0.124746 0.358779 0.125761 0.358779 0.126775 0.360687 0.127789 0.358779 0.128803 0.356870 0.128803 0.356870 0.129817 0.353053 0.131846 0.353053 0.133874 0.354962 0.134888 0.358779 0.134888 0.362595 0.136917 0.368321 0.136917 0.370229 0.135903 0.374046 0.137931 0.372137 0.138945 0.372137 0.139959 0.370229 0.140974 0.370229 0.141988 0.368321 0.143002 0.364504 0.143002 0.364504 0.145030 0.362595 0.146045 0.360687 0.145030 0.360687 0.143002 0.356870 0.140974 0.351145 0.140974 0.349237 0.139959 0.345420 0.139959 0.345420 0.140974 0.343511 0.141988 0.341603 0.141988 0.339695 0.140974 0.335878 0.140974 0.330153 0.137931 0.330153 0.135903 0.326336 0.135903 0.326336 0.136917 0.322519 0.138945 0.320611 0.138945 0.318702 0.137931 0.318702 0.130832 0.320611 0.129817 0.320611 0.125761 0.316794 0.125761 0.314885 0.126775 0.314885 0.132860 0.312977 0.133874 0.312977 0.137931 0.314885 0.137931 0.316794 0.138945 0.316794 0.139959 0.314885 0.140974 0.312977 0.139959 0.309160 0.139959 0.309160 0.141988 0.307252 0.143002 0.307252 0.145030 0.305344 0.146045 0.305344 0.147059 0.303435 0.148073 0.301527 0.148073 0.299618 0.147059 0.297710 0.147059 0.293893 0.145030 0.291985 0.145030 0.284351 0.140974 0.284351 0.137931 0.286260 0.136917 0.286260 0.132860 0.282443 0.132860 0.280534 0.133874 0.280534 0.135903 0.278626 0.136917 0.278626 0.137931 0.276718 0.138945 0.272901 0.136917 0.270992 0.136917 0.269084 0.135903 0.267176 0.135903 0.265267 0.134888 0.263359 0.134888 0.259542 0.132860 0.259542 0.128803 0.257634 0.128803 0.255725 0.127789 0.255725 0.126775 0.251908 0.126775 0.251908 0.128803 0.250000 0.129817 0.250000 0.133874 0.248092 0.134888 0.248092 0.136917 0.246183 0.137931 0.246183 0.140974 0.244275 0.141988 0.244275 0.145030 0.242366 0.146045 0.242366 0.150101 0.248092 0.150101 0.248092 0.149087 0.250000 0.148073 0.250000 0.147059 0.253817 0.145030 0.261450 0.145030 0.261450 0.144016 0.263359 0.143002 0.263359 0.141988 0.265267 0.140974 0.267176 0.140974 0.270992 0.143002 0.270992 0.144016 0.272901 0.145030 0.270992 0.146045 0.270992 0.148073 0.267176 0.150101 0.267176 0.153144 0.265267 0.154158 0.263359 0.154158 0.263359 0.157201 0.270992 0.157201 0.270992 0.156187 0.272901 0.155172 0.280534 0.155172 0.284351 0.157201 0.286260 0.157201 0.288168 0.158215 0.291985 0.158215 0.291985 0.152130 0.290076 0.151116 0.290076 0.150101 0.291985 0.149087 0.297710 0.149087 0.303435 0.152130 0.301527 0.153144 0.301527 0.154158 0.299618 0.155172 0.299618 0.158215 0.297710 0.159229 0.297710 0.164300 0.301527 0.164300 0.303435 0.163286 0.307252 0.165314 0.307252 0.170385 0.305344 0.171400 0.305344 0.173428 0.303435 0.174442 0.301527 0.174442 0.299618 0.173428 0.299618 0.170385 0.293893 0.170385 0.293893 0.173428 0.291985 0.174442 0.291985 0.176471 0.290076 0.177485 0.290076 0.179513 0.293893 0.179513 0.293893 0.178499 0.295802 0.177485 0.305344 0.177485 0.305344 0.175456 0.307252 0.174442 0.309160 0.174442 0.311069 0.173428 0.311069 0.171400 0.312977 0.170385 0.312977 0.169371 0.316794 0.167343 0.316794 0.159229 0.318702 0.158215 0.320611 0.158215 0.320611 0.156187 0.318702 0.155172 0.318702 0.152130 0.320611 0.151116 0.320611 0.150101 0.322519 0.149087 0.322519 0.148073 0.326336 0.146045 0.330153 0.146045 0.332061 0.145030 0.335878 0.147059 0.335878 0.153144 0.333969 0.154158 0.332061 0.154158 0.330153 0.155172 0.330153 0.156187 0.328244 0.157201 0.328244 0.158215 0.326336 0.159229 0.326336 0.161258 0.328244 0.162272 0.328244 0.163286 0.330153 0.164300 0.328244 0.165314 0.328244 0.168357 0.333969 0.168357 0.339695 0.171400 0.339695 0.172414 0.345420 0.172414 0.345420 0.168357 0.343511 0.168357 0.341603 0.167343 0.339695 0.167343 0.333969 0.164300 0.333969 0.163286 0.335878 0.162272 0.345420 0.162272 0.345420 0.161258 0.347328 0.160243 0.347328 0.158215 0.349237 0.157201 0.349237 0.147059 0.351145 0.146045 0.353053 0.147059 0.353053 0.148073 0.362595 0.148073 0.364504 0.149087 0.364504 0.150101 0.366412 0.151116 0.366412 0.152130 0.368321 0.153144 0.368321 0.155172 0.370229 0.156187 0.370229 0.157201 0.372137 0.158215 0.372137 0.167343 0.370229 0.168357 0.370229 0.169371 0.366412 0.171400 0.364504 0.171400 0.362595 0.172414 0.362595 0.177485 0.360687 0.178499 0.354962 0.178499 0.354962 0.182556 0.353053 0.183570 0.353053 0.187627 0.354962 0.187627 0.356870 0.188641 0.353053 0.190669 0.349237 0.190669 0.345420 0.192698 0.345420 0.194726 0.349237 0.194726 0.353053 0.192698 0.356870 0.194726 0.356870 0.196755 0.354962 0.197769 0.354962 0.199797 0.351145 0.201826 0.351145 0.204868 0.349237 0.205882 0.347328 0.205882 0.347328 0.210953 0.349237 0.210953 0.351145 0.211968 0.349237 0.212982 0.347328 0.212982 0.347328 0.217039 0.345420 0.218053 0.343511 0.217039 0.337786 0.217039 0.337786 0.224138 0.333969 0.226166 0.330153 0.226166 0.330153 0.227181 0.328244 0.228195 0.322519 0.228195 0.320611 0.229209 0.320611 0.233266 0.318702 0.234280 0.316794 0.233266 0.316794 0.232252 0.312977 0.232252 0.311069 0.233266 0.299618 0.233266 0.299618 0.234280 0.297710 0.235294 0.288168 0.235294 0.286260 0.236308 0.284351 0.236308 0.284351 0.239351 0.282443 0.240365 0.282443 0.242394 0.286260 0.242394 0.288168 0.243408 0.286260 0.244422 0.282443 0.244422 0.282443 0.247465 0.284351 0.248479 0.282443 0.249493 0.280534 0.249493 0.278626 0.248479 0.278626 0.247465 0.276718 0.247465 0.272901 0.245436 0.272901 0.243408 0.274809 0.242394 0.274809 0.239351 0.276718 0.238337 0.276718 0.235294 0.274809 0.234280 0.274809 0.232252 0.276718 0.231237 0.276718 0.229209 0.278626 0.228195 0.278626 0.223124 0.280534 0.222110 0.280534 0.217039 0.282443 0.216024 0.282443 0.215010 0.284351 0.213996 0.286260 0.213996 0.286260 0.211968 0.290076 0.209939 0.290076 0.206897 0.291985 0.205882 0.291985 0.204868 0.293893 0.203854 0.295802 0.203854 0.297710 0.202840 0.299618 0.202840 0.303435 0.200811 0.303435 0.198783 0.299618 0.196755 0.299618 0.195740 0.297710 0.194726 0.297710 0.193712 0.293893 0.193712 0.291985 0.192698 0.291985 0.184584 0.293893 0.183570 0.293893 0.181542 0.290076 0.181542 0.288168 0.182556 0.288168 0.183570 0.286260 0.184584 0.284351 0.184584 0.282443 0.183570 0.282443 0.182556 0.274809 0.182556 0.272901 0.183570 0.272901 0.184584 0.270992 0.185598 0.267176 0.185598 0.265267 0.184584 0.261450 0.184584 0.259542 0.185598 0.259542 0.187627 0.263359 0.189655 0.261450 0.190669 0.261450 0.192698 0.265267 0.192698 0.265267 0.191684 0.267176 0.190669 0.269084 0.191684 0.269084 0.194726 0.267176 0.195740 0.267176 0.199797 0.265267 0.200811 0.263359 0.200811 0.261450 0.201826 0.259542 0.201826 0.255725 0.199797 0.255725 0.189655 0.251908 0.189655 0.248092 0.191684 0.246183 0.191684 0.244275 0.192698 0.244275 0.193712 0.242366 0.194726 0.240458 0.194726 0.236641 0.192698 0.236641 0.191684 0.240458 0.189655 0.242366 0.189655 0.242366 0.187627 0.244275 0.186613 0.244275 0.185598 0.246183 0.184584 0.248092 0.184584 0.248092 0.181542 0.246183 0.180527 0.244275 0.180527 0.242366 0.179513 0.240458 0.179513 0.236641 0.177485 0.236641 0.175456 0.238550 0.174442 0.238550 0.170385 0.240458 0.169371 0.240458 0.168357 0.248092 0.164300 0.248092 0.161258 0.246183 0.160243 0.246183 0.158215 0.242366 0.156187 0.238550 0.156187 0.236641 0.157201 0.232824 0.157201 0.232824 0.160243 0.230916 0.161258 0.230916 0.163286 0.232824 0.164300 0.232824 0.171400 0.230916 0.172414 0.230916 0.173428 0.229008 0.174442 0.225191 0.172414 0.223282 0.172414 0.219466 0.170385 0.221374 0.169371 0.221374 0.167343 0.223282 0.166329 0.223282 0.164300 0.213740 0.164300 0.213740 0.165314 0.209924 0.167343 0.209924 0.169371 0.211832 0.170385 0.211832 0.172414 0.215649 0.172414 0.217557 0.173428 0.217557 0.175456 0.223282 0.175456 0.227099 0.177485 0.227099 0.179513 0.229008 0.180527 0.229008 0.182556 0.230916 0.183570 0.230916 0.186613 0.229008 0.187627 0.229008 0.190669 0.227099 0.191684 0.223282 0.191684 0.221374 0.190669 0.219466 0.190669 0.215649 0.188641 0.215649 0.185598 0.209924 0.185598 0.208015 0.184584 0.208015 0.183570 0.206107 0.182556 0.206107 0.181542 0.204198 0.180527 0.202290 0.180527 0.200382 0.179513 0.200382 0.178499 0.198473 0.177485 0.198473 0.174442 0.196565 0.173428 0.196565 0.172414 0.194656 0.171400 0.194656 0.169371 0.200382 0.166329 0.202290 0.166329 0.202290 0.164300 0.198473 0.162272 0.198473 0.161258 0.194656 0.159229 0.194656 0.157201 0.190840 0.155172 0.190840 0.154158 0.188931 0.153144 0.188931 0.152130 0.187023 0.151116 0.187023 0.150101 0.185115 0.149087 0.185115 0.148073 0.179389 0.148073 0.177481 0.149087 0.173664 0.149087 0.171756 0.148073 0.167939 0.148073 0.167939 0.152130 0.169847 0.153144 0.169847 0.158215 0.167939 0.159229 0.167939 0.161258 0.171756 0.163286 0.171756 0.164300 0.173664 0.164300 0.177481 0.166329 0.177481 0.167343 0.179389 0.168357 0.179389 0.176471 0.183206 0.176471 0.185115 0.177485 0.185115 0.179513 0.183206 0.180527 0.173664 0.180527 0.171756 0.179513 0.171756 0.176471 0.169847 0.175456 0.166031 0.175456 0.164122 0.174442 0.164122 0.171400 0.162214 0.170385 0.158397 0.170385 0.156489 0.169371 0.156489 0.168357 0.152672 0.168357 0.150763 0.167343 0.150763 0.166329 0.148855 0.165314 0.145038 0.165314 0.145038 0.168357 0.146947 0.169371 0.150763 0.169371 0.152672 0.170385 0.152672 0.171400 0.156489 0.173428 0.154580 0.174442 0.154580 0.175456 0.152672 0.176471 0.150763 0.176471 0.150763 0.178499 0.154580 0.180527 0.156489 0.180527 0.160305 0.182556 0.164122 0.182556 0.166031 0.181542 0.167939 0.181542 0.169847 0.180527 0.171756 0.180527 0.173664 0.181542 0.173664 0.183570 0.181298 0.183570 0.183206 0.184584 0.185115 0.184584 0.187023 0.185598 0.187023 0.187627 0.188931 0.187627 0.192748 0.189655 0.192748 0.190669 0.194656 0.190669 0.196565 0.191684 0.198473 0.191684 0.202290 0.193712 0.208015 0.193712 0.208015 0.191684 0.209924 0.190669 0.211832 0.190669 0.213740 0.191684 0.211832 0.192698 0.211832 0.196755 0.213740 0.196755 0.215649 0.197769 0.215649 0.198783 0.217557 0.198783 0.221374 0.200811 0.221374 0.201826 0.219466 0.202840 0.219466 0.204868 0.217557 0.205882 0.217557 0.208925 0.219466 0.209939 0.219466 0.210953 0.223282 0.210953 0.229008 0.213996 0.229008 0.220081 0.230916 0.221095 0.230916 0.225152 0.232824 0.226166 0.232824 0.231237 0.234733 0.232252 0.234733 0.233266 0.232824 0.234280 0.232824 0.236308 0.230916 0.237323 0.230916 0.241379 0.232824 0.242394 0.230916 0.243408 0.230916 0.249493 0.234733 0.249493 0.234733 0.248479 0.236641 0.247465 0.240458 0.247465 0.240458 0.245436 0.242366 0.244422 0.242366 0.240365 0.240458 0.239351 0.240458 0.235294 0.238550 0.234280 0.238550 0.233266 0.240458 0.232252 0.244275 0.232252 0.246183 0.233266 0.251908 0.233266 0.253817 0.234280 0.253817 0.235294 0.255725 0.236308 0.255725 0.240365 0.259542 0.240365 0.261450 0.241379 0.261450 0.242394 0.263359 0.243408 0.261450 0.244422 0.261450 0.253550 0.259542 0.254564 0.257634 0.253550 0.257634 0.243408 0.253817 0.243408 0.253817 0.244422 0.251908 0.245436 0.248092 0.245436 0.248092 0.247465 0.250000 0.247465 0.253817 0.249493 0.253817 0.257606 0.255725 0.258621 0.255725 0.269777 0.257634 0.270791 0.257634 0.271805 0.255725 0.272819 0.251908 0.272819 0.250000 0.273834 0.244275 0.273834 0.242366 0.272819 0.244275 0.271805 0.246183 0.271805 0.246183 0.268763 0.244275 0.267748 0.244275 0.265720 0.242366 0.265720 0.240458 0.264706 0.232824 0.264706 0.232824 0.271805 0.230916 0.272819 0.230916 0.273834 0.229008 0.274848 0.229008 0.276876 0.223282 0.279919 0.223282 0.281947 0.230916 0.281947 0.230916 0.280933 0.232824 0.279919 0.234733 0.279919 0.236641 0.280933 0.236641 0.282961 0.238550 0.283976 0.238550 0.284990 0.236641 0.286004 0.234733 0.286004 0.234733 0.289047 0.238550 0.291075 0.236641 0.292089 0.230916 0.292089 0.230916 0.294118 0.232824 0.295132 0.232824 0.297160 0.234733 0.297160 0.238550 0.299189 0.238550 0.301217 0.240458 0.302231 0.238550 0.303245 0.238550 0.306288 0.240458 0.307302 0.244275 0.307302 0.246183 0.306288 0.246183 0.305274 0.251908 0.302231 0.253817 0.302231 0.255725 0.303245 0.255725 0.305274 0.257634 0.305274 0.259542 0.306288 0.259542 0.307302 0.257634 0.308316 0.253817 0.308316 0.253817 0.310345 0.257634 0.310345 0.259542 0.311359 0.259542 0.315416 0.261450 0.316430 0.261450 0.321501 0.257634 0.323529 0.255725 0.323529 0.253817 0.324544 0.253817 0.328600 0.248092 0.331643 0.244275 0.331643 0.244275 0.337728 0.242366 0.338742 0.240458 0.337728 0.240458 0.336714 0.236641 0.336714 0.234733 0.337728 0.232824 0.337728 0.230916 0.336714 0.227099 0.336714 0.227099 0.338742 0.229008 0.339757 0.227099 0.340771 0.223282 0.340771 0.221374 0.339757 0.221374 0.338742 0.219466 0.337728 0.213740 0.337728 0.211832 0.336714 0.211832 0.334686 0.206107 0.334686 0.206107 0.336714 0.204198 0.337728 0.202290 0.336714 0.202290 0.334686 0.200382 0.333671 0.200382 0.322515 0.202290 0.321501 0.202290 0.319473 0.206107 0.317444 0.206107 0.315416 0.202290 0.315416 0.198473 0.317444 0.192748 0.317444 0.190840 0.318458 0.188931 0.318458 0.187023 0.317444 0.175573 0.317444 0.173664 0.316430 0.173664 0.314402 0.175573 0.313387 0.175573 0.312373 0.177481 0.311359 0.179389 0.311359 0.181298 0.310345 0.181298 0.306288 0.175573 0.306288 0.175573 0.309331 0.173664 0.310345 0.169847 0.310345 0.164122 0.313387 0.164122 0.314402 0.162214 0.315416 0.162214 0.316430 0.160305 0.317444 0.160305 0.318458 0.158397 0.319473 0.158397 0.320487 0.152672 0.323529 0.150763 0.323529 0.148855 0.324544 0.146947 0.324544 0.146947 0.326572 0.152672 0.326572 0.154580 0.327586 0.152672 0.328600 0.150763 0.328600 0.150763 0.330629 0.148855 0.331643 0.148855 0.332657 0.146947 0.333671 0.146947 0.334686 0.145038 0.335700 0.145038 0.336714 0.143130 0.337728 0.143130 0.338742 0.141221 0.339757 0.141221 0.340771 0.137405 0.342799 0.137405 0.345842 0.143130 0.345842 0.145038 0.344828 0.146947 0.345842 0.146947 0.346856 0.152672 0.346856 0.152672 0.344828 0.154580 0.343813 0.160305 0.343813 0.160305 0.341785 0.164122 0.339757 0.167939 0.339757 0.173664 0.342799 0.173664 0.343813 0.175573 0.344828 0.177481 0.344828 0.179389 0.345842 0.179389 0.347870 0.188931 0.347870 0.188931 0.346856 0.192748 0.344828 0.196565 0.344828 0.198473 0.343813 0.204198 0.343813 0.206107 0.344828 0.206107 0.350913 0.211832 0.350913 0.211832 0.349899 0.215649 0.347870 0.217557 0.348884 0.219466 0.348884 0.221374 0.349899 0.223282 0.349899 0.225191 0.350913 0.225191 0.352941 0.229008 0.352941 0.232824 0.350913 0.234733 0.351927 0.234733 0.355984 0.236641 0.356998 0.236641 0.358012 0.240458 0.358012 0.240458 0.356998 0.242366 0.355984 0.244275 0.355984 0.246183 0.356998 0.246183 0.358012 0.248092 0.359026 0.248092 0.361055 0.250000 0.362069 0.250000 0.367140 0.255725 0.367140 0.255725 0.364097 0.257634 0.363083 0.259542 0.363083 0.259542 0.360041 0.261450 0.359026 0.261450 0.358012 0.263359 0.356998 0.263359 0.355984 0.265267 0.354970 0.267176 0.354970 0.267176 0.353955 0.270992 0.351927 0.272901 0.351927 0.274809 0.352941 0.274809 0.356998 0.276718 0.358012 0.274809 0.359026 0.272901 0.359026 0.272901 0.360041 0.270992 0.361055 0.270992 0.363083 0.265267 0.366126 0.263359 0.366126 0.263359 0.368154 0.261450 0.369168 0.261450 0.370183 0.257634 0.372211 0.255725 0.372211 0.255725 0.375254 0.253817 0.376268 0.250000 0.376268 0.250000 0.379310 0.251908 0.379310 0.253817 0.380325 0.253817 0.381339 0.255725 0.382353 0.251908 0.384381 0.251908 0.385396 0.250000 0.386410 0.246183 0.386410 0.244275 0.385396 0.244275 0.383367 0.246183 0.382353 0.246183 0.380325 0.242366 0.380325 0.240458 0.381339 0.238550 0.381339 0.238550 0.382353 0.236641 0.383367 0.236641 0.384381 0.234733 0.385396 0.234733 0.386410 0.232824 0.387424 0.230916 0.387424 0.230916 0.392495 0.232824 0.393509 0.240458 0.393509 0.240458 0.392495 0.242366 0.391481 0.246183 0.391481 0.246183 0.390467 0.248092 0.389452 0.251908 0.389452 0.253817 0.388438 0.253817 0.387424 0.257634 0.385396 0.259542 0.385396 0.261450 0.384381 0.263359 0.384381 0.263359 0.383367 0.269084 0.380325 0.270992 0.381339 0.270992 0.383367 0.267176 0.385396 0.267176 0.388438 0.270992 0.388438 0.272901 0.387424 0.280534 0.387424 0.280534 0.383367 0.276718 0.381339 0.276718 0.380325 0.274809 0.379310 0.274809 0.376268 0.276718 0.375254 0.276718 0.374239 0.280534 0.372211 0.282443 0.373225 0.291985 0.373225 0.293893 0.374239 0.295802 0.374239 0.299618 0.376268 0.299618 0.377282 0.301527 0.378296 0.301527 0.379310 0.303435 0.379310 0.305344 0.380325 0.312977 0.380325 0.312977 0.368154 0.307252 0.368154 0.305344 0.369168 0.301527 0.369168 0.297710 0.367140 0.297710 0.366126 0.301527 0.364097 0.301527 0.362069 0.299618 0.361055 0.299618 0.360041 0.303435 0.358012 0.305344 0.358012 0.307252 0.359026 0.307252 0.360041 0.311069 0.360041 0.316794 0.363083 0.316794 0.366126 0.320611 0.366126 0.324427 0.368154 0.324427 0.369168 0.326336 0.370183 0.330153 0.370183 0.332061 0.371197 0.332061 0.373225 0.337786 0.373225 0.339695 0.374239 0.339695 0.375254 0.341603 0.376268 0.341603 0.377282 0.343511 0.378296 0.343511 0.381339 0.347328 0.381339 0.349237 0.382353 0.347328 0.383367 0.347328 0.387424 0.351145 0.387424 0.353053 0.388438 0.353053 0.389452 0.358779 0.392495 0.362595 0.392495 0.364504 0.391481 0.366412 0.392495 0.366412 0.393509 0.370229 0.393509 0.372137 0.392495 0.372137 0.390467 0.374046 0.389452 0.377863 0.391481 0.377863 0.393509 0.379771 0.394523 0.374046 0.397566 0.374046 0.401623 0.370229 0.403651 0.364504 0.400609 0.364504 0.397566 0.358779 0.397566 0.358779 0.400609 0.360687 0.401623 0.360687 0.402637 0.362595 0.403651 0.362595 0.404665 0.364504 0.405680 0.364504 0.409736 0.366412 0.410751 0.366412 0.415822 0.370229 0.415822 0.372137 0.416836 0.372137 0.419878 0.374046 0.420892 0.370229 0.422921 0.368321 0.422921 0.366412 0.421907 0.360687 0.421907 0.356870 0.419878 0.356870 0.414807 0.349237 0.414807 0.349237 0.419878 0.354962 0.422921 0.354962 0.424949 0.370229 0.424949 0.372137 0.425963 0.372137 0.426978 0.381679 0.426978 0.385496 0.429006 0.381679 0.431034 0.381679 0.434077 0.383588 0.435091 0.383588 0.438134 0.385496 0.439148 0.385496 0.441176 0.387405 0.442191 0.389313 0.442191 0.391221 0.443205 0.389313 0.444219 0.387405 0.444219 0.387405 0.446247 0.389313 0.446247 0.391221 0.447262 0.391221 0.448276 0.393130 0.449290 0.393130 0.455375 0.396947 0.455375 0.398855 0.456389 0.398855 0.457404 0.396947 0.458418 0.395038 0.458418 0.395038 0.468560 0.396947 0.468560 0.398855 0.469574 0.398855 0.470588 0.400763 0.471602 0.400763 0.478702 0.402672 0.479716 0.402672 0.482759 0.404580 0.483773 0.404580 0.497972 0.406489 0.498986 0.406489 0.500000 0.404580 0.501014 0.404580 0.508114 0.402672 0.509128 0.402672 0.514199 0.400763 0.515213 0.400763 0.518256 0.402672 0.519270 0.402672 0.521298 0.404580 0.522312 0.404580 0.527383 0.406489 0.528398 0.406489 0.532454 0.408397 0.533469 0.408397 0.543611 0.410305 0.544625 0.410305 0.548682 0.412214 0.549696 0.412214 0.558824 0.414122 0.559838 0.414122 0.561866 0.417939 0.561866 0.419847 0.562880 0.419847 0.565923 0.421756 0.566937 0.421756 0.569980 0.419847 0.570994 0.414122 0.570994 0.414122 0.573022 0.416031 0.574037 0.416031 0.585193 0.419847 0.585193 0.421756 0.584178 0.423664 0.584178 0.425573 0.585193 0.425573 0.586207 0.423664 0.587221 0.421756 0.587221 0.421756 0.588235 0.419847 0.589249 0.417939 0.589249 0.414122 0.591278 0.410305 0.589249 0.404580 0.589249 0.402672 0.588235 0.402672 0.587221 0.400763 0.586207 0.400763 0.584178 0.396947 0.584178 0.396947 0.587221 0.398855 0.588235 0.398855 0.594320 0.402672 0.594320 0.404580 0.595335 0.396947 0.599391 0.395038 0.599391 0.393130 0.598377 0.387405 0.598377 0.387405 0.602434 0.389313 0.602434 0.391221 0.603448 0.391221 0.605477 0.395038 0.605477 0.395038 0.603448 0.396947 0.602434 0.396947 0.601420 0.398855 0.600406 0.400763 0.600406 0.402672 0.601420 0.402672 0.604462 0.404580 0.605477 0.404580 0.607505 0.406489 0.608519 0.406489 0.611562 0.408397 0.612576 0.408397 0.614604 0.410305 0.615619 0.410305 0.619675 0.412214 0.620690 0.412214 0.623732 0.414122 0.624746 0.414122 0.628803 0.416031 0.629817 0.416031 0.631846 0.419847 0.631846 0.419847 0.629817 0.421756 0.628803 0.421756 0.626775 0.423664 0.625761 0.423664 0.622718 0.425573 0.621704 0.425573 0.619675 0.419847 0.619675 0.417939 0.618661 0.417939 0.615619 0.416031 0.614604 0.416031 0.609533 0.414122 0.608519 0.414122 0.603448 0.412214 0.602434 0.412214 0.601420 0.410305 0.600406 0.410305 0.597363 0.412214 0.596349 0.414122 0.596349 0.416031 0.595335 0.417939 0.596349 0.417939 0.597363 0.419847 0.598377 0.419847 0.604462 0.423664 0.604462 0.423664 0.600406 0.425573 0.599391 0.427481 0.600406 0.427481 0.607505 0.429389 0.608519 0.429389 0.610548 0.431298 0.611562 0.431298 0.615619 0.433206 0.616633 0.433206 0.618661 0.431298 0.619675 0.431298 0.622718 0.437023 0.622718 0.438931 0.621704 0.440840 0.622718 0.440840 0.623732 0.438931 0.624746 0.438931 0.627789 0.437023 0.628803 0.437023 0.631846 0.433206 0.633874 0.433206 0.636917 0.431298 0.637931 0.427481 0.637931 0.427481 0.639959 0.433206 0.639959 0.435115 0.640974 0.435115 0.641988 0.437023 0.643002 0.437023 0.646045 0.435115 0.647059 0.435115 0.651116 0.437023 0.651116 0.438931 0.652130 0.437023 0.653144 0.435115 0.653144 0.435115 0.655172 0.438931 0.655172 0.440840 0.656187 0.440840 0.657201 0.438931 0.658215 0.438931 0.659229 0.437023 0.660243 0.435115 0.660243 0.435115 0.662272 0.431298 0.664300 0.417939 0.664300 0.416031 0.665314 0.414122 0.665314 0.414122 0.669371 0.412214 0.670385 0.412214 0.671400 0.410305 0.672414 0.408397 0.671400 0.408397 0.668357 0.404580 0.668357 0.404580 0.671400 0.400763 0.673428 0.400763 0.676471 0.398855 0.677485 0.398855 0.686613 0.400763 0.687627 0.400763 0.689655 0.402672 0.690669 0.402672 0.693712 0.404580 0.694726 0.404580 0.695740 0.406489 0.696755 0.406489 0.697769 0.410305 0.697769 0.410305 0.695740 0.412214 0.694726 0.414122 0.695740 0.414122 0.698783 0.412214 0.699797 0.410305 0.699797 0.410305 0.702840 0.412214 0.703854 0.412214 0.704868 0.410305 0.705882 0.406489 0.703854 0.406489 0.701826 0.400763 0.701826 0.400763 0.703854 0.402672 0.704868 0.402672 0.706897 0.404580 0.707911 0.404580 0.708925 0.402672 0.709939 0.398855 0.707911 0.398855 0.705882 0.396947 0.704868 0.396947 0.702840 0.395038 0.701826 0.391221 0.701826 0.389313 0.702840 0.387405 0.701826 0.387405 0.700811 0.389313 0.699797 0.389313 0.697769 0.393130 0.695740 0.393130 0.693712 0.395038 0.692698 0.396947 0.692698 0.396947 0.690669 0.395038 0.689655 0.395038 0.688641 0.391221 0.688641 0.389313 0.687627 0.391221 0.686613 0.391221 0.685598 0.393130 0.684584 0.393130 0.680527 0.389313 0.680527 0.389313 0.681542 0.387405 0.682556 0.387405 0.683570 0.385496 0.684584 0.385496 0.685598 0.383588 0.686613 0.383588 0.688641 0.377863 0.691684 0.375954 0.691684 0.374046 0.690669 0.377863 0.688641 0.377863 0.686613 0.379771 0.685598 0.379771 0.682556 0.381679 0.681542 0.381679 0.679513 0.385496 0.677485 0.385496 0.672414 0.387405 0.671400 0.389313 0.671400 0.391221 0.670385 0.393130 0.670385 0.395038 0.669371 0.395038 0.668357 0.398855 0.666329 0.404580 0.666329 0.404580 0.664300 0.400763 0.664300 0.398855 0.663286 0.398855 0.658215 0.395038 0.658215 0.391221 0.660243 0.387405 0.660243 0.385496 0.661258 0.381679 0.661258 0.379771 0.660243 0.377863 0.660243 0.375954 0.659229 0.372137 0.659229 0.370229 0.658215 0.368321 0.658215 0.366412 0.657201 0.364504 0.657201 0.360687 0.655172 0.358779 0.655172 0.347328 0.649087 0.345420 0.649087 0.337786 0.645030 0.335878 0.645030 0.322519 0.637931 0.318702 0.637931 0.318702 0.639959 0.316794 0.640974 0.316794 0.643002 0.318702 0.644016 0.320611 0.644016 0.322519 0.645030 0.324427 0.645030 0.326336 0.646045 0.328244 0.646045 0.332061 0.648073 0.333969 0.648073 0.337786 0.650101 0.339695 0.650101 0.341603 0.651116 0.343511 0.651116 0.366412 0.663286 0.366412 0.665314 0.364504 0.666329 0.362595 0.666329 0.360687 0.667343 0.351145 0.667343 0.349237 0.666329 0.333969 0.666329 0.333969 0.669371 0.332061 0.670385 0.328244 0.670385 0.326336 0.671400 0.316794 0.671400 0.314885 0.672414 0.311069 0.672414 0.309160 0.671400 0.297710 0.671400 0.297710 0.673428 0.295802 0.674442 0.291985 0.674442 0.290076 0.675456 0.278626 0.675456 0.276718 0.676471 0.253817 0.676471 0.253817 0.681542 0.257634 0.681542 0.259542 0.680527 0.265267 0.680527 0.267176 0.679513 0.272901 0.679513 0.274809 0.678499 0.330153 0.678499 0.332061 0.679513 0.341603 0.679513 0.343511 0.680527 0.343511 0.681542 0.339695 0.683570 0.337786 0.683570 0.335878 0.684584 0.335878 0.686613 0.332061 0.688641 0.332061 0.689655 0.330153 0.690669 0.326336 0.690669 0.324427 0.691684 0.320611 0.691684 0.318702 0.692698 0.312977 0.692698 0.311069 0.693712 0.307252 0.693712 0.305344 0.694726 0.293893 0.694726 0.291985 0.693712 0.293893 0.692698 0.299618 0.692698 0.299618 0.690669 0.297710 0.689655 0.290076 0.689655 0.288168 0.688641 0.278626 0.688641 0.276718 0.687627 0.255725 0.687627 0.253817 0.686613 0.238550 0.686613 0.236641 0.685598 0.232824 0.685598 0.230916 0.684584 0.230916 0.682556 0.223282 0.682556 0.221374 0.683570 0.213740 0.683570 0.211832 0.684584 0.209924 0.683570 0.204198 0.683570 0.202290 0.682556 0.198473 0.682556 0.196565 0.681542 0.192748 0.681542 0.190840 0.680527 0.188931 0.680527 0.185115 0.678499 0.185115 0.676471 0.169847 0.676471 0.167939 0.675456 0.156489 0.675456 0.154580 0.674442 0.152672 0.674442 0.150763 0.673428 0.148855 0.673428 0.146947 0.672414 0.145038 0.672414 0.141221 0.670385 0.139313 0.670385 0.135496 0.668357 0.133588 0.668357 0.131679 0.667343 0.127863 0.667343 0.127863 0.670385 0.131679 0.672414 0.127863 0.674442 0.125954 0.674442 0.125954 0.676471 0.127863 0.676471 0.129771 0.677485 0.141221 0.677485 0.143130 0.678499 0.150763 0.678499 0.152672 0.679513 0.162214 0.679513 0.164122 0.680527 0.171756 0.680527 0.173664 0.681542 0.175573 0.681542 0.177481 0.682556 0.179389 0.682556 0.181298 0.683570 0.183206 0.683570 0.185115 0.684584 0.187023 0.684584 0.188931 0.685598 0.190840 0.685598 0.192748 0.686613 0.194656 0.686613 0.196565 0.687627 0.198473 0.687627 0.200382 0.688641 0.202290 0.688641 0.204198 0.689655 0.206107 0.689655 0.208015 0.690669 0.209924 0.690669 0.211832 0.691684 0.215649 0.691684 0.217557 0.692698 0.219466 0.692698 0.221374 0.693712 0.223282 0.693712 0.225191 0.694726 0.229008 0.694726 0.229008 0.692698 0.227099 0.692698 0.225191 0.691684 0.227099 0.690669 0.236641 0.690669 0.238550 0.691684 0.246183 0.691684 0.248092 0.692698 0.255725 0.692698 0.257634 0.693712 0.261450 0.693712 0.263359 0.694726 0.269084 0.694726 0.270992 0.695740 0.278626 0.695740 0.280534 0.696755 0.282443 0.696755 0.284351 0.697769 0.286260 0.697769 0.290076 0.699797 0.290076 0.700811 0.288168 0.701826 0.286260 0.701826 0.284351 0.702840 0.282443 0.702840 0.280534 0.703854 0.276718 0.703854 0.274809 0.704868 0.270992 0.704868 0.269084 0.703854 0.267176 0.703854 0.265267 0.702840 0.261450 0.702840 0.261450 0.705882 0.259542 0.706897 0.257634 0.706897 0.255725 0.707911 0.238550 0.707911 0.238550 0.708925 0.230916 0.712982 0.229008 0.712982 0.225191 0.715010 0.223282 0.715010 0.217557 0.718053 0.215649 0.718053 0.215649 0.720081 0.225191 0.720081 0.225191 0.718053 0.229008 0.716024 0.230916 0.716024 0.232824 0.715010 0.234733 0.715010 0.236641 0.713996 0.240458 0.713996 0.242366 0.712982 0.244275 0.712982 0.246183 0.711968 0.251908 0.711968 0.253817 0.710953 0.255725 0.710953 0.257634 0.709939 0.259542 0.709939 0.261450 0.708925 0.267176 0.708925 0.269084 0.707911 0.270992 0.708925 0.282443 0.708925 0.286260 0.710953 0.286260 0.711968 0.280534 0.715010 0.278626 0.715010 0.272901 0.718053 0.270992 0.718053 0.269084 0.719067 0.263359 0.719067 0.261450 0.720081 0.261450 0.721095 0.257634 0.723124 0.255725 0.723124 0.253817 0.724138 0.251908 0.724138 0.250000 0.725152 0.248092 0.725152 0.246183 0.726166 0.246183 0.728195 0.248092 0.729209 0.248092 0.730223 0.251908 0.730223 0.261450 0.725152 0.263359 0.725152 0.270992 0.721095 0.272901 0.721095 0.276718 0.719067 0.280534 0.719067 0.282443 0.718053 0.290076 0.718053 0.291985 0.717039 0.295802 0.717039 0.297710 0.718053 0.297710 0.719067 0.295802 0.720081 0.295802 0.721095 0.293893 0.722110 0.293893 0.724138 0.291985 0.725152 0.291985 0.728195 0.295802 0.728195 0.295802 0.727181 0.297710 0.726166 0.297710 0.725152 0.301527 0.723124 0.305344 0.723124 0.307252 0.724138 0.301527 0.727181 0.301527 0.729209 0.305344 0.729209 0.307252 0.728195 0.309160 0.728195 0.311069 0.727181 0.312977 0.727181 0.312977 0.725152 0.311069 0.724138 0.307252 0.724138 0.305344 0.723124 0.309160 0.721095 0.311069 0.722110 0.314885 0.722110 0.316794 0.721095 0.318702 0.721095 0.320611 0.722110 0.320611 0.725152 0.324427 0.725152 0.326336 0.726166 0.326336 0.729209 0.330153 0.729209 0.333969 0.727181 0.343511 0.727181 0.345420 0.728195 0.345420 0.729209 0.354962 0.729209 0.354962 0.724138 0.356870 0.723124 0.356870 0.722110 0.358779 0.721095 0.358779 0.720081 0.362595 0.718053 0.364504 0.718053 0.366412 0.717039 0.370229 0.717039 0.372137 0.718053 0.372137 0.724138 0.370229 0.725152 0.370229 0.727181 0.368321 0.728195 0.368321 0.730223 0.364504 0.732252 0.364504 0.735294 0.362595 0.736308 0.362595 0.738337 0.358779 0.740365 0.358779 0.742394 0.356870 0.743408 0.356870 0.744422 0.354962 0.745436 0.354962 0.746450 0.353053 0.747465 0.353053 0.748479 0.351145 0.749493 0.351145 0.750507 0.349237 0.751521 0.349237 0.752535 0.347328 0.753550 0.347328 0.754564 0.345420 0.755578 0.345420 0.756592 0.343511 0.757606 0.343511 0.760649 0.339695 0.762677 0.339695 0.763692 0.337786 0.764706 0.333969 0.764706 0.332061 0.765720 0.332061 0.766734 0.330153 0.767748 0.330153 0.770791 0.333969 0.770791 0.341603 0.766734 0.343511 0.767748 0.356870 0.767748 0.358779 0.768763 0.362595 0.768763 0.364504 0.769777 0.368321 0.769777 0.370229 0.770791 0.374046 0.770791 0.375954 0.771805 0.379771 0.771805 0.381679 0.772819 0.385496 0.772819 0.389313 0.774848 0.395038 0.774848 0.396947 0.775862 0.396947 0.776876 0.400763 0.776876 0.400763 0.775862 0.402672 0.774848 0.410305 0.774848 0.412214 0.775862 0.416031 0.775862 0.417939 0.774848 0.419847 0.774848 0.421756 0.775862 0.421756 0.777890 0.423664 0.778905 0.423664 0.780933 0.421756 0.781947 0.419847 0.780933 0.419847 0.779919 0.416031 0.779919 0.416031 0.781947 0.417939 0.782961 0.417939 0.784990 0.419847 0.786004 0.419847 0.788032 0.421756 0.789047 0.421756 0.791075 0.423664 0.792089 0.423664 0.794118 0.421756 0.795132 0.421756 0.797160 0.423664 0.798174 0.423664 0.799189 0.421756 0.800203 0.414122 0.800203 0.412214 0.801217 0.393130 0.801217 0.391221 0.800203 0.372137 0.800203 0.370229 0.799189 0.362595 0.799189 0.360687 0.798174 0.354962 0.798174 0.353053 0.797160 0.349237 0.797160 0.345420 0.795132 0.345420 0.792089 0.337786 0.792089 0.335878 0.791075 0.330153 0.791075 0.328244 0.790061 0.326336 0.790061 0.320611 0.787018 0.318702 0.787018 0.312977 0.783976 0.312977 0.782961 0.311069 0.781947 0.312977 0.780933 0.314885 0.780933 0.316794 0.781947 0.341603 0.781947 0.341603 0.779919 0.339695 0.779919 0.337786 0.778905 0.322519 0.778905 0.320611 0.777890 0.320611 0.776876 0.322519 0.775862 0.324427 0.775862 0.324427 0.773834 0.320611 0.773834 0.320611 0.775862 0.318702 0.776876 0.316794 0.775862 0.312977 0.775862 0.311069 0.776876 0.309160 0.776876 0.305344 0.778905 0.301527 0.778905 0.299618 0.777890 0.291985 0.777890 0.290076 0.776876 0.284351 0.776876 0.280534 0.774848 0.280534 0.773834 0.278626 0.772819 0.278626 0.768763 0.274809 0.768763 0.274809 0.769777 0.272901 0.770791 0.270992 0.770791 0.269084 0.769777 0.269084 0.762677 0.265267 0.762677 0.265267 0.765720 0.261450 0.767748 0.255725 0.764706 0.251908 0.764706 0.251908 0.766734 0.250000 0.767748 0.248092 0.767748 0.246183 0.766734 0.244275 0.766734 0.242366 0.765720 0.240458 0.765720 0.238550 0.764706 0.234733 0.764706 0.234733 0.765720 0.232824 0.766734 0.225191 0.766734 0.223282 0.765720 0.221374 0.765720 0.217557 0.763692 0.213740 0.763692 0.211832 0.762677 0.208015 0.762677 0.206107 0.761663 0.204198 0.761663 0.202290 0.760649 0.198473 0.760649 0.196565 0.759635 0.192748 0.759635 0.190840 0.758621 0.187023 0.758621 0.185115 0.757606 0.181298 0.757606 0.179389 0.756592 0.171756 0.756592 0.169847 0.755578 0.166031 0.755578 0.162214 0.753550 0.160305 0.753550 0.156489 0.751521 0.154580 0.751521 0.152672 0.750507 0.152672 0.748479 0.154580 0.747465 0.173664 0.747465 0.173664 0.746450 0.175573 0.745436 0.183206 0.745436 0.185115 0.746450 0.204198 0.746450 0.206107 0.747465 0.208015 0.747465 0.209924 0.748479 0.211832 0.748479 0.213740 0.749493 0.215649 0.749493 0.217557 0.750507 0.221374 0.750507 0.221374 0.749493 0.225191 0.747465 0.230916 0.747465 0.230916 0.745436 0.209924 0.745436 0.208015 0.744422 0.204198 0.744422 0.202290 0.743408 0.198473 0.743408 0.196565 0.744422 0.185115 0.744422 0.183206 0.743408 0.162214 0.743408 0.160305 0.742394 0.150763 0.742394 0.148855 0.741379 0.133588 0.741379 0.131679 0.740365 0.114504 0.740365 0.112595 0.739351 0.103053 0.739351 0.103053 0.741379 0.112595 0.741379 0.114504 0.742394 0.120229 0.742394 0.122137 0.743408 0.124046 0.743408 0.127863 0.745436 0.127863 0.746450 0.129771 0.747465 0.135496 0.747465 0.135496 0.745436 0.139313 0.743408 0.141221 0.744422 0.148855 0.744422 0.150763 0.745436 0.148855 0.746450 0.141221 0.746450 0.141221 0.749493 0.145038 0.749493 0.146947 0.750507 0.150763 0.750507 0.152672 0.751521 0.152672 0.753550 0.150763 0.754564 0.148855 0.754564 0.146947 0.753550 0.131679 0.753550 0.131679 0.755578 0.141221 0.755578 0.143130 0.756592 0.154580 0.756592 0.156489 0.757606 0.164122 0.757606 0.166031 0.758621 0.171756 0.758621 0.175573 0.760649 0.177481 0.760649 0.179389 0.761663 0.181298 0.761663 0.185115 0.763692 0.183206 0.764706 0.167939 0.764706 0.167939 0.766734 0.179389 0.766734 0.181298 0.767748 0.190840 0.767748 0.192748 0.768763 0.198473 0.768763 0.200382 0.769777 0.202290 0.769777 0.204198 0.770791 0.206107 0.770791 0.208015 0.771805 0.209924 0.771805 0.211832 0.772819 0.213740 0.772819 0.219466 0.775862 0.217557 0.776876 0.215649 0.776876 0.213740 0.775862 0.209924 0.775862 0.208015 0.774848 0.204198 0.774848 0.202290 0.773834 0.198473 0.773834 0.196565 0.772819 0.192748 0.772819 0.190840 0.771805 0.187023 0.771805 0.185115 0.770791 0.177481 0.770791 0.175573 0.769777 0.167939 0.769777 0.166031 0.768763 0.160305 0.768763 0.158397 0.767748 0.154580 0.767748 0.152672 0.766734 0.141221 0.766734 0.139313 0.765720 0.131679 0.765720 0.129771 0.764706 0.124046 0.764706 0.122137 0.763692 0.114504 0.763692 0.114504 0.765720 0.120229 0.765720 0.122137 0.766734 0.127863 0.766734 0.129771 0.767748 0.135496 0.767748 0.137405 0.768763 0.145038 0.768763 0.146947 0.769777 0.152672 0.769777 0.154580 0.770791 0.162214 0.770791 0.164122 0.771805 0.169847 0.771805 0.171756 0.772819 0.177481 0.772819 0.179389 0.773834 0.183206 0.773834 0.185115 0.774848 0.190840 0.774848 0.192748 0.775862 0.196565 0.775862 0.198473 0.776876 0.202290 0.776876 0.204198 0.777890 0.208015 0.777890 0.209924 0.778905 0.211832 0.778905 0.213740 0.779919 0.217557 0.779919 0.219466 0.780933 0.223282 0.780933 0.225191 0.781947 0.229008 0.781947 0.230916 0.782961 0.232824 0.782961 0.234733 0.783976 0.238550 0.783976 0.240458 0.784990 0.242366 0.784990 0.244275 0.786004 0.248092 0.786004 0.251908 0.788032 0.255725 0.788032 0.257634 0.789047 0.255725 0.790061 0.244275 0.790061 0.242366 0.789047 0.234733 0.789047 0.232824 0.788032 0.227099 0.788032 0.225191 0.787018 0.221374 0.787018 0.219466 0.786004 0.213740 0.786004 0.211832 0.784990 0.204198 0.784990 0.202290 0.783976 0.198473 0.783976 0.196565 0.782961 0.192748 0.782961 0.190840 0.781947 0.187023 0.781947 0.185115 0.780933 0.179389 0.780933 0.177481 0.779919 0.171756 0.779919 0.169847 0.778905 0.166031 0.778905 0.164122 0.777890 0.158397 0.777890 0.156489 0.776876 0.150763 0.776876 0.148855 0.775862 0.145038 0.775862 0.143130 0.774848 0.137405 0.774848 0.135496 0.773834 0.129771 0.773834 0.129771 0.777890 0.131679 0.778905 0.139313 0.778905 0.141221 0.779919 0.146947 0.779919 0.148855 0.780933 0.152672 0.780933 0.154580 0.781947 0.158397 0.781947 0.160305 0.782961 0.164122 0.782961 0.166031 0.783976 0.169847 0.783976 0.171756 0.784990 0.175573 0.784990 0.177481 0.786004 0.179389 0.786004 0.181298 0.787018 0.187023 0.787018 0.188931 0.788032 0.190840 0.788032 0.192748 0.789047 0.196565 0.789047 0.198473 0.790061 0.202290 0.790061 0.204198 0.791075 0.208015 0.791075 0.209924 0.792089 0.213740 0.792089 0.213740 0.790061 0.209924 0.790061 0.208015 0.789047 0.209924 0.788032 0.215649 0.788032 0.217557 0.789047 0.223282 0.789047 0.225191 0.790061 0.229008 0.790061 0.230916 0.791075 0.236641 0.791075 0.238550 0.792089 0.244275 0.792089 0.246183 0.793103 0.250000 0.793103 0.251908 0.794118 0.259542 0.794118 0.263359 0.796146 0.261450 0.797160 0.261450 0.800203 0.263359 0.801217 0.270992 0.801217 0.272901 0.802231 0.278626 0.802231 0.280534 0.803245 0.286260 0.803245 0.288168 0.804260 0.293893 0.804260 0.295802 0.805274 0.301527 0.805274 0.303435 0.806288 0.307252 0.806288 0.309160 0.807302 0.312977 0.807302 0.314885 0.808316 0.318702 0.808316 0.320611 0.809331 0.326336 0.809331 0.326336 0.807302 0.324427 0.807302 0.322519 0.806288 0.316794 0.806288 0.314885 0.805274 0.311069 0.805274 0.309160 0.804260 0.303435 0.804260 0.301527 0.803245 0.295802 0.803245 0.293893 0.802231 0.290076 0.802231 0.288168 0.801217 0.284351 0.801217 0.280534 0.799189 0.282443 0.798174 0.284351 0.798174 0.286260 0.799189 0.295802 0.799189 0.297710 0.800203 0.303435 0.800203 0.305344 0.801217 0.309160 0.801217 0.311069 0.802231 0.318702 0.802231 0.320611 0.803245 0.335878 0.803245 0.337786 0.804260 0.351145 0.804260 0.353053 0.805274 0.364504 0.805274 0.366412 0.806288 0.379771 0.806288 0.381679 0.807302 0.383588 0.807302 0.385496 0.808316 0.387405 0.808316 0.389313 0.809331 0.391221 0.809331 0.393130 0.810345 0.393130 0.811359 0.391221 0.812373 0.389313 0.812373 0.387405 0.813387 0.372137 0.813387 0.372137 0.815416 0.393130 0.815416 0.395038 0.814402 0.410305 0.814402 0.412214 0.815416 0.416031 0.815416 0.417939 0.816430 0.419847 0.816430 0.421756 0.817444 0.421756 0.822515 0.419847 0.823529 0.419847 0.830629 0.421756 0.831643 0.427481 0.831643 0.429389 0.830629 0.429389 0.826572 0.431298 0.825558 0.431298 0.824544 0.435115 0.822515 0.437023 0.822515 0.438931 0.823529 0.438931 0.828600 0.437023 0.829615 0.437023 0.832657 0.435115 0.833671 0.419847 0.833671 0.419847 0.834686 0.416031 0.836714 0.414122 0.836714 0.412214 0.835700 0.408397 0.835700 0.408397 0.838742 0.412214 0.838742 0.416031 0.840771 0.412214 0.842799 0.412214 0.844828 0.416031 0.844828 0.417939 0.845842 0.417939 0.846856 0.419847 0.847870 0.419847 0.849899 0.417939 0.850913 0.417939 0.851927 0.414122 0.853955 0.414122 0.854970 0.412214 0.855984 0.412214 0.858012 0.416031 0.858012 0.417939 0.859026 0.416031 0.860041 0.416031 0.868154 0.419847 0.868154 0.421756 0.867140 0.421756 0.862069 0.423664 0.861055 0.423664 0.849899 0.425573 0.848884 0.425573 0.847870 0.431298 0.844828 0.435115 0.846856 0.435115 0.863083 0.431298 0.865112 0.431298 0.870183 0.429389 0.871197 0.429389 0.875254 0.427481 0.876268 0.427481 0.879310 0.433206 0.879310 0.435115 0.880325 0.435115 0.894523 0.437023 0.895538 0.437023 0.925963 0.435115 0.926978 0.435115 0.935091 0.433206 0.936105 0.433206 0.962475 0.435115 0.963489 0.435115 0.969574 0.437023 0.970588 0.437023 0.978702 0.438931 0.979716 0.438931 0.982759 0.440840 0.983773 0.440840 0.987830 0.444656 0.987830 0.444656 0.985801 0.446565 0.984787 0.446565 0.917850 0.448473 0.916836 0.448473 0.909736 0.450382 0.908722 0.450382 0.903651 0.452290 0.902637 0.452290 0.897566 0.454198 0.896552 0.454198 0.891481 0.456107 0.890467 0.456107 0.887424 0.458015 0.886410 0.458015 0.882353 0.459924 0.881339 0.459924 0.878296 0.461832 0.877282 0.461832 0.873225 0.463740 0.872211 0.463740 0.871197 0.465649 0.870183 0.469466 0.870183 0.469466 0.866126 0.471374 0.865112 0.471374 0.860041 0.473282 0.859026 0.477099 0.859026 0.479008 0.858012 0.480916 0.859026 0.480916 0.861055 0.479008 0.862069 0.479008 0.865112 0.480916 0.866126 0.480916 0.871197 0.482824 0.872211 0.482824 0.873225 0.484733 0.874239 0.484733 0.876268 0.486641 0.877282 0.486641 0.880325 0.488550 0.881339 0.488550 0.883367 0.490458 0.884381 0.490458 0.887424 0.492366 0.888438 0.492366 0.889452 0.494275 0.890467 0.494275 0.892495 0.496183 0.893509 0.496183 0.895538 0.498092 0.896552 0.498092 0.898580 0.500000 0.899594 0.500000 0.901623 0.501908 0.902637 0.501908 0.906694 0.503817 0.907708 0.503817 0.911765 0.505725 0.912779 0.505725 0.921907 0.507634 0.922921 0.509542 0.922921 0.511450 0.923935 0.511450 0.925963 0.513359 0.926978 0.513359 0.930020 0.515267 0.931034 0.515267 0.936105 0.517176 0.937120 0.517176 0.942191 0.519084 0.943205 0.519084 0.947262 0.517176 0.948276 0.517176 0.950304 0.519084 0.951318 0.519084 0.953347 0.520992 0.954361 0.520992 0.956389 0.522901 0.957404 0.522901 0.967546 0.526718 0.967546 0.526718 0.952333 0.524809 0.951318 0.524809 0.941176 0.522901 0.940162 0.522901 0.935091 0.520992 0.934077 0.520992 0.930020 0.519084 0.929006 0.519084 0.925963 0.517176 0.924949 0.517176 0.921907 0.515267 0.920892 0.515267 0.916836 0.513359 0.915822 0.513359 0.912779 0.511450 0.911765 0.511450 0.909736 0.509542 0.908722 0.509542 0.905680 0.507634 0.904665 0.507634 0.902637 0.505725 0.901623 0.505725 0.898580 0.503817 0.897566 0.503817 0.892495 0.501908 0.891481 0.501908 0.884381 0.500000 0.883367 0.500000 0.869168 0.501908 0.868154 0.501908 0.863083 0.505725 0.861055 0.505725 0.850913 0.507634 0.849899 0.511450 0.849899 0.513359 0.850913 0.513359 0.851927 0.517176 0.853955 0.517176 0.854970 0.520992 0.856998 0.520992 0.858012 0.522901 0.859026 0.522901 0.860041 0.524809 0.861055 0.524809 0.862069 0.526718 0.863083 0.526718 0.864097 0.528626 0.865112 0.528626 0.867140 0.530534 0.867140 0.532443 0.868154 0.532443 0.877282 0.536260 0.879310 0.536260 0.882353 0.538168 0.883367 0.538168 0.886410 0.540076 0.887424 0.540076 0.889452 0.541985 0.890467 0.541985 0.896552 0.543893 0.897566 0.543893 0.900609 0.547710 0.900609 0.547710 0.895538 0.545802 0.894523 0.545802 0.888438 0.547710 0.887424 0.553435 0.890467 0.553435 0.891481 0.555344 0.892495 0.557252 0.892495 0.559160 0.893509 0.559160 0.895538 0.561069 0.896552 0.561069 0.897566 0.562977 0.898580 0.562977 0.899594 0.564885 0.900609 0.564885 0.901623 0.566794 0.902637 0.566794 0.904665 0.570611 0.906694 0.570611 0.907708 0.572519 0.908722 0.572519 0.909736 0.576336 0.909736 0.576336 0.907708 0.574427 0.906694 0.574427 0.905680 0.572519 0.904665 0.572519 0.903651 0.570611 0.902637 0.570611 0.901623 0.568702 0.900609 0.568702 0.899594 0.566794 0.898580 0.566794 0.897566 0.564885 0.896552 0.564885 0.895538 0.562977 0.894523 0.562977 0.893509 0.561069 0.893509 0.559160 0.892495 0.559160 0.889452 0.557252 0.888438 0.557252 0.887424 0.555344 0.886410 0.555344 0.885396 0.553435 0.884381 0.553435 0.883367 0.551527 0.882353 0.551527 0.881339 0.549618 0.880325 0.549618 0.879310 0.547710 0.878296 0.547710 0.877282 0.545802 0.876268 0.545802 0.875254 0.543893 0.874239 0.543893 0.873225 0.541985 0.872211 0.541985 0.870183 0.540076 0.869168 0.540076 0.868154 0.538168 0.867140 0.538168 0.866126 0.536260 0.865112 0.536260 0.864097 0.534351 0.863083 0.534351 0.862069 0.532443 0.861055 0.532443 0.859026 0.530534 0.858012 0.530534 0.854970 0.528626 0.853955 0.528626 0.850913 0.526718 0.849899 0.526718 0.840771 0.528626 0.839757 0.530534 0.839757 0.532443 0.840771 0.532443 0.841785 0.538168 0.844828 0.538168 0.845842 0.541985 0.847870 0.541985 0.848884 0.547710 0.851927 0.547710 0.852941 0.551527 0.854970 0.551527 0.855984 0.555344 0.858012 0.555344 0.859026 0.561069 0.862069 0.561069 0.863083 0.566794 0.866126 0.566794 0.868154 0.568702 0.869168 0.568702 0.870183 0.570611 0.871197 0.570611 0.872211 0.572519 0.873225 0.572519 0.874239 0.574427 0.875254 0.574427 0.876268 0.576336 0.877282 0.576336 0.878296 0.580153 0.880325 0.580153 0.881339 0.583969 0.883367 0.583969 0.884381 0.585878 0.885396 0.585878 0.886410 0.589695 0.888438 0.589695 0.889452 0.593511 0.891481 0.593511 0.892495 0.595420 0.893509 0.599237 0.893509 0.599237 0.891481 0.595420 0.889452 0.595420 0.888438 0.591603 0.886410 0.591603 0.885396 0.593511 0.884381 0.601145 0.888438 0.601145 0.889452 0.614504 0.896552 0.614504 0.897566 0.629771 0.905680 0.631679 0.905680 0.633588 0.906694 0.633588 0.908722 0.648855 0.916836 0.652672 0.916836 0.652672 0.914807 0.637405 0.906694 0.635496 0.906694 0.633588 0.905680 0.633588 0.903651 0.624046 0.898580 0.624046 0.897566 0.616412 0.893509 0.616412 0.892495 0.608779 0.888438 0.608779 0.887424 0.603053 0.884381 0.603053 0.883367 0.593511 0.878296 0.593511 0.877282 0.585878 0.873225 0.585878 0.872211 0.580153 0.869168 0.580153 0.868154 0.574427 0.865112 0.574427 0.864097 0.568702 0.861055 0.568702 0.860041 0.566794 0.859026 0.566794 0.856998 0.564885 0.855984 0.564885 0.853955 0.562977 0.852941 0.562977 0.850913 0.564885 0.849899 0.568702 0.851927 0.570611 0.851927 0.574427 0.853955 0.574427 0.854970 0.580153 0.858012 0.580153 0.859026 0.585878 0.862069 0.585878 0.863083 0.589695 0.863083 0.589695 0.861055 0.587786 0.860041 0.587786 0.859026 0.583969 0.856998 0.583969 0.855984 0.582061 0.854970 0.582061 0.852941 0.580153 0.851927 0.583969 0.849899 0.585878 0.850913 0.587786 0.850913 0.589695 0.851927 0.591603 0.851927 0.593511 0.852941 0.595420 0.852941 0.601145 0.855984 0.603053 0.855984 0.604962 0.856998 0.606870 0.856998 0.608779 0.858012 0.610687 0.858012 0.612595 0.859026 0.614504 0.859026 0.616412 0.860041 0.618321 0.860041 0.620229 0.861055 0.622137 0.861055 0.624046 0.862069 0.627863 0.862069 0.627863 0.860041 0.625954 0.859026 0.624046 0.859026 0.622137 0.858012 0.620229 0.858012 0.618321 0.856998 0.616412 0.856998 0.608779 0.852941 0.606870 0.852941 0.604962 0.851927 0.604962 0.850913 0.606870 0.849899 0.606870 0.847870 0.595420 0.847870 0.593511 0.846856 0.591603 0.846856 0.585878 0.843813 0.583969 0.843813 0.580153 0.841785 0.580153 0.839757 0.578244 0.838742 0.572519 0.838742 0.570611 0.837728 0.570611 0.835700 0.568702 0.834686 0.568702 0.833671 0.564885 0.831643 0.564885 0.830629 0.566794 0.829615 0.568702 0.829615 0.568702 0.827586 0.566794 0.827586 0.561069 0.824544 0.561069 0.822515 0.564885 0.820487 0.566794 0.821501 0.570611 0.821501 0.572519 0.822515 0.576336 0.822515 0.578244 0.823529 0.580153 0.823529 0.582061 0.824544 0.585878 0.824544 0.587786 0.825558 0.591603 0.825558 0.593511 0.826572 0.597328 0.826572 0.599237 0.827586 0.601145 0.827586 0.604962 0.829615 0.606870 0.829615 0.612595 0.832657 0.614504 0.832657 0.618321 0.834686 0.620229 0.834686 0.625954 0.837728 0.625954 0.839757 0.624046 0.840771 0.624046 0.844828 0.627863 0.844828 0.627863 0.842799 0.631679 0.840771 0.635496 0.840771 0.637405 0.841785 0.639313 0.841785 0.645038 0.844828 0.646947 0.844828 0.654580 0.848884 0.654580 0.849899 0.660305 0.852941 0.664122 0.852941 0.666031 0.851927 0.667939 0.852941 0.669847 0.852941 0.671756 0.853955 0.673664 0.853955 0.677481 0.855984 0.679389 0.855984 0.681298 0.856998 0.683206 0.856998 0.685115 0.858012 0.687023 0.858012 0.690840 0.860041 0.692748 0.860041 0.694656 0.861055 0.698473 0.861055 0.700382 0.862069 0.702290 0.862069 0.704198 0.863083 0.706107 0.863083 0.708015 0.864097 0.709924 0.864097 0.711832 0.865112 0.713740 0.865112 0.715649 0.866126 0.719466 0.866126 0.719466 0.864097 0.717557 0.864097 0.715649 0.863083 0.713740 0.863083 0.711832 0.862069 0.709924 0.862069 0.706107 0.860041 0.704198 0.860041 0.702290 0.859026 0.700382 0.859026 0.698473 0.858012 0.696565 0.858012 0.694656 0.856998 0.692748 0.856998 0.690840 0.855984 0.688931 0.855984 0.685115 0.853955 0.683206 0.853955 0.679389 0.851927 0.677481 0.851927 0.673664 0.849899 0.671756 0.849899 0.667939 0.847870 0.666031 0.847870 0.662214 0.845842 0.660305 0.845842 0.654580 0.842799 0.652672 0.842799 0.646947 0.839757 0.645038 0.839757 0.641221 0.837728 0.643130 0.836714 0.645038 0.836714 0.646947 0.837728 0.654580 0.837728 0.656489 0.838742 0.681298 0.838742 0.681298 0.836714 0.660305 0.836714 0.658397 0.835700 0.650763 0.835700 0.648855 0.834686 0.645038 0.834686 0.643130 0.833671 0.639313 0.833671 0.635496 0.831643 0.635496 0.827586 0.633588 0.826572 0.633588 0.823529 0.629771 0.823529 0.629771 0.829615 0.627863 0.830629 0.625954 0.829615 0.624046 0.829615 0.622137 0.828600 0.620229 0.828600 0.618321 0.827586 0.616412 0.827586 0.606870 0.822515 0.604962 0.822515 0.589695 0.814402 0.589695 0.812373 0.591603 0.811359 0.595420 0.811359 0.597328 0.812373 0.599237 0.812373 0.601145 0.813387 0.614504 0.813387 0.616412 0.814402 0.618321 0.814402 0.620229 0.815416 0.624046 0.815416 0.624046 0.813387 0.625954 0.812373 0.625954 0.810345 0.614504 0.810345 0.608779 0.807302 0.608779 0.804260 0.606870 0.803245 0.606870 0.798174 0.604962 0.798174 0.603053 0.797160 0.604962 0.796146 0.606870 0.796146 0.608779 0.795132 0.610687 0.795132 0.614504 0.793103 0.616412 0.793103 0.620229 0.791075 0.625954 0.791075 0.627863 0.792089 0.627863 0.793103 0.633588 0.793103 0.633588 0.791075 0.631679 0.790061 0.633588 0.789047 0.635496 0.789047 0.637405 0.788032 0.641221 0.788032 0.643130 0.787018 0.645038 0.788032 0.645038 0.789047 0.648855 0.789047 0.650763 0.788032 0.652672 0.788032 0.654580 0.787018 0.656489 0.787018 0.658397 0.786004 0.660305 0.786004 0.662214 0.784990 0.666031 0.784990 0.667939 0.783976 0.671756 0.783976 0.673664 0.782961 0.679389 0.782961 0.681298 0.781947 0.685115 0.781947 0.687023 0.780933 0.688931 0.780933 0.698473 0.786004 0.700382 0.786004 0.702290 0.787018 0.702290 0.789047 0.708015 0.789047 0.708015 0.786004 0.704198 0.786004 0.702290 0.784990 0.702290 0.783976 0.696565 0.780933 0.696565 0.779919 0.698473 0.778905 0.704198 0.778905 0.706107 0.777890 0.713740 0.777890 0.717557 0.775862 0.721374 0.775862 0.723282 0.776876 0.721374 0.777890 0.721374 0.779919 0.725191 0.779919 0.727099 0.778905 0.729008 0.778905 0.730916 0.777890 0.740458 0.777890 0.742366 0.778905 0.744275 0.778905 0.746183 0.779919 0.751908 0.779919 0.753817 0.780933 0.757634 0.780933 0.757634 0.778905 0.755725 0.778905 0.750000 0.775862 0.748092 0.775862 0.746183 0.774848 0.742366 0.774848 0.740458 0.773834 0.746183 0.770791 0.784351 0.770791 0.786260 0.771805 0.799618 0.771805 0.799618 0.769777 0.790076 0.769777 0.788168 0.768763 0.778626 0.768763 0.776718 0.767748 0.772901 0.767748 0.770992 0.766734 0.770992 0.765720 0.772901 0.764706 0.772901 0.763692 0.784351 0.757606 0.788168 0.757606 0.790076 0.756592 0.793893 0.756592 0.793893 0.754564 0.790076 0.754564 0.788168 0.753550 0.791985 0.751521 0.791985 0.749493 0.782443 0.749493 0.782443 0.752535 0.772901 0.757606 0.770992 0.757606 0.757634 0.764706 0.755725 0.764706 0.750000 0.767748 0.715649 0.767748 0.711832 0.765720 0.709924 0.765720 0.708015 0.764706 0.708015 0.763692 0.709924 0.762677 0.711832 0.762677 0.713740 0.761663 0.715649 0.761663 0.715649 0.759635 0.711832 0.759635 0.709924 0.760649 0.708015 0.760649 0.706107 0.761663 0.704198 0.761663 0.702290 0.762677 0.700382 0.762677 0.698473 0.763692 0.690840 0.763692 0.688931 0.762677 0.685115 0.762677 0.683206 0.761663 0.683206 0.758621 0.679389 0.758621 0.677481 0.759635 0.664122 0.759635 0.662214 0.758621 0.660305 0.758621 0.656489 0.756592 0.654580 0.756592 0.652672 0.755578 0.650763 0.755578 0.645038 0.752535 0.643130 0.752535 0.641221 0.751521 0.639313 0.751521 0.631679 0.747465 0.631679 0.746450 0.633588 0.745436 0.633588 0.744422 0.635496 0.743408 0.635496 0.742394 0.639313 0.740365 0.639313 0.739351 0.643130 0.737323 0.643130 0.736308 0.645038 0.735294 0.645038 0.733266 0.646947 0.732252 0.648855 0.732252 0.654580 0.729209 0.654580 0.728195 0.656489 0.727181 0.656489 0.725152 0.658397 0.724138 0.662214 0.724138 0.662214 0.723124 0.667939 0.720081 0.667939 0.719067 0.669847 0.718053 0.671756 0.718053 0.675573 0.716024 0.675573 0.713996 0.677481 0.712982 0.679389 0.712982 0.683206 0.710953 0.683206 0.708925 0.685115 0.707911 0.687023 0.707911 0.690840 0.705882 0.690840 0.703854 0.687023 0.703854 0.683206 0.705882 0.683206 0.707911 0.681298 0.708925 0.679389 0.708925 0.675573 0.710953 0.675573 0.712982 0.673664 0.713996 0.671756 0.713996 0.667939 0.716024 0.667939 0.717039 0.666031 0.718053 0.664122 0.718053 0.658397 0.721095 0.658397 0.724138 0.656489 0.725152 0.652672 0.725152 0.652672 0.726166 0.645038 0.730223 0.645038 0.732252 0.643130 0.733266 0.641221 0.733266 0.639313 0.734280 0.639313 0.735294 0.635496 0.737323 0.635496 0.738337 0.631679 0.740365 0.631679 0.741379 0.625954 0.744422 0.622137 0.742394 0.620229 0.742394 0.614504 0.739351 0.614504 0.737323 0.612595 0.737323 0.606870 0.734280 0.604962 0.734280 0.601145 0.732252 0.601145 0.731237 0.610687 0.726166 0.612595 0.726166 0.624046 0.720081 0.627863 0.720081 0.627863 0.718053 0.631679 0.716024 0.635496 0.716024 0.635496 0.715010 0.637405 0.713996 0.637405 0.711968 0.633588 0.711968 0.631679 0.712982 0.624046 0.712982 0.624046 0.715010 0.622137 0.716024 0.620229 0.716024 0.620229 0.717039 0.612595 0.721095 0.610687 0.721095 0.603053 0.725152 0.601145 0.725152 0.599237 0.726166 0.597328 0.726166 0.595420 0.727181 0.591603 0.727181 0.589695 0.726166 0.589695 0.724138 0.591603 0.723124 0.591603 0.722110 0.593511 0.721095 0.593511 0.720081 0.595420 0.719067 0.595420 0.718053 0.597328 0.717039 0.597328 0.716024 0.599237 0.715010 0.599237 0.713996 0.601145 0.712982 0.601145 0.711968 0.604962 0.709939 0.606870 0.709939 0.608779 0.708925 0.612595 0.708925 0.612595 0.706897 0.610687 0.705882 0.610687 0.703854 0.606870 0.703854 0.604962 0.704868 0.601145 0.704868 0.601145 0.706897 0.597328 0.708925 0.597328 0.709939 0.595420 0.710953 0.595420 0.711968 0.593511 0.712982 0.593511 0.713996 0.589695 0.716024 0.589695 0.717039 0.583969 0.720081 0.583969 0.721095 0.580153 0.723124 0.576336 0.723124 0.576336 0.727181 0.574427 0.728195 0.574427 0.729209 0.568702 0.732252 0.564885 0.732252 0.562977 0.731237 0.561069 0.731237 0.559160 0.730223 0.557252 0.730223 0.553435 0.728195 0.553435 0.724138 0.555344 0.723124 0.555344 0.722110 0.557252 0.721095 0.557252 0.720081 0.559160 0.719067 0.562977 0.719067 0.564885 0.720081 0.566794 0.720081 0.568702 0.721095 0.574427 0.721095 0.574427 0.719067 0.572519 0.718053 0.570611 0.718053 0.566794 0.716024 0.564885 0.716024 0.561069 0.713996 0.561069 0.706897 0.564885 0.704868 0.572519 0.704868 0.574427 0.703854 0.580153 0.703854 0.582061 0.702840 0.587786 0.702840 0.589695 0.703854 0.593511 0.703854 0.593511 0.701826 0.591603 0.701826 0.587786 0.699797 0.585878 0.699797 0.582061 0.697769 0.580153 0.697769 0.578244 0.696755 0.578244 0.695740 0.574427 0.695740 0.572519 0.696755 0.570611 0.695740 0.566794 0.695740 0.564885 0.694726 0.562977 0.694726 0.561069 0.693712 0.559160 0.693712 0.557252 0.692698 0.557252 0.681542 0.555344 0.680527 0.555344 0.679513 0.557252 0.678499 0.557252 0.677485 0.561069 0.675456 0.568702 0.675456 0.572519 0.673428 0.578244 0.673428 0.580153 0.672414 0.582061 0.672414 0.583969 0.673428 0.589695 0.673428 0.591603 0.674442 0.593511 0.674442 0.595420 0.675456 0.599237 0.675456 0.601145 0.676471 0.601145 0.679513 0.593511 0.683570 0.593511 0.684584 0.583969 0.689655 0.583969 0.692698 0.587786 0.692698 0.589695 0.691684 0.589695 0.690669 0.597328 0.686613 0.599237 0.686613 0.601145 0.685598 0.601145 0.684584 0.610687 0.679513 0.612595 0.679513 0.614504 0.678499 0.620229 0.678499 0.622137 0.677485 0.624046 0.677485 0.625954 0.676471 0.629771 0.676471 0.629771 0.674442 0.633588 0.672414 0.635496 0.672414 0.635496 0.670385 0.633588 0.669371 0.633588 0.668357 0.635496 0.667343 0.635496 0.666329 0.637405 0.665314 0.637405 0.664300 0.641221 0.662272 0.641221 0.661258 0.654580 0.654158 0.654580 0.653144 0.666031 0.647059 0.666031 0.646045 0.679389 0.638945 0.681298 0.638945 0.683206 0.637931 0.683206 0.634888 0.685115 0.633874 0.685115 0.631846 0.681298 0.631846 0.675573 0.634888 0.673664 0.634888 0.669847 0.636917 0.667939 0.636917 0.667939 0.639959 0.660305 0.644016 0.658397 0.644016 0.656489 0.645030 0.654580 0.645030 0.652672 0.646045 0.650763 0.646045 0.648855 0.647059 0.645038 0.647059 0.645038 0.649087 0.646947 0.650101 0.646947 0.651116 0.645038 0.652130 0.645038 0.653144 0.643130 0.654158 0.643130 0.655172 0.633588 0.660243 0.633588 0.661258 0.627863 0.664300 0.627863 0.667343 0.625954 0.668357 0.622137 0.668357 0.616412 0.671400 0.583969 0.671400 0.580153 0.669371 0.578244 0.669371 0.576336 0.668357 0.576336 0.667343 0.578244 0.666329 0.578244 0.665314 0.587786 0.660243 0.589695 0.660243 0.591603 0.659229 0.595420 0.659229 0.597328 0.658215 0.601145 0.658215 0.603053 0.657201 0.604962 0.657201 0.606870 0.656187 0.608779 0.656187 0.608779 0.653144 0.610687 0.652130 0.612595 0.652130 0.614504 0.653144 0.614504 0.654158 0.622137 0.654158 0.624046 0.653144 0.625954 0.653144 0.627863 0.652130 0.629771 0.652130 0.631679 0.651116 0.633588 0.651116 0.635496 0.650101 0.635496 0.647059 0.629771 0.647059 0.627863 0.648073 0.624046 0.648073 0.622137 0.649087 0.618321 0.649087 0.616412 0.650101 0.610687 0.650101 0.610687 0.652130 0.608779 0.653144 0.606870 0.653144 0.604962 0.652130 0.591603 0.652130 0.589695 0.651116 0.585878 0.651116 0.583969 0.652130 0.582061 0.651116 0.582061 0.650101 0.585878 0.648073 0.585878 0.645030 0.582061 0.645030 0.580153 0.646045 0.580153 0.649087 0.578244 0.650101 0.578244 0.653144 0.572519 0.656187 0.568702 0.656187 0.568702 0.660243 0.566794 0.661258 0.564885 0.661258 0.561069 0.663286 0.559160 0.663286 0.555344 0.665314 0.553435 0.665314 0.549618 0.667343 0.545802 0.667343 0.543893 0.666329 0.538168 0.666329 0.536260 0.665314 0.532443 0.665314 0.528626 0.663286 0.530534 0.662272 0.534351 0.662272 0.536260 0.661258 0.543893 0.661258 0.545802 0.660243 0.551527 0.660243 0.553435 0.659229 0.559160 0.659229 0.559160 0.657201 0.551527 0.657201 0.549618 0.658215 0.541985 0.658215 0.540076 0.659229 0.532443 0.659229 0.530534 0.660243 0.513359 0.660243 0.511450 0.659229 0.509542 0.659229 0.507634 0.658215 0.505725 0.658215 0.501908 0.656187 0.501908 0.653144 0.500000 0.653144 0.498092 0.652130 0.490458 0.652130 0.488550 0.651116 0.490458 0.650101 0.503817 0.650101 0.505725 0.649087 0.505725 0.647059 0.486641 0.647059 0.484733 0.648073 0.482824 0.647059 0.479008 0.647059 0.477099 0.648073 0.471374 0.648073 0.469466 0.649087 0.461832 0.649087 0.459924 0.648073 0.461832 0.647059 0.463740 0.647059 0.467557 0.645030 0.477099 0.645030 0.477099 0.643002 0.480916 0.640974 0.482824 0.640974 0.488550 0.637931 0.488550 0.636917 0.490458 0.635903 0.494275 0.635903 0.494275 0.633874 0.490458 0.633874 0.490458 0.634888 0.488550 0.635903 0.484733 0.635903 0.480916 0.637931 0.479008 0.637931 0.477099 0.638945 0.475191 0.638945 0.471374 0.640974 0.469466 0.640974 0.465649 0.643002 0.461832 0.643002 0.461832 0.644016 0.459924 0.645030 0.456107 0.645030 0.454198 0.644016 0.454198 0.639959 0.452290 0.638945 0.452290 0.637931 0.446565 0.637931 0.442748 0.635903 0.444656 0.634888 0.450382 0.634888 0.450382 0.629817 0.452290 0.628803 0.452290 0.621704 0.448473 0.621704 0.448473 0.622718 0.446565 0.623732 0.444656 0.622718 0.440840 0.622718 0.438931 0.621704 0.438931 0.620690 0.440840 0.619675 0.442748 0.619675 0.442748 0.614604 0.440840 0.613590 0.440840 0.610548 0.438931 0.609533 0.438931 0.584178 0.440840 0.583164 0.442748 0.583164 0.446565 0.585193 0.450382 0.585193 0.450382 0.583164 0.448473 0.582150 0.448473 0.581136 0.444656 0.579108 0.444656 0.578093 0.438931 0.575051 0.438931 0.574037 0.437023 0.573022 0.431298 0.573022 0.427481 0.570994 0.427481 0.558824 0.425573 0.557809 0.425573 0.550710 0.423664 0.549696 0.423664 0.541582 0.421756 0.540568 0.421756 0.532454 0.419847 0.531440 0.419847 0.523327 0.417939 0.522312 0.417939 0.511156 0.416031 0.510142 0.416031 0.503043 0.414122 0.502028 0.414122 0.497972 0.412214 0.496957 0.412214 0.493915 0.410305 0.492901 0.410305 0.488844 0.408397 0.487830 0.408397 0.479716 0.406489 0.478702 0.406489 0.468560 0.408397 0.467546 0.408397 0.461460 0.404580 0.459432 0.404580 0.450304 0.406489 0.449290 0.406489 0.445233 0.404580 0.444219 0.404580 0.434077 0.408397 0.432049 0.410305 0.432049 0.412214 0.433063 0.412214 0.435091 0.410305 0.436105 0.410305 0.443205 0.416031 0.443205 0.417939 0.444219 0.419847 0.444219 0.421756 0.445233 0.425573 0.445233 0.429389 0.447262 0.429389 0.448276 0.431298 0.449290 0.431298 0.452333 0.429389 0.453347 0.429389 0.455375 0.433206 0.455375 0.435115 0.454361 0.437023 0.454361 0.437023 0.453347 0.438931 0.452333 0.438931 0.447262 0.435115 0.445233 0.435115 0.443205 0.437023 0.442191 0.437023 0.440162 0.440840 0.438134 0.446565 0.438134 0.446565 0.436105 0.440840 0.436105 0.438931 0.437120 0.437023 0.436105 0.437023 0.435091 0.433206 0.435091 0.431298 0.436105 0.427481 0.434077 0.427481 0.432049 0.425573 0.432049 0.421756 0.430020 0.421756 0.429006 0.419847 0.427992 0.419847 0.425963 0.417939 0.424949 0.414122 0.424949 0.414122 0.425963 0.408397 0.429006 0.406489 0.429006 0.404580 0.427992 0.404580 0.426978 0.402672 0.425963 0.402672 0.424949 0.400763 0.423935 0.400763 0.418864 0.398855 0.417850 0.398855 0.416836 0.396947 0.415822 0.396947 0.413793 0.395038 0.412779 0.395038 0.403651 0.393130 0.402637 0.393130 0.388438 0.391221 0.387424 0.391221 0.384381 0.389313 0.384381 0.387405 0.383367 0.387405 0.382353 0.389313 0.381339 0.391221 0.381339 0.391221 0.377282 0.389313 0.376268 0.389313 0.375254 0.391221 0.374239 0.393130 0.374239 0.393130 0.371197 0.391221 0.370183 0.389313 0.370183 0.387405 0.369168 0.387405 0.364097 0.383588 0.364097 0.381679 0.363083 0.385496 0.361055 0.391221 0.361055 0.393130 0.360041 0.393130 0.358012 0.391221 0.356998 0.391221 0.355984 0.389313 0.355984 0.387405 0.354970 0.387405 0.353955 0.385496 0.352941 0.385496 0.326572 0.383588 0.325558 0.383588 0.320487 0.385496 0.319473 0.385496 0.317444 0.389313 0.315416 0.389313 0.312373 0.387405 0.311359 0.387405 0.308316 0.389313 0.307302 0.389313 0.306288 0.398855 0.301217 0.400763 0.301217 0.400763 0.298174 0.402672 0.297160 0.408397 0.297160 0.412214 0.295132 0.412214 0.293103 0.410305 0.293103 0.408397 0.292089 0.408397 0.284990 0.410305 0.283976 0.410305 0.281947 0.412214 0.280933 0.416031 0.280933 0.421756 0.277890 0.423664 0.278905 0.427481 0.278905 0.429389 0.279919 0.429389 0.287018 0.433206 0.287018 0.433206 0.279919 0.429389 0.279919 0.427481 0.278905 0.427481 0.275862 0.429389 0.274848 0.433206 0.274848 0.433206 0.272819 0.429389 0.270791 0.423664 0.270791 0.421756 0.269777 0.423664 0.268763 0.425573 0.268763 0.425573 0.266734 0.423664 0.265720 0.423664 0.264706 0.425573 0.263692 0.427481 0.263692 0.429389 0.264706 0.431298 0.264706 0.435115 0.266734 0.435115 0.267748 0.438931 0.267748 0.438931 0.264706 0.437023 0.263692 0.437023 0.262677 0.435115 0.261663 0.435115 0.258621 0.431298 0.256592 0.431298 0.254564 0.429389 0.253550 0.429389 0.251521 0.431298 0.250507 0.431298 0.248479 0.433206 0.247465 0.437023 0.247465 0.437023 0.245436 0.435115 0.244422 0.437023 0.243408 0.437023 0.242394 0.438931 0.241379 0.440840 0.241379 0.440840 0.240365 0.442748 0.239351 0.454198 0.239351 0.454198 0.238337 0.458015 0.236308 0.461832 0.238337 0.461832 0.241379 0.463740 0.242394 0.463740 0.243408 0.467557 0.243408 0.469466 0.242394 0.473282 0.244422 0.473282 0.245436 0.475191 0.246450 0.471374 0.248479 0.471374 0.250507 0.475191 0.250507 0.479008 0.252535 0.479008 0.253550 0.477099 0.254564 0.475191 0.254564 0.473282 0.255578 0.471374 0.254564 0.467557 0.254564 0.465649 0.253550 0.465649 0.251521 0.459924 0.251521 0.459924 0.252535 0.458015 0.253550 0.458015 0.254564 0.456107 0.255578 0.456107 0.257606 0.458015 0.257606 0.459924 0.258621 0.459924 0.259635 0.461832 0.260649 0.463740 0.260649 0.467557 0.262677 0.467557 0.264706 0.459924 0.268763 0.459924 0.271805 0.458015 0.272819 0.458015 0.274848 0.461832 0.274848 0.463740 0.275862 0.471374 0.275862 0.473282 0.276876 0.473282 0.277890 0.475191 0.277890 0.477099 0.278905 0.475191 0.279919 0.471374 0.279919 0.469466 0.280933 0.465649 0.280933 0.463740 0.279919 0.459924 0.279919 0.459924 0.280933 0.458015 0.281947 0.456107 0.281947 0.454198 0.280933 0.454198 0.279919 0.452290 0.279919 0.450382 0.278905 0.450382 0.276876 0.446565 0.274848 0.444656 0.274848 0.440840 0.272819 0.437023 0.272819 0.437023 0.276876 0.440840 0.276876 0.442748 0.277890 0.442748 0.278905 0.440840 0.279919 0.437023 0.279919 0.437023 0.281947 0.454198 0.281947 0.456107 0.282961 0.456107 0.283976 0.454198 0.284990 0.450382 0.284990 0.448473 0.283976 0.444656 0.283976 0.444656 0.286004 0.440840 0.288032 0.438931 0.288032 0.437023 0.289047 0.433206 0.289047 0.433206 0.295132 0.431298 0.296146 0.429389 0.295132 0.429389 0.292089 0.421756 0.292089 0.421756 0.294118 0.423664 0.295132 0.419847 0.297160 0.416031 0.297160 0.416031 0.299189 0.417939 0.300203 0.423664 0.300203 0.425573 0.301217 0.423664 0.302231 0.419847 0.302231 0.419847 0.306288 0.423664 0.306288 0.423664 0.305274 0.425573 0.304260 0.425573 0.303245 0.427481 0.302231 0.429389 0.302231 0.433206 0.300203 0.442748 0.300203 0.444656 0.299189 0.452290 0.299189 0.452290 0.297160 0.446565 0.297160 0.444656 0.296146 0.448473 0.294118 0.450382 0.294118 0.452290 0.293103 0.454198 0.293103 0.459924 0.290061 0.467557 0.290061 0.467557 0.289047 0.469466 0.288032 0.473282 0.288032 0.475191 0.287018 0.477099 0.287018 0.479008 0.288032 0.480916 0.288032 0.482824 0.289047 0.488550 0.289047 0.488550 0.288032 0.492366 0.286004 0.492366 0.282961 0.494275 0.281947 0.496183 0.281947 0.500000 0.279919 0.503817 0.281947 0.507634 0.281947 0.509542 0.280933 0.511450 0.280933 0.515267 0.282961 0.519084 0.282961 0.520992 0.283976 0.522901 0.283976 0.530534 0.288032 0.528626 0.289047 0.526718 0.289047 0.524809 0.290061 0.522901 0.290061 0.519084 0.288032 0.519084 0.287018 0.517176 0.286004 0.505725 0.286004 0.505725 0.288032 0.507634 0.289047 0.507634 0.290061 0.505725 0.291075 0.505725 0.294118 0.507634 0.295132 0.505725 0.296146 0.505725 0.298174 0.500000 0.301217 0.498092 0.301217 0.496183 0.302231 0.496183 0.305274 0.498092 0.306288 0.501908 0.306288 0.501908 0.305274 0.503817 0.304260 0.503817 0.303245 0.511450 0.299189 0.515267 0.299189 0.517176 0.300203 0.517176 0.301217 0.526718 0.301217 0.526718 0.299189 0.524809 0.298174 0.524809 0.296146 0.522901 0.295132 0.522901 0.294118 0.524809 0.293103 0.528626 0.293103 0.530534 0.292089 0.532443 0.293103 0.543893 0.293103 0.545802 0.292089 0.547710 0.292089 0.549618 0.293103 0.551527 0.293103 0.553435 0.294118 0.557252 0.294118 0.559160 0.295132 0.559160 0.297160 0.562977 0.297160 0.566794 0.299189 0.566794 0.302231 0.570611 0.304260 0.570611 0.305274 0.568702 0.306288 0.568702 0.308316 0.570611 0.308316 0.572519 0.309331 0.570611 0.310345 0.570611 0.317444 0.568702 0.318458 0.566794 0.318458 0.564885 0.317444 0.564885 0.316430 0.561069 0.316430 0.561069 0.319473 0.562977 0.320487 0.562977 0.323529 0.561069 0.324544 0.561069 0.326572 0.559160 0.327586 0.559160 0.329615 0.561069 0.329615 0.562977 0.330629 0.562977 0.334686 0.564885 0.334686 0.566794 0.335700 0.566794 0.337728 0.568702 0.337728 0.570611 0.338742 0.570611 0.339757 0.574427 0.339757 0.576336 0.340771 0.576336 0.342799 0.578244 0.343813 0.578244 0.346856 0.576336 0.347870 0.576336 0.353955 0.578244 0.354970 0.578244 0.355984 0.580153 0.356998 0.580153 0.358012 0.582061 0.359026 0.582061 0.361055 0.583969 0.362069 0.583969 0.368154 0.589695 0.368154 0.591603 0.369168 0.591603 0.372211 0.589695 0.373225 0.587786 0.373225 0.587786 0.384381 0.589695 0.385396 0.589695 0.386410 0.591603 0.387424 0.591603 0.389452 0.593511 0.390467 0.593511 0.394523 0.597328 0.394523 0.597328 0.388438 0.595420 0.387424 0.597328 0.386410 0.601145 0.386410 0.601145 0.380325 0.603053 0.379310 0.603053 0.377282 0.604962 0.376268 0.604962 0.375254 0.606870 0.374239 0.606870 0.372211 0.608779 0.371197 0.614504 0.371197 0.614504 0.367140 0.618321 0.365112 0.620229 0.365112 0.622137 0.366126 0.622137 0.367140 0.624046 0.368154 0.624046 0.369168 0.625954 0.370183 0.625954 0.371197 0.629771 0.371197 0.629771 0.366126 0.624046 0.363083 0.624046 0.360041 0.620229 0.360041 0.620229 0.361055 0.616412 0.363083 0.608779 0.363083 0.606870 0.364097 0.603053 0.364097 0.601145 0.363083 0.601145 0.361055 0.603053 0.360041 0.603053 0.355984 0.601145 0.354970 0.601145 0.348884 0.603053 0.347870 0.603053 0.345842 0.604962 0.344828 0.604962 0.338742 0.606870 0.337728 0.608779 0.337728 0.608779 0.335700 0.606870 0.334686 0.606870 0.330629 0.604962 0.329615 0.604962 0.328600 0.603053 0.327586 0.599237 0.327586 0.599237 0.329615 0.601145 0.330629 0.601145 0.331643 0.603053 0.332657 0.603053 0.337728 0.601145 0.338742 0.601145 0.341785 0.599237 0.342799 0.599237 0.346856 0.597328 0.347870 0.595420 0.346856 0.595420 0.343813 0.593511 0.342799 0.593511 0.333671 0.591603 0.332657 0.591603 0.326572 0.589695 0.325558 0.589695 0.321501 0.591603 0.320487 0.595420 0.320487 0.597328 0.319473 0.599237 0.319473 0.601145 0.318458 0.603053 0.319473 0.604962 0.319473 0.606870 0.320487 0.610687 0.320487 0.612595 0.319473 0.612595 0.317444 0.608779 0.315416 0.608779 0.314402 0.604962 0.312373 0.601145 0.312373 0.601145 0.313387 0.595420 0.316430 0.593511 0.316430 0.591603 0.315416 0.591603 0.314402 0.589695 0.313387 0.589695 0.312373 0.587786 0.311359 0.587786 0.310345 0.585878 0.309331 0.582061 0.309331 0.580153 0.308316 0.580153 0.307302 0.582061 0.306288 0.583969 0.306288 0.583969 0.296146 0.582061 0.295132 0.582061 0.284990 0.580153 0.283976 0.580153 0.276876 0.582061 0.275862 0.582061 0.274848 0.583969 0.273834 0.583969 0.272819 0.585878 0.271805 0.585878 0.268763 0.583969 0.267748 0.582061 0.267748 0.580153 0.266734 0.578244 0.266734 0.576336 0.265720 0.576336 0.263692 0.572519 0.261663 0.572519 0.252535 0.570611 0.251521 0.570611 0.242394 0.572519 0.241379 0.576336 0.241379 0.576336 0.235294 0.578244 0.234280 0.578244 0.233266 0.582061 0.231237 0.583969 0.231237 0.585878 0.232252 0.591603 0.232252 0.591603 0.230223 0.593511 0.229209 0.597328 0.229209 0.597328 0.228195 0.599237 0.227181 0.601145 0.227181 0.601145 0.226166 0.603053 0.225152 0.604962 0.225152 0.604962 0.224138 0.606870 0.223124 0.606870 0.222110 0.608779 0.221095 0.610687 0.221095 0.612595 0.222110 0.612595 0.223124 0.614504 0.224138 0.614504 0.225152 0.616412 0.225152 0.618321 0.226166 0.620229 0.226166 0.622137 0.227181 0.622137 0.232252 0.625954 0.234280 0.625954 0.240365 0.624046 0.241379 0.620229 0.241379 0.618321 0.240365 0.614504 0.240365 0.610687 0.242394 0.610687 0.247465 0.608779 0.248479 0.606870 0.248479 0.604962 0.249493 0.604962 0.251521 0.606870 0.252535 0.610687 0.252535 0.612595 0.251521 0.612595 0.250507 0.614504 0.249493 0.618321 0.249493 0.620229 0.248479 0.620229 0.247465 0.624046 0.245436 0.624046 0.241379 0.625954 0.240365 0.627863 0.240365 0.629771 0.241379 0.629771 0.244422 0.631679 0.245436 0.631679 0.246450 0.633588 0.247465 0.633588 0.250507 0.637405 0.250507 0.637405 0.242394 0.635496 0.241379 0.639313 0.239351 0.641221 0.239351 0.641221 0.237323 0.639313 0.236308 0.639313 0.235294 0.637405 0.234280 0.637405 0.229209 0.635496 0.228195 0.635496 0.226166 0.633588 0.225152 0.633588 0.224138 0.631679 0.223124 0.631679 0.218053 0.629771 0.217039 0.629771 0.216024 0.627863 0.215010 0.627863 0.212982 0.624046 0.212982 0.624046 0.213996 0.618321 0.217039 0.616412 0.217039 0.614504 0.216024 0.614504 0.212982 0.616412 0.211968 0.616412 0.208925 0.618321 0.207911 0.620229 0.208925 0.620229 0.209939 0.622137 0.210953 0.625954 0.210953 0.625954 0.205882 0.627863 0.204868 0.627863 0.202840 0.625954 0.202840 0.622137 0.200811 0.622137 0.199797 0.620229 0.198783 0.620229 0.197769 0.618321 0.196755 0.618321 0.195740 0.616412 0.194726 0.616412 0.192698 0.614504 0.191684 0.614504 0.188641 0.612595 0.187627 0.612595 0.180527 0.610687 0.179513 0.610687 0.176471 0.612595 0.175456 0.612595 0.174442 0.616412 0.172414 0.620229 0.172414 0.620229 0.170385 0.616412 0.170385 0.614504 0.169371 0.612595 0.169371 0.606870 0.166329 0.606870 0.164300 0.608779 0.163286 0.610687 0.163286 0.612595 0.162272 0.616412 0.162272 0.620229 0.160243 0.622137 0.160243 0.622137 0.157201 0.618321 0.155172 0.618321 0.152130 0.620229 0.151116 0.622137 0.151116 0.624046 0.150101 0.629771 0.150101 0.629771 0.149087 0.631679 0.148073 0.631679 0.143002 0.637405 0.139959 0.643130 0.139959 0.645038 0.138945 0.645038 0.137931 0.648855 0.135903 0.650763 0.136917 0.650763 0.139959 0.654580 0.139959 0.658397 0.137931 0.658397 0.135903 0.660305 0.134888 0.669847 0.134888 0.669847 0.132860 0.671756 0.131846 0.671756 0.127789 0.673664 0.126775 0.673664 0.125761 0.677481 0.123732 0.677481 0.120690 0.679389 0.119675 0.679389 0.116633 0.669847 0.116633 0.667939 0.117647 0.666031 0.117647 0.660305 0.114604 0.662214 0.113590 0.664122 0.113590 0.666031 0.112576 0.666031 0.111562 0.667939 0.110548 0.671756 0.110548 0.673664 0.109533 0.673664 0.107505 0.671756 0.107505 0.669847 0.106491 0.669847 0.105477 0.667939 0.105477 0.666031 0.104462 0.666031 0.102434 0.662214 0.102434 0.660305 0.103448 0.658397 0.103448 0.656489 0.102434 0.656489 0.101420 0.652672 0.101420 0.650763 0.102434 0.650763 0.107505 0.648855 0.108519 0.648855 0.109533 0.646947 0.110548 0.645038 0.110548 0.643130 0.109533 0.643130 0.107505 0.641221 0.106491 0.641221 0.104462 0.643130 0.103448 0.643130 0.100406 0.639313 0.098377 0.639313 0.095335 0.637405 0.094320 0.637405 0.084178 0.639313 0.083164 0.639313 0.080122 0.641221 0.079108 0.641221 0.078093 0.643130 0.077079 0.643130 0.076065 0.648855 0.073022 0.650763 0.073022 0.658397 0.068966 0.664122 0.068966 0.666031 0.067951 0.667939 0.067951 0.667939 0.065923 0.662214 0.062880 0.662214 0.056795 0.652672 0.056795 0.648855 0.058824 0.646947 0.058824 0.643130 0.060852 0.641221 0.059838 0.641221 0.055781 0.637405 0.055781 0.635496 0.056795 0.633588 0.056795 0.633588 0.057809 0.631679 0.058824 0.631679 0.060852 0.629771 0.061866 0.629771 0.062880 0.627863 0.063895 0.624046 0.063895 0.620229 0.061866 0.616412 0.061866 0.616412 0.065923 0.614504 0.066937 0.608779 0.066937 0.608779 0.068966 0.618321 0.068966 0.625954 0.073022 0.625954 0.077079 0.627863 0.078093 0.627863 0.084178 0.624046 0.086207 0.618321 0.083164 0.608779 0.083164 0.606870 0.082150 0.606870 0.079108 0.608779 0.078093 0.608779 0.076065 0.603053 0.076065 0.601145 0.077079 0.597328 0.077079 0.597328 0.080122 0.599237 0.080122 0.603053 0.082150 0.603053 0.083164 0.604962 0.084178 0.604962 0.085193 0.603053 0.086207 0.603053 0.091278 0.597328 0.094320 0.593511 0.094320 0.593511 0.098377 0.597328 0.098377 0.599237 0.097363 0.601145 0.097363 0.603053 0.096349 0.604962 0.096349 0.606870 0.095335 0.608779 0.096349 0.608779 0.097363 0.614504 0.097363 0.614504 0.093306 0.616412 0.092292 0.620229 0.092292 0.622137 0.093306 0.622137 0.095335 0.620229 0.096349 0.618321 0.096349 0.618321 0.098377 0.620229 0.099391 0.620229 0.103448 0.618321 0.104462 0.618321 0.108519 0.616412 0.109533 0.616412 0.111562 0.620229 0.111562 0.622137 0.110548 0.622137 0.109533 0.624046 0.108519 0.625954 0.108519 0.627863 0.109533 0.627863 0.114604 0.625954 0.115619 0.625954 0.117647 0.624046 0.118661 0.620229 0.116633 0.620229 0.114604 0.616412 0.114604 0.614504 0.115619 0.612595 0.115619 0.612595 0.122718 0.610687 0.123732 0.610687 0.125761 0.604962 0.128803 0.597328 0.128803 0.597328 0.129817 0.587786 0.134888 0.585878 0.133874 0.578244 0.133874 0.574427 0.135903 0.568702 0.135903 0.568702 0.136917 0.566794 0.137931 0.562977 0.137931 0.559160 0.139959 0.555344 0.139959 0.551527 0.137931 0.551527 0.136917 0.549618 0.135903 0.549618 0.132860 0.547710 0.132860 0.545802 0.131846 0.547710 0.130832 0.553435 0.130832 0.555344 0.129817 0.555344 0.128803 0.557252 0.127789 0.557252 0.126775 0.559160 0.125761 0.559160 0.123732 0.561069 0.122718 0.566794 0.122718 0.570611 0.120690 0.572519 0.120690 0.574427 0.121704 0.578244 0.121704 0.582061 0.119675 0.587786 0.119675 0.589695 0.118661 0.589695 0.116633 0.587786 0.115619 0.587786 0.114604 0.585878 0.114604 0.582061 0.112576 0.582061 0.111562 0.580153 0.110548 0.580153 0.105477 0.582061 0.104462 0.582061 0.101420 0.580153 0.100406 0.576336 0.100406 0.576336 0.102434 0.572519 0.104462 0.570611 0.104462 0.566794 0.102434 0.566794 0.101420 0.562977 0.099391 0.564885 0.098377 0.580153 0.098377 0.580153 0.096349 0.578244 0.096349 0.574427 0.094320 0.574427 0.082150 0.576336 0.081136 0.578244 0.081136 0.582061 0.083164 0.587786 0.083164 0.587786 0.081136 0.585878 0.080122 0.585878 0.078093 0.583969 0.077079 0.583969 0.076065 0.582061 0.075051 0.582061 0.061866 0.583969 0.060852 0.583969 0.055781 0.585878 0.054767 0.585878 0.052738 0.587786 0.051724 0.587786 0.050710 0.589695 0.049696 0.591603 0.049696 0.593511 0.048682 0.593511 0.045639 0.595420 0.044625 0.595420 0.041582 0.587786 0.041582 0.585878 0.042596 0.585878 0.043611 0.582061 0.045639 0.582061 0.046653 0.580153 0.047667 0.580153 0.048682 0.578244 0.049696 0.578244 0.050710 0.576336 0.051724 0.574427 0.051724 0.570611 0.053753 0.568702 0.052738 0.568702 0.050710 0.564885 0.050710 0.564885 0.053753 0.562977 0.054767 0.562977 0.055781 0.561069 0.056795 0.561069 0.057809 0.551527 0.062880 0.547710 0.062880 0.547710 0.064909 0.553435 0.064909 0.555344 0.063895 0.559160 0.063895 0.561069 0.064909 0.559160 0.065923 0.559160 0.067951 0.561069 0.067951 0.562977 0.068966 0.562977 0.072008 0.564885 0.072008 0.568702 0.074037 0.568702 0.076065 0.566794 0.077079 0.566794 0.079108 0.564885 0.080122 0.564885 0.081136 0.562977 0.082150 0.561069 0.082150 0.559160 0.081136 0.559160 0.080122 0.557252 0.079108 0.557252 0.073022 0.551527 0.073022 0.549618 0.072008 0.549618 0.068966 0.547710 0.067951 0.547710 0.066937 0.543893 0.066937 0.541985 0.067951 0.541985 0.068966 0.540076 0.069980 0.540076 0.070994 0.538168 0.072008 0.538168 0.073022 0.536260 0.074037 0.534351 0.074037 0.534351 0.078093 0.532443 0.079108 0.528626 0.079108 0.528626 0.081136 0.526718 0.082150 0.519084 0.082150 0.517176 0.083164 0.515267 0.082150 0.515267 0.079108 0.511450 0.077079 0.511450 0.076065 0.513359 0.075051 0.513359 0.073022 0.511450 0.073022 0.509542 0.072008 0.509542 0.070994 0.500000 0.070994 0.496183 0.068966 0.496183 0.067951 0.494275 0.066937 0.494275 0.065923 0.492366 0.065923 0.490458 0.064909 0.490458 0.063895 0.486641 0.061866 0.486641 0.059838 0.484733 0.058824 0.482824 0.058824 0.480916 0.057809 0.480916 0.056795 0.477099 0.056795 0.475191 0.055781 0.477099 0.054767 0.479008 0.054767 0.479008 0.052738 0.477099 0.051724 0.477099 0.049696 0.473282 0.049696 0.473282 0.052738 0.471374 0.053753 0.471374 0.055781 0.463740 0.059838 0.461832 0.059838 0.461832 0.068966 0.465649 0.068966 0.467557 0.067951 0.469466 0.068966 0.469466 0.069980 0.473282 0.069980 0.473282 0.066937 0.467557 0.063895 0.467557 0.062880 0.469466 0.061866 0.469466 0.060852 0.471374 0.059838 0.473282 0.060852 0.473282 0.063895 0.477099 0.065923 0.480916 0.065923 0.482824 0.066937 0.482824 0.070994 0.480916 0.072008 0.480916 0.074037 0.482824 0.075051 0.482824 0.077079 0.484733 0.078093 0.484733 0.079108 0.486641 0.080122 0.486641 0.082150 0.494275 0.086207 0.492366 0.087221 0.492366 0.092292 0.490458 0.093306 0.490458 0.096349 0.486641 0.098377 0.484733 0.098377 0.484733 0.101420 0.486641 0.102434 0.486641 0.103448 0.484733 0.104462 0.484733 0.105477 0.482824 0.106491 0.482824 0.108519 0.486641 0.108519 0.488550 0.107505 0.490458 0.108519 0.490458 0.110548 0.488550 0.111562 0.486641 0.111562 0.484733 0.112576 0.482824 0.112576 0.480916 0.113590 0.479008 0.112576 0.479008 0.110548 0.471374 0.110548 0.469466 0.111562 0.469466 0.115619 0.467557 0.116633 0.467557 0.117647 0.465649 0.118661 0.465649 0.119675 0.463740 0.120690 0.463740 0.123732 0.461832 0.124746 0.461832 0.125761 0.458015 0.127789 0.458015 0.128803 0.456107 0.129817 0.456107 0.130832 0.454198 0.131846 0.454198 0.133874 0.448473 0.136917 0.448473 0.137931 0.442748 0.140974 0.442748 0.141988 0.440840 0.143002 0.433206 0.138945 0.427481 0.138945 0.423664 0.136917 0.425573 0.135903 0.435115 0.135903 0.435115 0.133874 0.433206 0.132860 0.433206 0.128803 0.429389 0.128803 0.429389 0.129817 0.427481 0.130832 0.425573 0.129817 0.425573 0.126775 0.427481 0.125761 0.433206 0.125761 0.433206 0.121704 0.435115 0.120690 0.435115 0.118661 0.440840 0.115619 0.442748 0.115619 0.442748 0.114604 0.444656 0.113590 0.444656 0.111562 0.446565 0.110548 0.446565 0.109533 0.448473 0.108519 0.450382 0.108519 0.450382 0.106491 0.446565 0.104462 0.446565 0.103448 0.454198 0.099391 0.456107 0.100406 0.458015 0.100406 0.459924 0.101420 0.459924 0.103448 0.463740 0.103448 0.463740 0.098377 0.465649 0.097363 0.465649 0.096349 0.469466 0.094320 0.475191 0.094320 0.475191 0.091278 0.473282 0.091278 0.469466 0.089249 0.469466 0.088235 0.465649 0.086207 0.465649 0.085193 0.467557 0.084178 0.467557 0.074037 0.465649 0.074037 0.463740 0.073022 0.463740 0.070994 0.459924 0.070994 0.459924 0.073022 0.454198 0.076065 0.452290 0.076065 0.450382 0.077079 0.448473 0.077079 0.446565 0.076065 0.446565 0.075051 0.444656 0.074037 0.444656 0.073022 0.440840 0.070994 0.442748 0.069980 0.444656 0.069980 0.444656 0.067951 0.446565 0.066937 0.448473 0.066937 0.448473 0.064909 0.444656 0.064909 0.444656 0.065923 0.442748 0.066937 0.440840 0.066937 0.435115 0.069980 0.431298 0.069980 0.427481 0.067951 0.427481 0.066937 0.417939 0.066937 0.416031 0.065923 0.414122 0.065923 0.412214 0.064909 0.412214 0.062880 0.414122 0.061866 0.414122 0.058824 0.416031 0.057809 0.419847 0.057809 0.421756 0.056795 0.421756 0.055781 0.423664 0.054767 0.423664 0.041582 0.421756 0.040568 0.421756 0.039554 0.423664 0.038540 0.423664 0.036511 0.421756 0.035497 0.421756 0.033469