0 0.634981 0.904110 0.634981 0.910198 0.631179 0.911720 0.631179 0.913242 0.627376 0.914764 0.623574 0.914764 0.623574 0.917808 0.627376 0.917808 0.631179 0.919330 0.631179 0.920852 0.634981 0.920852 0.642586 0.923896 0.650190 0.923896 0.650190 0.911720 0.646388 0.911720 0.642586 0.910198 0.642586 0.904110
0 0.539924 0.896499 0.539924 0.901065 0.551331 0.901065 0.555133 0.902588 0.555133 0.904110 0.566540 0.904110 0.570342 0.905632 0.574144 0.905632 0.577947 0.907154 0.581749 0.907154 0.585551 0.908676 0.589354 0.908676 0.593156 0.910198 0.600760 0.910198 0.604563 0.911720 0.604563 0.913242 0.612167 0.913242 0.612167 0.910198 0.604563 0.910198 0.600760 0.908676 0.600760 0.907154 0.596958 0.905632 0.589354 0.905632 0.585551 0.904110 0.581749 0.904110 0.574144 0.901065 0.570342 0.901065 0.566540 0.899543 0.562738 0.899543 0.558935 0.898021 0.555133 0.898021 0.551331 0.896499
0 0.304183 0.864536 0.300380 0.866058 0.285171 0.866058 0.281369 0.867580 0.266160 0.867580 0.266160 0.870624 0.281369 0.870624 0.285171 0.869102 0.300380 0.869102 0.307985 0.872146 0.307985 0.873668 0.315589 0.873668 0.319392 0.872146 0.323194 0.873668 0.323194 0.876712 0.330798 0.876712 0.330798 0.875190 0.334601 0.873668 0.334601 0.866058 0.319392 0.866058 0.315589 0.864536
0 0.429658 0.732116 0.429658 0.736682 0.437262 0.739726 0.437262 0.741248 0.441065 0.742770 0.441065 0.744292 0.444867 0.745814 0.444867 0.747336 0.448669 0.748858 0.448669 0.753425 0.456274 0.756469 0.456274 0.757991 0.460076 0.759513 0.460076 0.765601 0.463878 0.767123 0.463878 0.768645 0.471483 0.768645 0.471483 0.761035 0.467681 0.759513 0.467681 0.757991 0.463878 0.756469 0.463878 0.754947 0.460076 0.753425 0.460076 0.750381 0.456274 0.748858 0.456274 0.739726 0.452471 0.739726 0.448669 0.738204 0.448669 0.735160 0.441065 0.735160 0.437262 0.733638 0.437262 0.732116
0 0.353612 0.683409 0.353612 0.695586 0.349810 0.697108 0.349810 0.713851 0.353612 0.715373 0.353612 0.716895 0.357414 0.718417 0.365019 0.718417 0.365019 0.684932 0.361217 0.683409
0 0.756654 0.651446 0.756654 0.657534 0.752852 0.659056 0.752852 0.662100 0.745247 0.665145 0.745247 0.669711 0.741445 0.671233 0.741445 0.674277 0.737643 0.675799 0.737643 0.677321 0.733840 0.678843 0.733840 0.680365 0.730038 0.681887 0.730038 0.683409 0.726236 0.684932 0.726236 0.689498 0.722433 0.691020 0.722433 0.695586 0.730038 0.695586 0.741445 0.691020 0.741445 0.687976 0.745247 0.686454 0.745247 0.684932 0.760456 0.678843 0.764259 0.678843 0.764259 0.675799 0.756654 0.675799 0.752852 0.674277 0.752852 0.671233 0.756654 0.669711 0.756654 0.668189 0.760456 0.666667 0.764259 0.666667 0.768061 0.665145 0.768061 0.656012 0.764259 0.654490 0.764259 0.651446
0 0.361217 0.625571 0.361217 0.630137 0.357414 0.631659 0.357414 0.636225 0.353612 0.637747 0.353612 0.643836 0.349810 0.645358 0.349810 0.646880 0.346008 0.648402 0.346008 0.652968 0.342205 0.654490 0.342205 0.659056 0.338403 0.660578 0.338403 0.663623 0.334601 0.665145 0.334601 0.669711 0.338403 0.671233 0.338403 0.672755 0.346008 0.672755 0.346008 0.660578 0.349810 0.659056 0.349810 0.656012 0.357414 0.652968 0.361217 0.652968 0.361217 0.649924 0.365019 0.648402 0.365019 0.634703 0.368821 0.633181 0.368821 0.625571
0 0.353612 0.576865 0.349810 0.578387 0.342205 0.578387 0.342205 0.584475 0.346008 0.585997 0.346008 0.587519 0.349810 0.589041 0.349810 0.599696 0.353612 0.601218 0.353612 0.607306 0.357414 0.608828 0.357414 0.622527 0.365019 0.622527 0.365019 0.576865
0 0.216730 0.257230 0.216730 0.258752 0.209125 0.261796 0.209125 0.263318 0.205323 0.264840 0.205323 0.266362 0.201521 0.267884 0.197719 0.267884 0.193916 0.269406 0.190114 0.269406 0.190114 0.273973 0.186312 0.275495 0.182510 0.273973 0.174905 0.273973 0.174905 0.277017 0.182510 0.280061 0.182510 0.283105 0.178707 0.284627 0.178707 0.287671 0.174905 0.289193 0.174905 0.290715 0.171103 0.292237 0.171103 0.293760 0.159696 0.298326 0.159696 0.304414 0.167300 0.304414 0.171103 0.302892 0.171103 0.301370 0.174905 0.299848 0.174905 0.298326 0.182510 0.295282 0.182510 0.292237 0.186312 0.290715 0.186312 0.289193 0.190114 0.287671 0.190114 0.286149 0.193916 0.284627 0.193916 0.281583 0.197719 0.280061 0.197719 0.277017 0.201521 0.275495 0.201521 0.273973 0.212928 0.269406 0.212928 0.267884 0.224335 0.263318 0.224335 0.257230
0 0.167300 0.130898 0.167300 0.132420 0.163498 0.133942 0.163498 0.135464 0.159696 0.136986 0.159696 0.143075 0.155894 0.144597 0.155894 0.153729 0.159696 0.155251 0.159696 0.165906 0.163498 0.167428 0.163498 0.170472 0.167300 0.171994 0.167300 0.175038 0.171103 0.176560 0.171103 0.178082 0.174905 0.178082 0.178707 0.179604 0.178707 0.182648 0.186312 0.185693 0.186312 0.190259 0.193916 0.190259 0.209125 0.196347 0.216730 0.196347 0.216730 0.188737 0.201521 0.188737 0.197719 0.187215 0.197719 0.185693 0.190114 0.182648 0.190114 0.181126 0.186312 0.179604 0.182510 0.179604 0.178707 0.178082 0.178707 0.175038 0.174905 0.173516 0.174905 0.170472 0.171103 0.168950 0.171103 0.146119 0.174905 0.144597 0.174905 0.138508 0.178707 0.136986 0.178707 0.133942 0.174905 0.132420 0.174905 0.130898
0 0.794677 0.070015 0.790875 0.071537 0.790875 0.076104 0.787072 0.077626 0.787072 0.082192 0.783270 0.083714 0.783270 0.086758 0.779468 0.088280 0.779468 0.094368 0.787072 0.094368 0.787072 0.092846 0.790875 0.091324 0.790875 0.088280 0.794677 0.086758 0.798479 0.088280 0.798479 0.092846 0.806084 0.092846 0.806084 0.091324 0.809886 0.089802 0.809886 0.083714 0.813688 0.082192 0.813688 0.073059 0.806084 0.070015
0 0.361217 0.009132 0.361217 0.013699 0.365019 0.015221 0.365019 0.021309 0.368821 0.022831 0.368821 0.036530 0.372624 0.038052 0.372624 0.047184 0.376426 0.048706 0.376426 0.053272 0.380228 0.054795 0.380228 0.059361 0.384030 0.060883 0.384030 0.063927 0.387833 0.065449 0.387833 0.070015 0.391635 0.071537 0.391635 0.074581 0.395437 0.076104 0.395437 0.082192 0.399240 0.083714 0.399240 0.088280 0.403042 0.089802 0.403042 0.092846 0.406844 0.094368 0.406844 0.100457 0.410646 0.101979 0.410646 0.114155 0.406844 0.115677 0.399240 0.115677 0.399240 0.118721 0.403042 0.120244 0.403042 0.127854 0.406844 0.129376 0.406844 0.130898 0.403042 0.132420 0.395437 0.129376 0.395437 0.126332 0.391635 0.126332 0.387833 0.124810 0.387833 0.123288 0.380228 0.120244 0.380228 0.118721 0.376426 0.117199 0.376426 0.115677 0.365019 0.111111 0.365019 0.109589 0.353612 0.105023 0.353612 0.103501 0.334601 0.095890 0.334601 0.094368 0.326996 0.091324 0.326996 0.089802 0.323194 0.089802 0.315589 0.086758 0.300380 0.086758 0.300380 0.089802 0.323194 0.098935 0.323194 0.100457 0.349810 0.111111 0.349810 0.112633 0.353612 0.114155 0.357414 0.114155 0.361217 0.115677 0.361217 0.117199 0.365019 0.118721 0.365019 0.120244 0.368821 0.121766 0.368821 0.124810 0.365019 0.126332 0.361217 0.126332 0.353612 0.123288 0.353612 0.121766 0.349810 0.120244 0.349810 0.118721 0.346008 0.118721 0.342205 0.117199 0.338403 0.117199 0.330798 0.114155 0.330798 0.112633 0.323194 0.112633 0.323194 0.114155 0.319392 0.115677 0.315589 0.115677 0.311787 0.114155 0.311787 0.112633 0.307985 0.111111 0.307985 0.108067 0.300380 0.108067 0.285171 0.101979 0.285171 0.100457 0.288973 0.098935 0.292776 0.098935 0.292776 0.095890 0.288973 0.094368 0.285171 0.094368 0.281369 0.092846 0.281369 0.089802 0.277567 0.089802 0.258555 0.082192 0.254753 0.082192 0.239544 0.076104 0.239544 0.073059 0.243346 0.071537 0.250951 0.071537 0.250951 0.068493 0.235741 0.062405 0.231939 0.062405 0.228137 0.060883 0.228137 0.059361 0.216730 0.059361 0.216730 0.062405 0.224335 0.062405 0.228137 0.063927 0.228137 0.065449 0.231939 0.066971 0.231939 0.068493 0.228137 0.070015 0.224335 0.068493 0.212928 0.068493 0.212928 0.071537 0.224335 0.076104 0.224335 0.079148 0.228137 0.080670 0.224335 0.082192 0.220532 0.082192 0.220532 0.085236 0.239544 0.092846 0.239544 0.094368 0.243346 0.095890 0.243346 0.097412 0.254753 0.101979 0.254753 0.103501 0.258555 0.105023 0.258555 0.106545 0.262357 0.108067 0.262357 0.118721 0.266160 0.120244 0.266160 0.123288 0.262357 0.124810 0.247148 0.124810 0.243346 0.123288 0.231939 0.123288 0.224335 0.120244 0.224335 0.118721 0.190114 0.118721 0.190114 0.121766 0.186312 0.123288 0.186312 0.126332 0.193916 0.126332 0.205323 0.121766 0.209125 0.121766 0.212928 0.123288 0.216730 0.123288 0.220532 0.124810 0.228137 0.124810 0.231939 0.126332 0.235741 0.126332 0.239544 0.127854 0.243346 0.127854 0.247148 0.129376 0.247148 0.130898 0.262357 0.130898 0.262357 0.126332 0.266160 0.124810 0.269962 0.126332 0.269962 0.132420 0.273764 0.133942 0.273764 0.136986 0.281369 0.140030 0.281369 0.144597 0.285171 0.146119 0.285171 0.149163 0.288973 0.150685 0.288973 0.152207 0.296578 0.152207 0.296578 0.144597 0.292776 0.143075 0.292776 0.138508 0.296578 0.136986 0.300380 0.136986 0.304183 0.138508 0.307985 0.138508 0.330798 0.147641 0.330798 0.149163 0.342205 0.153729 0.342205 0.155251 0.346008 0.156773 0.346008 0.171994 0.349810 0.173516 0.349810 0.179604 0.346008 0.181126 0.342205 0.181126 0.342205 0.184170 0.346008 0.184170 0.349810 0.185693 0.342205 0.188737 0.334601 0.185693 0.334601 0.181126 0.326996 0.178082 0.326996 0.176560 0.319392 0.173516 0.319392 0.171994 0.315589 0.170472 0.315589 0.168950 0.311787 0.167428 0.311787 0.165906 0.307985 0.164384 0.307985 0.161339 0.304183 0.159817 0.304183 0.156773 0.296578 0.156773 0.296578 0.161339 0.300380 0.162861 0.300380 0.164384 0.304183 0.165906 0.304183 0.168950 0.307985 0.170472 0.307985 0.173516 0.311787 0.175038 0.311787 0.178082 0.315589 0.179604 0.307985 0.182648 0.296578 0.182648 0.292776 0.184170 0.277567 0.184170 0.273764 0.185693 0.262357 0.185693 0.262357 0.188737 0.281369 0.188737 0.285171 0.187215 0.296578 0.187215 0.300380 0.185693 0.307985 0.185693 0.311787 0.184170 0.319392 0.184170 0.323194 0.185693 0.323194 0.188737 0.326996 0.190259 0.326996 0.191781 0.330798 0.193303 0.330798 0.194825 0.338403 0.197869 0.338403 0.199391 0.342205 0.200913 0.342205 0.210046 0.346008 0.211568 0.346008 0.214612 0.342205 0.216134 0.338403 0.214612 0.330798 0.214612 0.326996 0.216134 0.319392 0.216134 0.315589 0.217656 0.315589 0.219178 0.311787 0.220700 0.307985 0.219178 0.307985 0.217656 0.304183 0.216134 0.292776 0.216134 0.292776 0.222222 0.288973 0.223744 0.281369 0.223744 0.281369 0.226788 0.288973 0.226788 0.288973 0.223744 0.292776 0.222222 0.300380 0.222222 0.304183 0.223744 0.307985 0.223744 0.311787 0.225266 0.311787 0.228311 0.319392 0.228311 0.326996 0.231355 0.326996 0.234399 0.334601 0.237443 0.334601 0.242009 0.338403 0.243531 0.338403 0.249619 0.334601 0.251142 0.330798 0.251142 0.330798 0.255708 0.326996 0.257230 0.326996 0.261796 0.323194 0.263318 0.323194 0.267884 0.319392 0.269406 0.319392 0.270928 0.315589 0.272451 0.315589 0.275495 0.311787 0.277017 0.311787 0.280061 0.307985 0.281583 0.307985 0.293760 0.304183 0.295282 0.304183 0.296804 0.300380 0.298326 0.300380 0.301370 0.296578 0.302892 0.296578 0.307458 0.292776 0.308980 0.292776 0.313546 0.288973 0.315068 0.288973 0.318113 0.285171 0.319635 0.285171 0.324201 0.281369 0.325723 0.281369 0.330289 0.277567 0.331811 0.277567 0.340944 0.273764 0.342466 0.273764 0.365297 0.269962 0.366819 0.269962 0.371385 0.273764 0.372907 0.273764 0.389650 0.277567 0.391172 0.277567 0.404871 0.281369 0.406393 0.281369 0.418569 0.285171 0.420091 0.285171 0.426180 0.288973 0.427702 0.288973 0.432268 0.292776 0.433790 0.292776 0.438356 0.296578 0.439878 0.296578 0.442922 0.300380 0.444444 0.300380 0.445967 0.304183 0.447489 0.304183 0.450533 0.311787 0.453577 0.311787 0.455099 0.315589 0.456621 0.315589 0.462709 0.323194 0.465753 0.323194 0.468798 0.326996 0.470320 0.326996 0.473364 0.330798 0.474886 0.330798 0.480974 0.334601 0.482496 0.334601 0.496195 0.338403 0.497717 0.338403 0.502283 0.342205 0.503805 0.342205 0.509893 0.346008 0.511416 0.346008 0.519026 0.353612 0.522070 0.353612 0.526636 0.357414 0.528158 0.357414 0.529680 0.361217 0.531202 0.361217 0.534247 0.365019 0.535769 0.365019 0.538813 0.368821 0.540335 0.368821 0.543379 0.372624 0.544901 0.372624 0.554033 0.380228 0.557078 0.380228 0.558600 0.384030 0.560122 0.384030 0.567732 0.387833 0.567732 0.399240 0.572298 0.399240 0.573820 0.403042 0.575342 0.403042 0.578387 0.406844 0.579909 0.406844 0.582953 0.410646 0.584475 0.410646 0.587519 0.414449 0.589041 0.414449 0.590563 0.418251 0.592085 0.418251 0.596651 0.422053 0.598174 0.422053 0.602740 0.425856 0.604262 0.425856 0.608828 0.429658 0.610350 0.429658 0.614916 0.433460 0.616438 0.433460 0.627093 0.437262 0.628615 0.437262 0.636225 0.441065 0.637747 0.437262 0.639269 0.437262 0.642314 0.433460 0.643836 0.433460 0.646880 0.437262 0.646880 0.441065 0.648402 0.441065 0.652968 0.444867 0.654490 0.444867 0.659056 0.448669 0.660578 0.448669 0.663623 0.452471 0.665145 0.452471 0.668189 0.456274 0.669711 0.456274 0.671233 0.460076 0.672755 0.460076 0.677321 0.463878 0.678843 0.463878 0.680365 0.467681 0.681887 0.467681 0.684932 0.463878 0.686454 0.463878 0.694064 0.460076 0.695586 0.452471 0.695586 0.444867 0.698630 0.433460 0.698630 0.433460 0.700152 0.429658 0.701674 0.425856 0.701674 0.425856 0.703196 0.418251 0.706240 0.418251 0.707763 0.414449 0.709285 0.403042 0.709285 0.399240 0.710807 0.395437 0.710807 0.391635 0.712329 0.391635 0.715373 0.399240 0.715373 0.403042 0.713851 0.406844 0.713851 0.410646 0.712329 0.414449 0.712329 0.414449 0.710807 0.418251 0.709285 0.422053 0.709285 0.425856 0.710807 0.437262 0.710807 0.437262 0.709285 0.441065 0.707763 0.452471 0.707763 0.452471 0.704718 0.448669 0.703196 0.448669 0.701674 0.452471 0.700152 0.460076 0.700152 0.460076 0.695586 0.463878 0.694064 0.467681 0.694064 0.471483 0.695586 0.471483 0.719939 0.479087 0.719939 0.479087 0.713851 0.482890 0.712329 0.482890 0.710807 0.486692 0.709285 0.490494 0.709285 0.490494 0.706240 0.482890 0.703196 0.490494 0.700152 0.498099 0.703196 0.505703 0.703196 0.509506 0.704718 0.509506 0.710807 0.517110 0.710807 0.520913 0.712329 0.520913 0.716895 0.524715 0.716895 0.536122 0.721461 0.536122 0.722983 0.547529 0.727549 0.547529 0.729072 0.555133 0.732116 0.555133 0.733638 0.562738 0.736682 0.562738 0.744292 0.566540 0.745814 0.566540 0.750381 0.570342 0.751903 0.570342 0.756469 0.566540 0.757991 0.562738 0.757991 0.558935 0.756469 0.555133 0.756469 0.551331 0.754947 0.547529 0.754947 0.543726 0.753425 0.509506 0.753425 0.509506 0.756469 0.513308 0.756469 0.517110 0.757991 0.517110 0.759513 0.520913 0.759513 0.524715 0.761035 0.524715 0.762557 0.520913 0.764079 0.520913 0.765601 0.517110 0.767123 0.517110 0.768645 0.513308 0.770167 0.498099 0.770167 0.494297 0.771689 0.490494 0.771689 0.490494 0.773212 0.486692 0.774734 0.475285 0.774734 0.475285 0.779300 0.471483 0.780822 0.471483 0.783866 0.475285 0.783866 0.479087 0.785388 0.479087 0.788432 0.490494 0.788432 0.494297 0.789954 0.494297 0.791476 0.498099 0.791476 0.501901 0.792998 0.501901 0.794521 0.505703 0.796043 0.505703 0.814307 0.513308 0.814307 0.513308 0.788432 0.505703 0.788432 0.498099 0.785388 0.498099 0.782344 0.494297 0.780822 0.494297 0.779300 0.490494 0.777778 0.490494 0.776256 0.494297 0.774734 0.509506 0.774734 0.517110 0.777778 0.517110 0.780822 0.520913 0.782344 0.520913 0.788432 0.524715 0.788432 0.528517 0.789954 0.528517 0.791476 0.532319 0.792998 0.532319 0.796043 0.536122 0.797565 0.536122 0.799087 0.532319 0.800609 0.532319 0.803653 0.536122 0.805175 0.532319 0.806697 0.532319 0.820396 0.528517 0.821918 0.528517 0.824962 0.520913 0.828006 0.517110 0.828006 0.517110 0.834094 0.513308 0.835616 0.513308 0.837139 0.509506 0.838661 0.509506 0.841705 0.501901 0.844749 0.501901 0.849315 0.490494 0.853881 0.479087 0.853881 0.479087 0.856925 0.490494 0.856925 0.494297 0.858447 0.494297 0.861492 0.490494 0.863014 0.490494 0.866058 0.486692 0.867580 0.486692 0.878234 0.490494 0.879756 0.490494 0.881279 0.498099 0.884323 0.498099 0.888889 0.505703 0.888889 0.509506 0.890411 0.509506 0.891933 0.520913 0.891933 0.520913 0.888889 0.513308 0.885845 0.513308 0.882801 0.505703 0.882801 0.501901 0.881279 0.501901 0.876712 0.505703 0.875190 0.513308 0.875190 0.513308 0.855403 0.509506 0.853881 0.513308 0.852359 0.520913 0.852359 0.536122 0.846271 0.536122 0.843227 0.539924 0.841705 0.539924 0.828006 0.551331 0.823440 0.562738 0.823440 0.562738 0.820396 0.555133 0.820396 0.551331 0.818874 0.551331 0.815830 0.555133 0.814307 0.562738 0.814307 0.562738 0.812785 0.566540 0.811263 0.566540 0.803653 0.570342 0.802131 0.574144 0.803653 0.574144 0.808219 0.577947 0.809741 0.577947 0.812785 0.581749 0.814307 0.581749 0.824962 0.577947 0.826484 0.577947 0.831050 0.585551 0.831050 0.585551 0.829528 0.589354 0.828006 0.593156 0.828006 0.596958 0.826484 0.600760 0.826484 0.604563 0.828006 0.604563 0.829528 0.615970 0.829528 0.615970 0.828006 0.619772 0.826484 0.631179 0.826484 0.634981 0.828006 0.634981 0.831050 0.638783 0.832572 0.638783 0.835616 0.642586 0.835616 0.650190 0.838661 0.646388 0.840183 0.646388 0.843227 0.650190 0.844749 0.650190 0.847793 0.646388 0.849315 0.642586 0.849315 0.638783 0.847793 0.638783 0.844749 0.631179 0.844749 0.631179 0.849315 0.634981 0.850837 0.634981 0.853881 0.638783 0.853881 0.642586 0.855403 0.638783 0.856925 0.634981 0.856925 0.631179 0.858447 0.615970 0.858447 0.612167 0.856925 0.612167 0.852359 0.604563 0.852359 0.604563 0.856925 0.608365 0.856925 0.612167 0.858447 0.612167 0.861492 0.615970 0.863014 0.615970 0.869102 0.627376 0.869102 0.631179 0.867580 0.634981 0.869102 0.642586 0.869102 0.646388 0.870624 0.646388 0.872146 0.657795 0.872146 0.657795 0.869102 0.650190 0.869102 0.646388 0.867580 0.646388 0.866058 0.650190 0.864536 0.661597 0.864536 0.665399 0.866058 0.665399 0.867580 0.673004 0.867580 0.673004 0.866058 0.676806 0.864536 0.676806 0.861492 0.669202 0.858447 0.669202 0.838661 0.657795 0.838661 0.653992 0.837139 0.653992 0.832572 0.657795 0.831050 0.657795 0.829528 0.661597 0.828006 0.661597 0.826484 0.665399 0.824962 0.669202 0.824962 0.669202 0.823440 0.673004 0.821918 0.673004 0.820396 0.676806 0.818874 0.684411 0.818874 0.688213 0.817352 0.699620 0.817352 0.699620 0.812785 0.707224 0.809741 0.707224 0.806697 0.699620 0.806697 0.695817 0.805175 0.695817 0.797565 0.692015 0.796043 0.692015 0.791476 0.684411 0.788432 0.684411 0.786910 0.676806 0.786910 0.676806 0.792998 0.680608 0.794521 0.680608 0.800609 0.676806 0.802131 0.673004 0.800609 0.673004 0.797565 0.665399 0.797565 0.657795 0.794521 0.657795 0.792998 0.653992 0.791476 0.653992 0.786910 0.646388 0.783866 0.646388 0.780822 0.638783 0.777778 0.638783 0.771689 0.634981 0.770167 0.631179 0.770167 0.627376 0.768645 0.623574 0.768645 0.608365 0.762557 0.608365 0.761035 0.600760 0.761035 0.596958 0.759513 0.596958 0.756469 0.593156 0.754947 0.593156 0.751903 0.589354 0.750381 0.589354 0.744292 0.585551 0.742770 0.585551 0.741248 0.581749 0.739726 0.581749 0.738204 0.585551 0.736682 0.589354 0.738204 0.596958 0.738204 0.596958 0.735160 0.589354 0.735160 0.585551 0.733638 0.570342 0.733638 0.566540 0.732116 0.566540 0.730594 0.562738 0.729072 0.562738 0.722983 0.558935 0.721461 0.558935 0.718417 0.562738 0.716895 0.562738 0.713851 0.558935 0.712329 0.555133 0.712329 0.547529 0.709285 0.543726 0.709285 0.539924 0.707763 0.539924 0.701674 0.528517 0.701674 0.524715 0.700152 0.524715 0.698630 0.520913 0.698630 0.517110 0.697108 0.517110 0.695586 0.505703 0.691020 0.505703 0.689498 0.498099 0.686454 0.498099 0.680365 0.494297 0.678843 0.494297 0.654490 0.490494 0.652968 0.490494 0.649924 0.486692 0.648402 0.486692 0.643836 0.482890 0.642314 0.482890 0.639269 0.479087 0.639269 0.471483 0.636225 0.467681 0.636225 0.460076 0.633181 0.460076 0.628615 0.456274 0.627093 0.456274 0.625571 0.452471 0.624049 0.452471 0.622527 0.448669 0.621005 0.448669 0.617960 0.444867 0.616438 0.444867 0.611872 0.441065 0.610350 0.441065 0.607306 0.437262 0.605784 0.437262 0.601218 0.433460 0.599696 0.433460 0.596651 0.429658 0.595129 0.429658 0.590563 0.425856 0.589041 0.425856 0.585997 0.422053 0.584475 0.422053 0.582953 0.418251 0.581431 0.418251 0.579909 0.414449 0.578387 0.414449 0.575342 0.410646 0.573820 0.410646 0.572298 0.406844 0.570776 0.406844 0.567732 0.403042 0.566210 0.403042 0.564688 0.395437 0.561644 0.395437 0.557078 0.391635 0.555556 0.391635 0.552511 0.387833 0.550989 0.387833 0.544901 0.384030 0.543379 0.387833 0.541857 0.387833 0.538813 0.384030 0.538813 0.372624 0.534247 0.372624 0.531202 0.368821 0.529680 0.368821 0.525114 0.365019 0.523592 0.365019 0.509893 0.361217 0.508371 0.361217 0.503805 0.353612 0.500761 0.353612 0.493151 0.349810 0.491629 0.349810 0.480974 0.346008 0.479452 0.346008 0.474886 0.342205 0.473364 0.342205 0.467275 0.338403 0.465753 0.338403 0.464231 0.334601 0.462709 0.334601 0.461187 0.330798 0.459665 0.330798 0.458143 0.326996 0.456621 0.326996 0.453577 0.323194 0.452055 0.323194 0.449011 0.315589 0.445967 0.315589 0.444444 0.311787 0.442922 0.311787 0.436834 0.307985 0.435312 0.307985 0.429224 0.304183 0.427702 0.304183 0.415525 0.300380 0.414003 0.300380 0.392694 0.296578 0.391172 0.296578 0.382040 0.292776 0.380518 0.292776 0.347032 0.296578 0.345510 0.296578 0.334855 0.300380 0.333333 0.300380 0.325723 0.304183 0.324201 0.304183 0.318113 0.307985 0.316591 0.307985 0.313546 0.311787 0.312024 0.311787 0.307458 0.315589 0.305936 0.315589 0.301370 0.319392 0.299848 0.319392 0.298326 0.323194 0.296804 0.323194 0.290715 0.326996 0.289193 0.326996 0.284627 0.330798 0.283105 0.330798 0.280061 0.334601 0.278539 0.334601 0.275495 0.338403 0.273973 0.338403 0.272451 0.342205 0.270928 0.342205 0.269406 0.346008 0.267884 0.346008 0.264840 0.349810 0.263318 0.349810 0.260274 0.353612 0.258752 0.353612 0.255708 0.357414 0.254186 0.357414 0.252664 0.368821 0.248097 0.372624 0.248097 0.376426 0.246575 0.380228 0.246575 0.384030 0.248097 0.391635 0.248097 0.391635 0.246575 0.399240 0.243531 0.403042 0.245053 0.418251 0.245053 0.422053 0.243531 0.433460 0.243531 0.437262 0.245053 0.444867 0.245053 0.444867 0.243531 0.448669 0.242009 0.463878 0.242009 0.471483 0.238965 0.479087 0.238965 0.482890 0.237443 0.486692 0.237443 0.490494 0.235921 0.494297 0.235921 0.498099 0.234399 0.505703 0.234399 0.509506 0.232877 0.517110 0.232877 0.524715 0.235921 0.536122 0.235921 0.536122 0.231355 0.543726 0.228311 0.551331 0.228311 0.555133 0.226788 0.558935 0.226788 0.566540 0.229833 0.574144 0.229833 0.574144 0.226788 0.577947 0.225266 0.585551 0.225266 0.600760 0.231355 0.600760 0.235921 0.596958 0.237443 0.596958 0.240487 0.600760 0.242009 0.600760 0.243531 0.596958 0.245053 0.596958 0.249619 0.593156 0.251142 0.593156 0.252664 0.589354 0.254186 0.581749 0.254186 0.581749 0.257230 0.585551 0.258752 0.577947 0.261796 0.577947 0.263318 0.570342 0.266362 0.570342 0.267884 0.562738 0.270928 0.562738 0.272451 0.547529 0.278539 0.536122 0.278539 0.532319 0.280061 0.505703 0.280061 0.501901 0.278539 0.490494 0.278539 0.486692 0.277017 0.482890 0.277017 0.475285 0.273973 0.475285 0.270928 0.471483 0.269406 0.471483 0.266362 0.467681 0.264840 0.467681 0.258752 0.463878 0.257230 0.452471 0.257230 0.452471 0.267884 0.448669 0.269406 0.437262 0.264840 0.429658 0.264840 0.429658 0.267884 0.437262 0.270928 0.441065 0.270928 0.444867 0.272451 0.448669 0.272451 0.456274 0.275495 0.456274 0.277017 0.463878 0.277017 0.471483 0.280061 0.471483 0.281583 0.475285 0.283105 0.475285 0.284627 0.482890 0.284627 0.482890 0.283105 0.486692 0.281583 0.501901 0.281583 0.505703 0.283105 0.547529 0.283105 0.551331 0.284627 0.570342 0.284627 0.570342 0.280061 0.574144 0.278539 0.574144 0.275495 0.577947 0.273973 0.577947 0.272451 0.596958 0.264840 0.600760 0.264840 0.600760 0.258752 0.604563 0.257230 0.604563 0.254186 0.608365 0.252664 0.608365 0.251142 0.612167 0.249619 0.615970 0.249619 0.634981 0.257230 0.634981 0.258752 0.638783 0.260274 0.638783 0.261796 0.646388 0.264840 0.646388 0.266362 0.650190 0.267884 0.650190 0.269406 0.653992 0.270928 0.653992 0.272451 0.657795 0.273973 0.657795 0.275495 0.661597 0.277017 0.661597 0.283105 0.665399 0.284627 0.665399 0.289193 0.669202 0.290715 0.669202 0.293760 0.665399 0.295282 0.661597 0.293760 0.653992 0.293760 0.650190 0.295282 0.638783 0.295282 0.638783 0.298326 0.661597 0.298326 0.669202 0.301370 0.669202 0.302892 0.673004 0.304414 0.673004 0.308980 0.676806 0.310502 0.676806 0.319635 0.684411 0.319635 0.684411 0.299848 0.688213 0.298326 0.688213 0.293760 0.684411 0.292237 0.684411 0.283105 0.676806 0.283105 0.673004 0.281583 0.673004 0.278539 0.669202 0.277017 0.669202 0.269406 0.665399 0.269406 0.661597 0.267884 0.661597 0.266362 0.657795 0.264840 0.657795 0.260274 0.653992 0.258752 0.653992 0.255708 0.650190 0.254186 0.650190 0.251142 0.646388 0.249619 0.646388 0.248097 0.642586 0.246575 0.642586 0.245053 0.638783 0.243531 0.638783 0.240487 0.634981 0.240487 0.631179 0.238965 0.631179 0.237443 0.627376 0.235921 0.627376 0.232877 0.623574 0.231355 0.623574 0.228311 0.627376 0.226788 0.634981 0.226788 0.638783 0.228311 0.638783 0.229833 0.646388 0.229833 0.646388 0.226788 0.642586 0.226788 0.638783 0.225266 0.638783 0.222222 0.634981 0.222222 0.619772 0.216134 0.619772 0.214612 0.615970 0.213090 0.615970 0.211568 0.623574 0.208524 0.623574 0.205479 0.615970 0.202435 0.612167 0.202435 0.608365 0.200913 0.608365 0.196347 0.604563 0.194825 0.608365 0.193303 0.615970 0.193303 0.619772 0.191781 0.619772 0.188737 0.615970 0.187215 0.619772 0.185693 0.619772 0.184170 0.623574 0.182648 0.646388 0.182648 0.650190 0.181126 0.669202 0.181126 0.673004 0.179604 0.688213 0.179604 0.692015 0.178082 0.745247 0.178082 0.749049 0.179604 0.764259 0.179604 0.768061 0.181126 0.771863 0.181126 0.775665 0.182648 0.779468 0.182648 0.783270 0.184170 0.790875 0.184170 0.790875 0.178082 0.787072 0.178082 0.783270 0.176560 0.775665 0.176560 0.771863 0.175038 0.771863 0.173516 0.760456 0.173516 0.756654 0.171994 0.752852 0.171994 0.749049 0.170472 0.745247 0.170472 0.741445 0.168950 0.737643 0.168950 0.733840 0.167428 0.726236 0.167428 0.726236 0.170472 0.722433 0.171994 0.707224 0.171994 0.703422 0.173516 0.692015 0.173516 0.688213 0.171994 0.661597 0.171994 0.657795 0.173516 0.612167 0.173516 0.608365 0.171994 0.608365 0.165906 0.612167 0.164384 0.619772 0.164384 0.619772 0.162861 0.627376 0.159817 0.642586 0.159817 0.646388 0.158295 0.657795 0.158295 0.661597 0.159817 0.673004 0.159817 0.676806 0.161339 0.692015 0.161339 0.692015 0.158295 0.684411 0.155251 0.680608 0.155251 0.676806 0.153729 0.676806 0.152207 0.680608 0.150685 0.688213 0.150685 0.695817 0.147641 0.707224 0.147641 0.707224 0.144597 0.703422 0.144597 0.699620 0.143075 0.699620 0.140030 0.692015 0.140030 0.688213 0.138508 0.695817 0.135464 0.711027 0.135464 0.718631 0.132420 0.718631 0.129376 0.714829 0.127854 0.714829 0.126332 0.703422 0.126332 0.699620 0.127854 0.695817 0.127854 0.692015 0.129376 0.688213 0.129376 0.684411 0.130898 0.680608 0.130898 0.676806 0.132420 0.673004 0.132420 0.669202 0.133942 0.665399 0.133942 0.661597 0.135464 0.653992 0.135464 0.650190 0.136986 0.646388 0.136986 0.646388 0.138508 0.642586 0.140030 0.634981 0.140030 0.634981 0.143075 0.642586 0.143075 0.642586 0.141553 0.646388 0.140030 0.665399 0.140030 0.669202 0.138508 0.676806 0.138508 0.680608 0.140030 0.673004 0.143075 0.661597 0.143075 0.661597 0.144597 0.653992 0.147641 0.638783 0.147641 0.634981 0.149163 0.615970 0.149163 0.612167 0.150685 0.600760 0.150685 0.596958 0.149163 0.596958 0.146119 0.589354 0.146119 0.585551 0.147641 0.566540 0.147641 0.566540 0.149163 0.558935 0.152207 0.551331 0.149163 0.551331 0.144597 0.555133 0.143075 0.555133 0.140030 0.551331 0.138508 0.547529 0.138508 0.543726 0.136986 0.543726 0.132420 0.551331 0.129376 0.551331 0.127854 0.555133 0.126332 0.555133 0.121766 0.547529 0.121766 0.547529 0.123288 0.536122 0.127854 0.532319 0.127854 0.532319 0.129376 0.528517 0.130898 0.524715 0.130898 0.524715 0.132420 0.517110 0.135464 0.517110 0.136986 0.513308 0.138508 0.509506 0.138508 0.505703 0.136986 0.509506 0.135464 0.509506 0.130898 0.513308 0.129376 0.517110 0.129376 0.517110 0.126332 0.520913 0.124810 0.520913 0.121766 0.528517 0.118721 0.528517 0.117199 0.532319 0.115677 0.532319 0.112633 0.536122 0.111111 0.536122 0.109589 0.539924 0.108067 0.539924 0.103501 0.547529 0.100457 0.547529 0.098935 0.551331 0.097412 0.551331 0.094368 0.555133 0.092846 0.555133 0.091324 0.558935 0.089802 0.558935 0.083714 0.562738 0.082192 0.562738 0.077626 0.555133 0.077626 0.555133 0.080670 0.551331 0.082192 0.551331 0.083714 0.547529 0.085236 0.547529 0.088280 0.543726 0.089802 0.543726 0.091324 0.539924 0.092846 0.539924 0.094368 0.532319 0.097412 0.532319 0.098935 0.528517 0.100457 0.528517 0.101979 0.524715 0.103501 0.524715 0.105023 0.520913 0.106545 0.520913 0.108067 0.517110 0.109589 0.517110 0.111111 0.513308 0.112633 0.513308 0.114155 0.509506 0.115677 0.509506 0.117199 0.505703 0.118721 0.505703 0.120244 0.501901 0.121766 0.501901 0.123288 0.498099 0.124810 0.498099 0.126332 0.494297 0.127854 0.494297 0.129376 0.486692 0.132420 0.486692 0.135464 0.482890 0.136986 0.482890 0.138508 0.479087 0.140030 0.479087 0.143075 0.471483 0.146119 0.471483 0.147641 0.467681 0.149163 0.463878 0.147641 0.463878 0.144597 0.467681 0.143075 0.467681 0.133942 0.463878 0.132420 0.463878 0.121766 0.467681 0.120244 0.467681 0.114155 0.460076 0.114155 0.456274 0.112633 0.456274 0.092846 0.452471 0.091324 0.452471 0.089802 0.444867 0.086758 0.444867 0.071537 0.437262 0.071537 0.437262 0.101979 0.433460 0.103501 0.429658 0.103501 0.429658 0.115677 0.425856 0.117199 0.422053 0.115677 0.422053 0.106545 0.418251 0.105023 0.418251 0.094368 0.422053 0.092846 0.422053 0.089802 0.414449 0.089802 0.410646 0.088280 0.410646 0.086758 0.406844 0.085236 0.406844 0.080670 0.403042 0.079148 0.403042 0.076104 0.399240 0.074581 0.399240 0.070015 0.395437 0.068493 0.395437 0.066971 0.399240 0.065449 0.399240 0.059361 0.391635 0.059361 0.387833 0.057839 0.387833 0.056317 0.391635 0.054795 0.395437 0.054795 0.395437 0.051750 0.391635 0.051750 0.384030 0.048706 0.387833 0.047184 0.387833 0.042618 0.384030 0.041096 0.384030 0.035008 0.380228 0.033486 0.380228 0.027397 0.376426 0.025875 0.376426 0.018265 0.372624 0.016743 0.372624 0.015221 0.368821 0.013699 0.368821 0.009132
0 0.821293 0.000000 0.821293 0.001522 0.825095 0.003044 0.825095 0.004566 0.828897 0.006088 0.828897 0.009132 0.832700 0.010654 0.832700 0.013699 0.836502 0.015221 0.836502 0.031963 0.844106 0.031963 0.847909 0.030441 0.851711 0.030441 0.851711 0.024353 0.847909 0.022831 0.847909 0.016743 0.844106 0.015221 0.844106 0.012177 0.840304 0.010654 0.840304 0.009132 0.836502 0.007610 0.836502 0.006088 0.832700 0.004566 0.832700 0.001522 0.828897 0.000000