0 0.438272 0.961578 0.434156 0.963655 0.432099 0.963655 0.430041 0.964694 0.419753 0.964694 0.417695 0.963655 0.411523 0.963655 0.409465 0.962617 0.403292 0.962617 0.403292 0.964694 0.407407 0.964694 0.409465 0.965732 0.413580 0.965732 0.415638 0.966771 0.430041 0.966771 0.432099 0.967809 0.436214 0.967809 0.436214 0.965732 0.438272 0.964694 0.440329 0.964694 0.442387 0.963655 0.446502 0.963655 0.448560 0.964694 0.448560 0.965732 0.450617 0.965732 0.454733 0.967809 0.454733 0.968847 0.456790 0.969886 0.456790 0.971963 0.458848 0.973001 0.458848 0.978193 0.460905 0.978193 0.465021 0.980270 0.465021 0.981308 0.469136 0.981308 0.469136 0.977155 0.467078 0.977155 0.465021 0.976116 0.465021 0.974039 0.462963 0.973001 0.462963 0.970924 0.460905 0.969886 0.460905 0.968847 0.458848 0.967809 0.458848 0.966771 0.456790 0.965732 0.456790 0.964694 0.454733 0.963655 0.454733 0.962617 0.452675 0.961578
0 0.518519 0.946002 0.518519 0.952233 0.516461 0.953271 0.516461 0.956386 0.514403 0.957425 0.512346 0.956386 0.512346 0.953271 0.510288 0.953271 0.508230 0.952233 0.502058 0.952233 0.502058 0.954309 0.510288 0.958463 0.510288 0.960540 0.514403 0.960540 0.514403 0.958463 0.516461 0.957425 0.520576 0.957425 0.520576 0.955348 0.522634 0.954309 0.526749 0.954309 0.526749 0.953271 0.528807 0.952233 0.530864 0.953271 0.530864 0.954309 0.532922 0.955348 0.541152 0.955348 0.543210 0.956386 0.547325 0.956386 0.547325 0.953271 0.545267 0.952233 0.545267 0.951194 0.547325 0.950156 0.547325 0.947040 0.543210 0.947040 0.541152 0.948079 0.539095 0.947040 0.534979 0.947040 0.534979 0.950156 0.532922 0.951194 0.528807 0.949117 0.528807 0.947040 0.526749 0.946002
0 0.660494 0.799585 0.660494 0.807892 0.662551 0.808930 0.662551 0.813084 0.660494 0.814123 0.658436 0.814123 0.658436 0.818276 0.662551 0.818276 0.664609 0.819315 0.668724 0.819315 0.668724 0.811007 0.666667 0.809969 0.666667 0.807892 0.664609 0.806854 0.664609 0.799585
0 0.176955 0.777778 0.176955 0.778816 0.172840 0.780893 0.172840 0.784008 0.170782 0.785047 0.170782 0.788162 0.166667 0.790239 0.166667 0.792316 0.164609 0.793354 0.158436 0.793354 0.158436 0.798546 0.164609 0.798546 0.164609 0.794393 0.166667 0.793354 0.168724 0.793354 0.170782 0.794393 0.170782 0.799585 0.166667 0.801661 0.166667 0.803738 0.168724 0.804777 0.168724 0.806854 0.174897 0.806854 0.174897 0.800623 0.176955 0.799585 0.176955 0.790239 0.179012 0.789200 0.179012 0.786085 0.181070 0.785047 0.181070 0.777778
0 0.831276 0.715472 0.831276 0.716511 0.829218 0.717549 0.825103 0.717549 0.823045 0.718588 0.820988 0.717549 0.814815 0.717549 0.814815 0.720665 0.816872 0.720665 0.818930 0.721703 0.823045 0.721703 0.825103 0.720665 0.827160 0.721703 0.827160 0.722741 0.825103 0.723780 0.823045 0.723780 0.823045 0.725857 0.825103 0.725857 0.829218 0.727934 0.829218 0.730010 0.835391 0.730010 0.835391 0.728972 0.837449 0.727934 0.837449 0.723780 0.839506 0.722741 0.839506 0.720665 0.837449 0.719626 0.837449 0.715472
0 0.115226 0.669782 0.115226 0.681205 0.125514 0.681205 0.125514 0.679128 0.127572 0.678089 0.127572 0.677051 0.129630 0.676012 0.133745 0.678089 0.137860 0.678089 0.139918 0.679128 0.139918 0.681205 0.141975 0.682243 0.141975 0.684320 0.146091 0.684320 0.146091 0.679128 0.144033 0.678089 0.144033 0.677051 0.141975 0.677051 0.135802 0.673936 0.131687 0.673936 0.129630 0.672897 0.123457 0.672897 0.119342 0.670820 0.119342 0.669782
0 0.148148 0.667705 0.148148 0.670820 0.152263 0.672897 0.152263 0.678089 0.154321 0.678089 0.156379 0.679128 0.158436 0.679128 0.164609 0.682243 0.170782 0.682243 0.172840 0.681205 0.172840 0.679128 0.176955 0.677051 0.176955 0.672897 0.166667 0.672897 0.164609 0.673936 0.162551 0.673936 0.158436 0.671859 0.158436 0.670820 0.156379 0.669782 0.156379 0.667705
0 0.526749 0.452752 0.526749 0.457944 0.522634 0.460021 0.522634 0.461059 0.520576 0.462098 0.520576 0.464174 0.514403 0.467290 0.512346 0.466251 0.512346 0.464174 0.508230 0.464174 0.506173 0.465213 0.506173 0.468328 0.508230 0.469367 0.506173 0.470405 0.506173 0.472482 0.512346 0.472482 0.522634 0.467290 0.522634 0.466251 0.524691 0.465213 0.524691 0.464174 0.526749 0.463136 0.528807 0.463136 0.530864 0.464174 0.530864 0.466251 0.532922 0.467290 0.532922 0.470405 0.537037 0.470405 0.537037 0.467290 0.534979 0.466251 0.534979 0.453790 0.532922 0.453790 0.530864 0.452752
0 0.368313 0.397715 0.366255 0.398754 0.360082 0.398754 0.358025 0.399792 0.358025 0.401869 0.353909 0.403946 0.341564 0.403946 0.339506 0.402908 0.333333 0.402908 0.333333 0.404984 0.335391 0.406023 0.337449 0.406023 0.341564 0.408100 0.341564 0.410177 0.345679 0.410177 0.347737 0.409138 0.353909 0.409138 0.353909 0.408100 0.355967 0.407061 0.370370 0.407061 0.370370 0.404984 0.364198 0.404984 0.362140 0.403946 0.362140 0.401869 0.364198 0.400831 0.372428 0.400831 0.372428 0.397715
0 0.781893 0.372793 0.779835 0.373832 0.771605 0.373832 0.767490 0.375909 0.765432 0.375909 0.763374 0.376947 0.748971 0.376947 0.744856 0.379024 0.740741 0.379024 0.738683 0.380062 0.730453 0.380062 0.728395 0.381101 0.718107 0.381101 0.716049 0.382139 0.703704 0.382139 0.703704 0.384216 0.716049 0.384216 0.718107 0.383178 0.728395 0.383178 0.730453 0.382139 0.740741 0.382139 0.742798 0.381101 0.751029 0.381101 0.753086 0.380062 0.761317 0.380062 0.763374 0.379024 0.767490 0.379024 0.769547 0.377985 0.771605 0.377985 0.773663 0.376947 0.783951 0.376947 0.788066 0.374870 0.790123 0.374870 0.790123 0.372793
0 0.853909 0.285566 0.851852 0.286604 0.843621 0.286604 0.843621 0.287643 0.839506 0.289720 0.837449 0.289720 0.835391 0.290758 0.833333 0.290758 0.833333 0.295950 0.837449 0.295950 0.839506 0.294912 0.841564 0.294912 0.845679 0.292835 0.847737 0.292835 0.851852 0.290758 0.853909 0.290758 0.855967 0.289720 0.862140 0.289720 0.862140 0.286604 0.860082 0.286604 0.858025 0.285566
0 0.304527 0.164071 0.304527 0.170301 0.302469 0.171340 0.302469 0.173416 0.300412 0.174455 0.300412 0.176532 0.302469 0.177570 0.302469 0.184839 0.304527 0.185877 0.304527 0.188993 0.308642 0.188993 0.310700 0.187954 0.314815 0.187954 0.314815 0.185877 0.312757 0.184839 0.312757 0.183801 0.310700 0.182762 0.310700 0.180685 0.308642 0.179647 0.308642 0.164071
0 0.339506 0.156802 0.339506 0.161994 0.341564 0.163032 0.341564 0.172378 0.339506 0.173416 0.339506 0.176532 0.343621 0.176532 0.347737 0.178609 0.347737 0.180685 0.351852 0.180685 0.351852 0.177570 0.349794 0.176532 0.349794 0.169263 0.351852 0.168224 0.351852 0.166147 0.349794 0.165109 0.349794 0.163032 0.347737 0.161994 0.347737 0.159917 0.345679 0.158879 0.345679 0.156802
0 0.572016 0.074766 0.569959 0.075805 0.567901 0.075805 0.567901 0.086189 0.565844 0.087227 0.565844 0.089304 0.563786 0.090343 0.563786 0.092420 0.567901 0.092420 0.567901 0.091381 0.569959 0.090343 0.574074 0.090343 0.574074 0.086189 0.572016 0.085151 0.572016 0.083074 0.574074 0.082035 0.574074 0.078920 0.576132 0.077882 0.576132 0.074766
0 0.473251 0.060228 0.473251 0.062305 0.475309 0.063344 0.475309 0.068536 0.477366 0.069574 0.477366 0.077882 0.479424 0.078920 0.479424 0.084112 0.483539 0.084112 0.485597 0.085151 0.487654 0.085151 0.489712 0.086189 0.489712 0.088266 0.487654 0.089304 0.485597 0.089304 0.485597 0.091381 0.487654 0.092420 0.485597 0.093458 0.483539 0.093458 0.481481 0.092420 0.481481 0.088266 0.477366 0.088266 0.477366 0.089304 0.475309 0.090343 0.471193 0.088266 0.471193 0.087227 0.469136 0.086189 0.469136 0.085151 0.467078 0.084112 0.467078 0.082035 0.465021 0.080997 0.465021 0.079958 0.460905 0.077882 0.460905 0.076843 0.458848 0.075805 0.458848 0.074766 0.456790 0.073728 0.456790 0.072690 0.454733 0.071651 0.454733 0.070613 0.452675 0.069574 0.452675 0.068536 0.448560 0.068536 0.448560 0.070613 0.450617 0.071651 0.450617 0.072690 0.452675 0.073728 0.452675 0.074766 0.454733 0.075805 0.454733 0.076843 0.456790 0.077882 0.456790 0.078920 0.458848 0.079958 0.458848 0.080997 0.460905 0.082035 0.460905 0.085151 0.462963 0.086189 0.462963 0.087227 0.467078 0.089304 0.467078 0.090343 0.471193 0.092420 0.471193 0.093458 0.475309 0.095535 0.475309 0.098650 0.473251 0.099688 0.473251 0.103842 0.477366 0.103842 0.477366 0.101765 0.479424 0.100727 0.481481 0.101765 0.481481 0.105919 0.489712 0.110073 0.489712 0.112150 0.491770 0.113188 0.491770 0.132918 0.489712 0.133956 0.489712 0.136033 0.487654 0.137072 0.487654 0.138110 0.485597 0.139148 0.483539 0.139148 0.481481 0.138110 0.481481 0.134995 0.477366 0.134995 0.477366 0.140187 0.481481 0.140187 0.483539 0.141225 0.481481 0.142264 0.477366 0.142264 0.477366 0.145379 0.479424 0.146417 0.479424 0.149533 0.481481 0.150571 0.481481 0.151610 0.479424 0.152648 0.479424 0.153686 0.477366 0.154725 0.475309 0.153686 0.475309 0.152648 0.471193 0.152648 0.471193 0.154725 0.473251 0.155763 0.471193 0.156802 0.469136 0.156802 0.467078 0.155763 0.465021 0.155763 0.462963 0.154725 0.462963 0.152648 0.460905 0.151610 0.460905 0.149533 0.458848 0.148494 0.458848 0.146417 0.456790 0.145379 0.456790 0.143302 0.454733 0.142264 0.454733 0.140187 0.452675 0.139148 0.452675 0.137072 0.448560 0.137072 0.448560 0.140187 0.450617 0.141225 0.450617 0.143302 0.452675 0.144341 0.452675 0.147456 0.454733 0.148494 0.454733 0.151610 0.456790 0.152648 0.456790 0.154725 0.460905 0.154725 0.462963 0.155763 0.460905 0.156802 0.456790 0.156802 0.454733 0.157840 0.444444 0.157840 0.444444 0.159917 0.442387 0.160955 0.440329 0.159917 0.440329 0.155763 0.432099 0.151610 0.430041 0.151610 0.423868 0.148494 0.421811 0.148494 0.419753 0.147456 0.419753 0.146417 0.413580 0.143302 0.413580 0.142264 0.409465 0.140187 0.409465 0.139148 0.405350 0.137072 0.405350 0.136033 0.395062 0.130841 0.395062 0.129803 0.390947 0.127726 0.390947 0.126687 0.386831 0.124611 0.386831 0.123572 0.384774 0.122534 0.384774 0.121495 0.380658 0.119418 0.380658 0.118380 0.376543 0.116303 0.376543 0.115265 0.372428 0.113188 0.372428 0.112150 0.368313 0.110073 0.368313 0.109034 0.366255 0.107996 0.366255 0.106957 0.364198 0.105919 0.364198 0.104881 0.360082 0.102804 0.360082 0.101765 0.358025 0.100727 0.358025 0.099688 0.353909 0.097612 0.353909 0.096573 0.351852 0.095535 0.351852 0.094496 0.347737 0.094496 0.347737 0.096573 0.349794 0.097612 0.349794 0.098650 0.351852 0.099688 0.349794 0.100727 0.347737 0.100727 0.347737 0.102804 0.349794 0.103842 0.349794 0.104881 0.355967 0.107996 0.355967 0.109034 0.358025 0.110073 0.358025 0.113188 0.360082 0.114226 0.358025 0.115265 0.358025 0.117342 0.364198 0.120457 0.364198 0.121495 0.370370 0.124611 0.370370 0.125649 0.378601 0.129803 0.378601 0.133956 0.384774 0.137072 0.384774 0.139148 0.386831 0.140187 0.393004 0.140187 0.401235 0.144341 0.401235 0.145379 0.403292 0.146417 0.403292 0.148494 0.405350 0.149533 0.405350 0.150571 0.407407 0.151610 0.407407 0.152648 0.409465 0.153686 0.407407 0.154725 0.405350 0.154725 0.403292 0.153686 0.401235 0.153686 0.395062 0.150571 0.395062 0.149533 0.390947 0.149533 0.390947 0.152648 0.393004 0.153686 0.393004 0.154725 0.399177 0.157840 0.399177 0.158879 0.401235 0.159917 0.401235 0.160955 0.403292 0.161994 0.403292 0.163032 0.407407 0.163032 0.407407 0.160955 0.405350 0.159917 0.407407 0.158879 0.411523 0.158879 0.415638 0.160955 0.415638 0.161994 0.417695 0.163032 0.417695 0.164071 0.419753 0.165109 0.419753 0.166147 0.421811 0.167186 0.421811 0.169263 0.423868 0.170301 0.423868 0.171340 0.421811 0.172378 0.417695 0.172378 0.417695 0.178609 0.415638 0.179647 0.413580 0.179647 0.405350 0.183801 0.401235 0.183801 0.399177 0.184839 0.388889 0.184839 0.386831 0.185877 0.384774 0.185877 0.382716 0.186916 0.380658 0.186916 0.376543 0.188993 0.374486 0.188993 0.372428 0.187954 0.372428 0.178609 0.374486 0.177570 0.374486 0.173416 0.376543 0.172378 0.376543 0.166147 0.372428 0.166147 0.372428 0.170301 0.370370 0.171340 0.370370 0.177570 0.368313 0.178609 0.368313 0.185877 0.364198 0.187954 0.362140 0.187954 0.362140 0.191070 0.355967 0.194185 0.353909 0.194185 0.351852 0.193146 0.351852 0.192108 0.349794 0.191070 0.349794 0.188993 0.345679 0.188993 0.343621 0.187954 0.343621 0.186916 0.339506 0.186916 0.339506 0.188993 0.341564 0.190031 0.341564 0.196262 0.337449 0.198339 0.331276 0.198339 0.329218 0.199377 0.327160 0.198339 0.327160 0.197300 0.323045 0.197300 0.323045 0.200415 0.320988 0.201454 0.312757 0.201454 0.312757 0.203531 0.306584 0.206646 0.292181 0.206646 0.290123 0.207684 0.288066 0.207684 0.286008 0.206646 0.286008 0.204569 0.283951 0.203531 0.283951 0.199377 0.281893 0.198339 0.281893 0.192108 0.277778 0.192108 0.277778 0.199377 0.279835 0.200415 0.279835 0.205607 0.277778 0.206646 0.273663 0.204569 0.273663 0.203531 0.271605 0.202492 0.271605 0.201454 0.267490 0.201454 0.267490 0.203531 0.265432 0.204569 0.265432 0.206646 0.271605 0.209761 0.271605 0.213915 0.265432 0.217030 0.263374 0.217030 0.255144 0.221184 0.251029 0.221184 0.246914 0.223261 0.236626 0.223261 0.236626 0.226376 0.230453 0.229491 0.224280 0.229491 0.222222 0.230530 0.209877 0.230530 0.209877 0.233645 0.207819 0.234683 0.201646 0.234683 0.199588 0.235722 0.187243 0.235722 0.187243 0.237799 0.199588 0.237799 0.201646 0.238837 0.195473 0.241952 0.193416 0.241952 0.187243 0.245067 0.185185 0.245067 0.174897 0.250260 0.172840 0.250260 0.170782 0.251298 0.170782 0.253375 0.174897 0.253375 0.176955 0.252336 0.179012 0.252336 0.183128 0.250260 0.185185 0.250260 0.189300 0.248183 0.191358 0.248183 0.195473 0.246106 0.197531 0.246106 0.199588 0.245067 0.201646 0.245067 0.205761 0.242991 0.207819 0.242991 0.211934 0.240914 0.216049 0.240914 0.220165 0.238837 0.222222 0.238837 0.224280 0.237799 0.226337 0.237799 0.228395 0.236760 0.230453 0.236760 0.232510 0.235722 0.238683 0.235722 0.240741 0.236760 0.246914 0.236760 0.255144 0.240914 0.255144 0.241952 0.257202 0.242991 0.257202 0.244029 0.259259 0.245067 0.259259 0.250260 0.261317 0.250260 0.263374 0.251298 0.263374 0.252336 0.267490 0.254413 0.267490 0.255452 0.271605 0.257529 0.271605 0.258567 0.273663 0.259605 0.273663 0.264798 0.269547 0.266874 0.269547 0.268951 0.267490 0.269990 0.267490 0.272066 0.271605 0.272066 0.273663 0.271028 0.273663 0.269990 0.275720 0.268951 0.275720 0.267913 0.277778 0.266874 0.279835 0.266874 0.283951 0.268951 0.283951 0.269990 0.286008 0.271028 0.286008 0.274143 0.277778 0.278297 0.269547 0.278297 0.269547 0.279335 0.267490 0.280374 0.267490 0.281412 0.263374 0.283489 0.259259 0.283489 0.257202 0.284528 0.257202 0.287643 0.251029 0.290758 0.251029 0.292835 0.253086 0.293873 0.253086 0.296989 0.251029 0.298027 0.251029 0.299065 0.248971 0.300104 0.246914 0.300104 0.242798 0.302181 0.240741 0.302181 0.234568 0.305296 0.232510 0.305296 0.230453 0.304258 0.230453 0.303219 0.232510 0.302181 0.232510 0.301142 0.238683 0.298027 0.240741 0.298027 0.240741 0.295950 0.236626 0.295950 0.234568 0.296989 0.232510 0.296989 0.228395 0.299065 0.226337 0.299065 0.222222 0.301142 0.220165 0.301142 0.218107 0.302181 0.218107 0.303219 0.216049 0.304258 0.211934 0.304258 0.209877 0.305296 0.209877 0.307373 0.213992 0.307373 0.216049 0.306334 0.216049 0.305296 0.218107 0.304258 0.222222 0.304258 0.224280 0.305296 0.213992 0.310488 0.213992 0.311526 0.205761 0.315680 0.203704 0.315680 0.199588 0.317757 0.197531 0.317757 0.193416 0.319834 0.191358 0.319834 0.189300 0.318795 0.199588 0.313603 0.199588 0.312565 0.201646 0.311526 0.203704 0.311526 0.205761 0.310488 0.205761 0.308411 0.201646 0.308411 0.199588 0.309450 0.199588 0.310488 0.197531 0.311526 0.195473 0.311526 0.185185 0.316719 0.183128 0.316719 0.172840 0.321911 0.158436 0.321911 0.158436 0.323988 0.160494 0.323988 0.162551 0.325026 0.146091 0.333333 0.144033 0.333333 0.144033 0.334372 0.139918 0.336449 0.137860 0.336449 0.137860 0.337487 0.135802 0.338525 0.133745 0.338525 0.129630 0.340602 0.129630 0.342679 0.135802 0.342679 0.137860 0.341641 0.160494 0.341641 0.162551 0.342679 0.170782 0.342679 0.172840 0.343718 0.172840 0.349948 0.170782 0.350987 0.156379 0.350987 0.154321 0.349948 0.150206 0.349948 0.150206 0.352025 0.152263 0.353063 0.152263 0.354102 0.156379 0.356179 0.160494 0.356179 0.162551 0.357217 0.162551 0.361371 0.164609 0.362409 0.168724 0.362409 0.174897 0.365524 0.174897 0.366563 0.179012 0.366563 0.187243 0.370717 0.187243 0.372793 0.185185 0.373832 0.185185 0.375909 0.189300 0.375909 0.189300 0.374870 0.193416 0.372793 0.195473 0.372793 0.199588 0.374870 0.199588 0.375909 0.201646 0.376947 0.199588 0.377985 0.199588 0.380062 0.195473 0.382139 0.193416 0.382139 0.189300 0.384216 0.189300 0.386293 0.199588 0.386293 0.201646 0.385254 0.205761 0.385254 0.211934 0.382139 0.218107 0.382139 0.222222 0.380062 0.226337 0.380062 0.228395 0.379024 0.230453 0.379024 0.232510 0.377985 0.234568 0.377985 0.238683 0.375909 0.240741 0.375909 0.242798 0.374870 0.244856 0.374870 0.246914 0.373832 0.248971 0.373832 0.251029 0.372793 0.255144 0.372793 0.257202 0.371755 0.259259 0.371755 0.261317 0.370717 0.263374 0.370717 0.265432 0.369678 0.267490 0.369678 0.269547 0.368640 0.275720 0.368640 0.277778 0.369678 0.277778 0.377985 0.279835 0.379024 0.279835 0.382139 0.281893 0.383178 0.281893 0.384216 0.283951 0.384216 0.286008 0.385254 0.283951 0.386293 0.281893 0.386293 0.273663 0.390447 0.271605 0.390447 0.267490 0.392523 0.267490 0.394600 0.269547 0.394600 0.271605 0.395639 0.269547 0.396677 0.269547 0.397715 0.267490 0.398754 0.267490 0.399792 0.265432 0.400831 0.265432 0.401869 0.263374 0.402908 0.263374 0.404984 0.261317 0.406023 0.261317 0.408100 0.265432 0.408100 0.265432 0.407061 0.267490 0.406023 0.267490 0.404984 0.269547 0.403946 0.269547 0.402908 0.271605 0.401869 0.271605 0.400831 0.275720 0.398754 0.275720 0.397715 0.277778 0.396677 0.277778 0.395639 0.279835 0.394600 0.279835 0.393562 0.281893 0.392523 0.281893 0.391485 0.283951 0.390447 0.290123 0.393562 0.290123 0.394600 0.294239 0.394600 0.296296 0.395639 0.298354 0.395639 0.302469 0.397715 0.304527 0.397715 0.308642 0.399792 0.310700 0.399792 0.312757 0.400831 0.314815 0.400831 0.316872 0.401869 0.325103 0.401869 0.325103 0.397715 0.327160 0.396677 0.327160 0.394600 0.325103 0.394600 0.323045 0.393562 0.320988 0.393562 0.312757 0.389408 0.312757 0.387331 0.314815 0.386293 0.316872 0.386293 0.316872 0.383178 0.318930 0.382139 0.325103 0.382139 0.327160 0.381101 0.364198 0.381101 0.364198 0.379024 0.345679 0.379024 0.343621 0.377985 0.349794 0.374870 0.351852 0.374870 0.351852 0.372793 0.341564 0.372793 0.339506 0.371755 0.339506 0.370717 0.343621 0.368640 0.345679 0.368640 0.347737 0.369678 0.358025 0.369678 0.360082 0.370717 0.360082 0.371755 0.380658 0.371755 0.382716 0.370717 0.388889 0.370717 0.390947 0.369678 0.393004 0.369678 0.395062 0.368640 0.401235 0.368640 0.403292 0.367601 0.411523 0.367601 0.413580 0.366563 0.423868 0.366563 0.430041 0.369678 0.430041 0.371755 0.427984 0.372793 0.427984 0.373832 0.425926 0.374870 0.423868 0.374870 0.421811 0.375909 0.421811 0.376947 0.419753 0.377985 0.419753 0.379024 0.417695 0.380062 0.415638 0.380062 0.413580 0.381101 0.409465 0.381101 0.409465 0.385254 0.407407 0.386293 0.397119 0.386293 0.395062 0.387331 0.382716 0.387331 0.382716 0.392523 0.386831 0.392523 0.388889 0.391485 0.390947 0.391485 0.395062 0.389408 0.399177 0.389408 0.401235 0.388370 0.405350 0.390447 0.405350 0.391485 0.403292 0.392523 0.401235 0.392523 0.401235 0.393562 0.399177 0.394600 0.399177 0.395639 0.397119 0.396677 0.397119 0.397715 0.393004 0.399792 0.380658 0.399792 0.380658 0.403946 0.384774 0.403946 0.386831 0.404984 0.386831 0.410177 0.384774 0.411215 0.384774 0.412253 0.378601 0.415369 0.378601 0.418484 0.382716 0.418484 0.382716 0.417445 0.384774 0.416407 0.386831 0.416407 0.390947 0.418484 0.395062 0.418484 0.397119 0.419522 0.401235 0.419522 0.401235 0.418484 0.403292 0.417445 0.403292 0.412253 0.401235 0.411215 0.397119 0.411215 0.390947 0.414330 0.388889 0.413292 0.388889 0.412253 0.390947 0.411215 0.390947 0.410177 0.393004 0.409138 0.393004 0.408100 0.397119 0.406023 0.401235 0.406023 0.403292 0.404984 0.405350 0.404984 0.407407 0.403946 0.413580 0.403946 0.415638 0.402908 0.417695 0.402908 0.421811 0.404984 0.421811 0.408100 0.419753 0.409138 0.419753 0.414330 0.417695 0.415369 0.417695 0.416407 0.415638 0.417445 0.415638 0.436137 0.413580 0.437175 0.413580 0.447560 0.411523 0.448598 0.411523 0.457944 0.413580 0.458982 0.413580 0.467290 0.415638 0.468328 0.415638 0.472482 0.419753 0.472482 0.419753 0.468328 0.417695 0.467290 0.417695 0.449637 0.419753 0.448598 0.419753 0.435099 0.421811 0.434060 0.421811 0.421599 0.423868 0.420561 0.423868 0.417445 0.425926 0.416407 0.425926 0.415369 0.430041 0.413292 0.436214 0.413292 0.436214 0.409138 0.434156 0.408100 0.436214 0.407061 0.436214 0.406023 0.440329 0.403946 0.446502 0.407061 0.446502 0.409138 0.454733 0.409138 0.456790 0.410177 0.456790 0.412253 0.458848 0.413292 0.458848 0.414330 0.460905 0.415369 0.460905 0.419522 0.462963 0.420561 0.462963 0.423676 0.465021 0.424714 0.465021 0.426791 0.467078 0.427830 0.467078 0.430945 0.469136 0.431983 0.469136 0.437175 0.471193 0.438214 0.471193 0.439252 0.473251 0.440291 0.473251 0.447560 0.475309 0.448598 0.475309 0.454829 0.477366 0.455867 0.477366 0.457944 0.475309 0.458982 0.475309 0.461059 0.479424 0.461059 0.481481 0.462098 0.481481 0.472482 0.479424 0.473520 0.479424 0.485981 0.477366 0.487020 0.477366 0.491173 0.475309 0.492212 0.475309 0.494289 0.477366 0.495327 0.477366 0.499481 0.479424 0.500519 0.479424 0.504673 0.477366 0.505711 0.477366 0.516096 0.475309 0.517134 0.475309 0.518172 0.473251 0.519211 0.473251 0.526480 0.475309 0.527518 0.475309 0.530633 0.471193 0.532710 0.469136 0.531672 0.465021 0.531672 0.465021 0.534787 0.469136 0.534787 0.471193 0.535826 0.471193 0.536864 0.473251 0.536864 0.475309 0.537902 0.475309 0.541018 0.471193 0.543094 0.467078 0.543094 0.467078 0.546210 0.469136 0.547248 0.469136 0.555556 0.467078 0.556594 0.467078 0.559709 0.465021 0.560748 0.462963 0.560748 0.458848 0.562825 0.454733 0.562825 0.450617 0.564901 0.446502 0.564901 0.446502 0.568017 0.452675 0.568017 0.452675 0.566978 0.454733 0.565940 0.456790 0.565940 0.458848 0.564901 0.460905 0.564901 0.462963 0.565940 0.462963 0.566978 0.469136 0.566978 0.469136 0.561786 0.471193 0.560748 0.473251 0.560748 0.475309 0.561786 0.475309 0.562825 0.477366 0.563863 0.477366 0.564901 0.475309 0.565940 0.475309 0.566978 0.473251 0.568017 0.473251 0.571132 0.471193 0.572170 0.471193 0.576324 0.473251 0.577362 0.471193 0.578401 0.471193 0.582555 0.469136 0.583593 0.469136 0.585670 0.471193 0.586708 0.467078 0.588785 0.460905 0.588785 0.456790 0.590862 0.454733 0.590862 0.452675 0.589823 0.452675 0.584631 0.440329 0.584631 0.438272 0.585670 0.432099 0.585670 0.430041 0.584631 0.430041 0.583593 0.427984 0.582555 0.427984 0.581516 0.425926 0.580478 0.425926 0.579439 0.419753 0.579439 0.417695 0.578401 0.417695 0.571132 0.409465 0.571132 0.405350 0.573209 0.403292 0.573209 0.403292 0.575286 0.401235 0.576324 0.399177 0.576324 0.399177 0.577362 0.397119 0.578401 0.395062 0.578401 0.395062 0.581516 0.393004 0.582555 0.390947 0.581516 0.384774 0.581516 0.384774 0.586708 0.386831 0.587747 0.386831 0.588785 0.384774 0.589823 0.382716 0.589823 0.382716 0.598131 0.380658 0.599169 0.376543 0.599169 0.372428 0.601246 0.372428 0.604361 0.370370 0.605400 0.368313 0.604361 0.368313 0.603323 0.362140 0.603323 0.362140 0.605400 0.364198 0.606438 0.360082 0.608515 0.351852 0.608515 0.349794 0.609553 0.347737 0.608515 0.347737 0.607477 0.345679 0.606438 0.347737 0.605400 0.347737 0.603323 0.335391 0.603323 0.335391 0.605400 0.333333 0.606438 0.329218 0.604361 0.327160 0.604361 0.325103 0.603323 0.325103 0.601246 0.323045 0.600208 0.323045 0.598131 0.320988 0.598131 0.318930 0.597092 0.318930 0.595016 0.316872 0.595016 0.312757 0.592939 0.312757 0.584631 0.314815 0.583593 0.325103 0.583593 0.325103 0.581516 0.329218 0.579439 0.333333 0.579439 0.335391 0.580478 0.351852 0.580478 0.353909 0.579439 0.353909 0.577362 0.351852 0.577362 0.349794 0.576324 0.345679 0.576324 0.341564 0.574247 0.341564 0.572170 0.337449 0.572170 0.337449 0.574247 0.333333 0.576324 0.331276 0.576324 0.329218 0.577362 0.327160 0.577362 0.323045 0.575286 0.320988 0.575286 0.318930 0.574247 0.316872 0.574247 0.314815 0.573209 0.310700 0.573209 0.308642 0.572170 0.304527 0.572170 0.302469 0.573209 0.300412 0.573209 0.300412 0.575286 0.298354 0.576324 0.296296 0.575286 0.296296 0.574247 0.292181 0.574247 0.292181 0.575286 0.290123 0.576324 0.288066 0.576324 0.283951 0.578401 0.277778 0.578401 0.277778 0.581516 0.283951 0.581516 0.286008 0.582555 0.283951 0.583593 0.279835 0.583593 0.279835 0.585670 0.281893 0.585670 0.286008 0.587747 0.292181 0.587747 0.294239 0.588785 0.294239 0.590862 0.292181 0.591900 0.286008 0.591900 0.283951 0.590862 0.279835 0.590862 0.279835 0.592939 0.281893 0.592939 0.286008 0.595016 0.286008 0.598131 0.283951 0.599169 0.281893 0.599169 0.281893 0.603323 0.286008 0.603323 0.288066 0.604361 0.288066 0.605400 0.286008 0.606438 0.283951 0.606438 0.283951 0.609553 0.281893 0.610592 0.281893 0.612669 0.283951 0.613707 0.281893 0.614746 0.275720 0.614746 0.273663 0.613707 0.273663 0.610592 0.267490 0.610592 0.265432 0.609553 0.265432 0.607477 0.259259 0.607477 0.259259 0.608515 0.257202 0.609553 0.255144 0.609553 0.253086 0.608515 0.251029 0.608515 0.248971 0.607477 0.248971 0.605400 0.251029 0.604361 0.261317 0.604361 0.261317 0.602285 0.251029 0.602285 0.246914 0.600208 0.246914 0.598131 0.244856 0.597092 0.244856 0.595016 0.242798 0.593977 0.242798 0.590862 0.236626 0.590862 0.236626 0.597092 0.234568 0.598131 0.234568 0.600208 0.236626 0.601246 0.236626 0.603323 0.242798 0.606438 0.242798 0.607477 0.246914 0.607477 0.248971 0.608515 0.248971 0.610592 0.251029 0.611630 0.251029 0.613707 0.248971 0.614746 0.248971 0.616822 0.251029 0.617861 0.251029 0.618899 0.248971 0.619938 0.248971 0.620976 0.246914 0.622015 0.246914 0.627207 0.244856 0.628245 0.240741 0.628245 0.236626 0.630322 0.232510 0.630322 0.232510 0.635514 0.230453 0.636552 0.230453 0.638629 0.226337 0.640706 0.213992 0.640706 0.213992 0.642783 0.216049 0.643821 0.216049 0.645898 0.213992 0.646937 0.211934 0.646937 0.209877 0.647975 0.205761 0.647975 0.205761 0.651090 0.203704 0.652129 0.197531 0.652129 0.195473 0.651090 0.189300 0.651090 0.185185 0.649013 0.179012 0.649013 0.176955 0.647975 0.176955 0.646937 0.170782 0.646937 0.170782 0.651090 0.172840 0.652129 0.172840 0.654206 0.170782 0.655244 0.170782 0.659398 0.172840 0.660436 0.176955 0.660436 0.183128 0.657321 0.185185 0.657321 0.187243 0.658359 0.187243 0.659398 0.189300 0.659398 0.193416 0.661475 0.193416 0.664590 0.191358 0.665628 0.191358 0.667705 0.193416 0.668744 0.199588 0.668744 0.201646 0.669782 0.201646 0.672897 0.203704 0.673936 0.203704 0.679128 0.205761 0.680166 0.205761 0.684320 0.203704 0.685358 0.203704 0.687435 0.205761 0.688474 0.207819 0.688474 0.209877 0.689512 0.209877 0.693666 0.205761 0.695742 0.203704 0.695742 0.201646 0.696781 0.201646 0.698858 0.205761 0.698858 0.207819 0.699896 0.207819 0.701973 0.205761 0.703011 0.205761 0.704050 0.203704 0.705088 0.201646 0.704050 0.201646 0.703011 0.197531 0.703011 0.195473 0.704050 0.195473 0.710280 0.193416 0.711319 0.193416 0.715472 0.191358 0.716511 0.191358 0.721703 0.193416 0.722741 0.193416 0.725857 0.191358 0.726895 0.191358 0.728972 0.189300 0.730010 0.189300 0.738318 0.187243 0.739356 0.187243 0.744548 0.185185 0.745587 0.185185 0.749740 0.183128 0.750779 0.183128 0.754933 0.181070 0.755971 0.181070 0.766355 0.179012 0.767394 0.179012 0.772586 0.183128 0.772586 0.183128 0.769470 0.185185 0.768432 0.185185 0.767394 0.187243 0.766355 0.187243 0.758048 0.189300 0.757009 0.189300 0.755971 0.191358 0.754933 0.193416 0.755971 0.193416 0.757009 0.195473 0.758048 0.195473 0.759086 0.197531 0.760125 0.197531 0.765317 0.199588 0.765317 0.201646 0.766355 0.201646 0.774663 0.207819 0.774663 0.207819 0.771547 0.209877 0.770509 0.209877 0.768432 0.213992 0.766355 0.216049 0.766355 0.218107 0.767394 0.218107 0.773624 0.220165 0.774663 0.220165 0.775701 0.222222 0.775701 0.224280 0.776739 0.224280 0.778816 0.226337 0.779855 0.226337 0.784008 0.228395 0.785047 0.228395 0.788162 0.232510 0.790239 0.232510 0.791277 0.234568 0.792316 0.232510 0.793354 0.232510 0.795431 0.234568 0.795431 0.236626 0.796469 0.236626 0.797508 0.238683 0.798546 0.238683 0.799585 0.240741 0.800623 0.240741 0.804777 0.242798 0.805815 0.242798 0.809969 0.240741 0.811007 0.238683 0.811007 0.236626 0.809969 0.230453 0.809969 0.230453 0.812046 0.234568 0.812046 0.236626 0.813084 0.240741 0.813084 0.242798 0.814123 0.242798 0.817238 0.244856 0.818276 0.244856 0.820353 0.248971 0.822430 0.253086 0.822430 0.255144 0.823468 0.255144 0.824507 0.259259 0.824507 0.261317 0.825545 0.261317 0.826584 0.263374 0.827622 0.263374 0.829699 0.265432 0.829699 0.275720 0.834891 0.275720 0.838006 0.273663 0.839045 0.269547 0.839045 0.265432 0.841121 0.259259 0.841121 0.257202 0.842160 0.251029 0.842160 0.251029 0.843198 0.248971 0.844237 0.240741 0.844237 0.240741 0.846314 0.246914 0.846314 0.251029 0.848390 0.251029 0.849429 0.253086 0.850467 0.253086 0.853583 0.255144 0.853583 0.257202 0.854621 0.257202 0.855659 0.261317 0.855659 0.265432 0.857736 0.265432 0.860852 0.271605 0.860852 0.271605 0.858775 0.269547 0.857736 0.269547 0.856698 0.267490 0.855659 0.267490 0.852544 0.265432 0.851506 0.267490 0.850467 0.267490 0.848390 0.265432 0.848390 0.263374 0.847352 0.267490 0.845275 0.269547 0.845275 0.271605 0.846314 0.271605 0.848390 0.277778 0.848390 0.279835 0.849429 0.279835 0.851506 0.277778 0.852544 0.277778 0.854621 0.283951 0.854621 0.286008 0.855659 0.288066 0.855659 0.290123 0.856698 0.294239 0.856698 0.296296 0.857736 0.296296 0.858775 0.294239 0.859813 0.294239 0.861890 0.292181 0.862928 0.290123 0.862928 0.283951 0.866044 0.279835 0.866044 0.279835 0.868120 0.281893 0.869159 0.279835 0.870197 0.279835 0.871236 0.277778 0.872274 0.277778 0.873313 0.273663 0.875389 0.271605 0.875389 0.271605 0.877466 0.275720 0.877466 0.277778 0.878505 0.275720 0.879543 0.275720 0.889927 0.273663 0.890966 0.273663 0.894081 0.267490 0.897196 0.263374 0.897196 0.261317 0.898235 0.261317 0.899273 0.259259 0.900312 0.259259 0.902388 0.257202 0.903427 0.257202 0.904465 0.255144 0.905504 0.253086 0.905504 0.253086 0.907580 0.255144 0.908619 0.251029 0.910696 0.251029 0.912773 0.253086 0.913811 0.253086 0.915888 0.248971 0.917965 0.246914 0.916926 0.246914 0.913811 0.242798 0.913811 0.240741 0.914849 0.240741 0.915888 0.238683 0.916926 0.238683 0.919003 0.242798 0.919003 0.244856 0.920042 0.244856 0.922118 0.246914 0.923157 0.246914 0.931464 0.244856 0.932503 0.244856 0.934579 0.248971 0.934579 0.251029 0.933541 0.259259 0.937695 0.263374 0.937695 0.263374 0.935618 0.265432 0.934579 0.267490 0.935618 0.267490 0.937695 0.271605 0.937695 0.271605 0.935618 0.269547 0.934579 0.269547 0.916926 0.271605 0.915888 0.271605 0.911734 0.273663 0.910696 0.277778 0.910696 0.277778 0.909657 0.283951 0.906542 0.286008 0.906542 0.288066 0.905504 0.290123 0.905504 0.294239 0.907580 0.294239 0.909657 0.296296 0.910696 0.296296 0.913811 0.298354 0.914849 0.302469 0.914849 0.302469 0.905504 0.298354 0.905504 0.296296 0.904465 0.298354 0.903427 0.302469 0.903427 0.306584 0.901350 0.308642 0.901350 0.312757 0.903427 0.312757 0.904465 0.314815 0.905504 0.314815 0.907580 0.312757 0.908619 0.312757 0.913811 0.316872 0.913811 0.318930 0.914849 0.331276 0.914849 0.333333 0.913811 0.335391 0.914849 0.337449 0.914849 0.341564 0.916926 0.343621 0.916926 0.345679 0.917965 0.345679 0.919003 0.343621 0.920042 0.343621 0.922118 0.347737 0.924195 0.347737 0.926272 0.349794 0.927310 0.347737 0.928349 0.347737 0.930426 0.345679 0.931464 0.343621 0.930426 0.335391 0.930426 0.335391 0.932503 0.337449 0.933541 0.341564 0.933541 0.343621 0.934579 0.343621 0.938733 0.341564 0.939772 0.341564 0.941848 0.345679 0.941848 0.347737 0.940810 0.351852 0.940810 0.351852 0.938733 0.349794 0.937695 0.349794 0.933541 0.351852 0.932503 0.353909 0.932503 0.355967 0.933541 0.355967 0.938733 0.360082 0.938733 0.362140 0.939772 0.366255 0.939772 0.366255 0.936656 0.362140 0.936656 0.360082 0.935618 0.360082 0.931464 0.362140 0.930426 0.362140 0.927310 0.364198 0.926272 0.368313 0.926272 0.372428 0.928349 0.372428 0.930426 0.374486 0.931464 0.374486 0.934579 0.380658 0.934579 0.382716 0.933541 0.386831 0.933541 0.386831 0.931464 0.388889 0.930426 0.390947 0.930426 0.390947 0.928349 0.388889 0.927310 0.390947 0.926272 0.390947 0.924195 0.388889 0.924195 0.386831 0.923157 0.390947 0.921080 0.393004 0.921080 0.393004 0.916926 0.395062 0.915888 0.397119 0.916926 0.401235 0.916926 0.401235 0.912773 0.399177 0.911734 0.399177 0.908619 0.405350 0.905504 0.409465 0.905504 0.411523 0.904465 0.427984 0.904465 0.427984 0.901350 0.425926 0.900312 0.425926 0.899273 0.427984 0.898235 0.446502 0.898235 0.448560 0.899273 0.452675 0.899273 0.454733 0.900312 0.460905 0.900312 0.462963 0.899273 0.467078 0.899273 0.469136 0.900312 0.469136 0.902388 0.467078 0.903427 0.467078 0.905504 0.469136 0.906542 0.469136 0.907580 0.471193 0.908619 0.471193 0.909657 0.473251 0.910696 0.477366 0.910696 0.477366 0.903427 0.479424 0.902388 0.483539 0.902388 0.483539 0.900312 0.481481 0.899273 0.483539 0.898235 0.485597 0.898235 0.487654 0.897196 0.489712 0.898235 0.489712 0.900312 0.493827 0.900312 0.495885 0.901350 0.504115 0.901350 0.504115 0.900312 0.506173 0.899273 0.506173 0.896158 0.504115 0.895119 0.504115 0.894081 0.506173 0.893043 0.508230 0.893043 0.508230 0.892004 0.510288 0.890966 0.514403 0.893043 0.514403 0.895119 0.512346 0.896158 0.512346 0.898235 0.514403 0.899273 0.514403 0.901350 0.518519 0.901350 0.518519 0.898235 0.520576 0.897196 0.522634 0.898235 0.539095 0.898235 0.539095 0.896158 0.541152 0.895119 0.547325 0.895119 0.551440 0.893043 0.553498 0.894081 0.559671 0.894081 0.559671 0.893043 0.563786 0.890966 0.565844 0.890966 0.569959 0.888889 0.572016 0.888889 0.574074 0.887850 0.578189 0.887850 0.580247 0.888889 0.584362 0.888889 0.584362 0.885774 0.590535 0.882658 0.590535 0.881620 0.594650 0.879543 0.594650 0.875389 0.590535 0.875389 0.588477 0.874351 0.594650 0.871236 0.598765 0.871236 0.600823 0.870197 0.600823 0.869159 0.602881 0.868120 0.609053 0.868120 0.611111 0.867082 0.615226 0.867082 0.617284 0.868120 0.623457 0.868120 0.623457 0.866044 0.621399 0.866044 0.619342 0.865005 0.619342 0.860852 0.621399 0.859813 0.627572 0.859813 0.627572 0.854621 0.625514 0.853583 0.625514 0.848390 0.619342 0.848390 0.619342 0.851506 0.617284 0.852544 0.617284 0.853583 0.613169 0.855659 0.613169 0.856698 0.609053 0.858775 0.604938 0.856698 0.604938 0.855659 0.602881 0.854621 0.602881 0.852544 0.598765 0.850467 0.598765 0.847352 0.600823 0.846314 0.600823 0.843198 0.598765 0.842160 0.598765 0.841121 0.600823 0.840083 0.600823 0.836968 0.604938 0.834891 0.606996 0.834891 0.609053 0.835929 0.609053 0.838006 0.613169 0.838006 0.613169 0.834891 0.615226 0.833853 0.615226 0.829699 0.617284 0.828660 0.617284 0.825545 0.619342 0.824507 0.625514 0.824507 0.625514 0.822430 0.623457 0.821391 0.625514 0.820353 0.629630 0.820353 0.631687 0.821391 0.631687 0.823468 0.635802 0.823468 0.635802 0.821391 0.637860 0.820353 0.637860 0.814123 0.635802 0.813084 0.635802 0.811007 0.631687 0.808930 0.631687 0.806854 0.633745 0.805815 0.635802 0.805815 0.635802 0.803738 0.639918 0.801661 0.639918 0.799585 0.641975 0.798546 0.641975 0.797508 0.644033 0.796469 0.644033 0.791277 0.646091 0.790239 0.648148 0.790239 0.648148 0.789200 0.652263 0.787124 0.656379 0.789200 0.656379 0.791277 0.658436 0.792316 0.658436 0.793354 0.662551 0.793354 0.662551 0.787124 0.660494 0.786085 0.660494 0.780893 0.662551 0.779855 0.664609 0.780893 0.670782 0.780893 0.670782 0.778816 0.668724 0.777778 0.668724 0.776739 0.662551 0.773624 0.662551 0.771547 0.658436 0.769470 0.658436 0.760125 0.656379 0.760125 0.654321 0.759086 0.654321 0.753894 0.658436 0.751817 0.660494 0.751817 0.660494 0.747664 0.658436 0.746625 0.654321 0.746625 0.654321 0.748702 0.652263 0.749740 0.650206 0.749740 0.646091 0.747664 0.646091 0.742471 0.644033 0.741433 0.644033 0.737279 0.646091 0.736241 0.656379 0.736241 0.658436 0.737279 0.658436 0.738318 0.664609 0.738318 0.668724 0.740395 0.668724 0.741433 0.670782 0.742471 0.666667 0.744548 0.666667 0.745587 0.664609 0.746625 0.664609 0.748702 0.676955 0.748702 0.676955 0.746625 0.674897 0.746625 0.672840 0.745587 0.674897 0.744548 0.674897 0.741433 0.672840 0.740395 0.672840 0.739356 0.670782 0.738318 0.672840 0.737279 0.676955 0.737279 0.679012 0.738318 0.679012 0.742471 0.685185 0.742471 0.687243 0.741433 0.687243 0.738318 0.685185 0.737279 0.685185 0.736241 0.689300 0.734164 0.689300 0.727934 0.683128 0.727934 0.681070 0.726895 0.683128 0.725857 0.689300 0.725857 0.689300 0.724818 0.691358 0.723780 0.691358 0.718588 0.693416 0.717549 0.693416 0.716511 0.695473 0.715472 0.695473 0.707165 0.697531 0.706127 0.697531 0.700935 0.695473 0.699896 0.695473 0.697819 0.693416 0.696781 0.693416 0.691589 0.689300 0.691589 0.687243 0.690550 0.689300 0.689512 0.691358 0.689512 0.691358 0.688474 0.693416 0.687435 0.693416 0.684320 0.695473 0.683281 0.703704 0.687435 0.703704 0.692627 0.705761 0.693666 0.705761 0.700935 0.703704 0.701973 0.703704 0.704050 0.707819 0.704050 0.709877 0.703011 0.709877 0.701973 0.716049 0.698858 0.718107 0.698858 0.722222 0.700935 0.722222 0.703011 0.726337 0.705088 0.726337 0.708204 0.728395 0.708204 0.732510 0.710280 0.730453 0.711319 0.730453 0.713396 0.734568 0.713396 0.736626 0.714434 0.740741 0.714434 0.742798 0.713396 0.742798 0.711319 0.740741 0.710280 0.740741 0.709242 0.742798 0.708204 0.744856 0.708204 0.748971 0.710280 0.748971 0.712357 0.755144 0.712357 0.755144 0.709242 0.753086 0.708204 0.753086 0.707165 0.751029 0.706127 0.746914 0.706127 0.744856 0.705088 0.744856 0.703011 0.746914 0.701973 0.748971 0.701973 0.748971 0.700935 0.751029 0.699896 0.751029 0.696781 0.742798 0.696781 0.740741 0.697819 0.738683 0.696781 0.738683 0.695742 0.736626 0.694704 0.736626 0.691589 0.734568 0.690550 0.734568 0.688474 0.732510 0.687435 0.732510 0.682243 0.730453 0.681205 0.730453 0.680166 0.728395 0.679128 0.728395 0.674974 0.730453 0.673936 0.730453 0.671859 0.728395 0.670820 0.728395 0.667705 0.726337 0.666667 0.728395 0.665628 0.728395 0.653167 0.726337 0.652129 0.726337 0.646937 0.724280 0.645898 0.724280 0.644860 0.722222 0.643821 0.720165 0.643821 0.716049 0.641745 0.711934 0.641745 0.709877 0.642783 0.707819 0.641745 0.707819 0.640706 0.705761 0.639668 0.707819 0.638629 0.711934 0.638629 0.711934 0.635514 0.709877 0.634476 0.709877 0.633437 0.707819 0.632399 0.709877 0.631360 0.711934 0.631360 0.711934 0.629283 0.709877 0.629283 0.705761 0.627207 0.705761 0.619938 0.707819 0.618899 0.707819 0.609553 0.705761 0.608515 0.701646 0.608515 0.697531 0.606438 0.697531 0.601246 0.695473 0.600208 0.695473 0.599169 0.693416 0.598131 0.693416 0.588785 0.691358 0.588785 0.689300 0.587747 0.691358 0.586708 0.691358 0.579439 0.687243 0.577362 0.687243 0.575286 0.685185 0.574247 0.685185 0.572170 0.683128 0.571132 0.683128 0.569055 0.681070 0.568017 0.681070 0.566978 0.679012 0.565940 0.679012 0.556594 0.674897 0.556594 0.674897 0.558671 0.672840 0.559709 0.672840 0.560748 0.670782 0.561786 0.670782 0.564901 0.672840 0.565940 0.672840 0.566978 0.674897 0.568017 0.674897 0.569055 0.672840 0.570093 0.668724 0.570093 0.668724 0.572170 0.670782 0.573209 0.670782 0.576324 0.668724 0.577362 0.668724 0.579439 0.670782 0.580478 0.670782 0.586708 0.672840 0.587747 0.672840 0.589823 0.674897 0.590862 0.668724 0.593977 0.666667 0.592939 0.666667 0.588785 0.660494 0.588785 0.658436 0.589823 0.654321 0.589823 0.654321 0.590862 0.652263 0.591900 0.648148 0.591900 0.646091 0.590862 0.646091 0.589823 0.648148 0.588785 0.648148 0.587747 0.650206 0.586708 0.650206 0.583593 0.648148 0.583593 0.646091 0.582555 0.648148 0.581516 0.656379 0.581516 0.656379 0.578401 0.658436 0.577362 0.658436 0.575286 0.654321 0.575286 0.650206 0.573209 0.648148 0.573209 0.644033 0.571132 0.644033 0.561786 0.641975 0.561786 0.639918 0.560748 0.627572 0.560748 0.625514 0.559709 0.623457 0.559709 0.621399 0.558671 0.617284 0.558671 0.615226 0.559709 0.613169 0.559709 0.613169 0.563863 0.615226 0.564901 0.615226 0.566978 0.613169 0.568017 0.611111 0.568017 0.611111 0.570093 0.609053 0.571132 0.606996 0.570093 0.606996 0.569055 0.604938 0.569055 0.602881 0.568017 0.598765 0.568017 0.596708 0.569055 0.596708 0.572170 0.594650 0.573209 0.594650 0.577362 0.592593 0.578401 0.592593 0.580478 0.588477 0.582555 0.586420 0.582555 0.584362 0.581516 0.584362 0.579439 0.582305 0.578401 0.582305 0.577362 0.580247 0.576324 0.576132 0.576324 0.572016 0.574247 0.567901 0.574247 0.565844 0.573209 0.565844 0.572170 0.561728 0.570093 0.561728 0.568017 0.559671 0.566978 0.555556 0.566978 0.555556 0.569055 0.559671 0.571132 0.559671 0.574247 0.563786 0.574247 0.565844 0.575286 0.565844 0.579439 0.567901 0.580478 0.572016 0.580478 0.574074 0.581516 0.582305 0.581516 0.584362 0.582555 0.584362 0.585670 0.592593 0.585670 0.594650 0.584631 0.596708 0.585670 0.596708 0.587747 0.600823 0.587747 0.604938 0.585670 0.611111 0.588785 0.611111 0.591900 0.615226 0.593977 0.613169 0.595016 0.609053 0.595016 0.606996 0.593977 0.602881 0.593977 0.602881 0.596054 0.604938 0.597092 0.604938 0.600208 0.602881 0.601246 0.596708 0.601246 0.592593 0.599169 0.582305 0.599169 0.580247 0.600208 0.580247 0.602285 0.578189 0.603323 0.576132 0.602285 0.576132 0.599169 0.555556 0.599169 0.553498 0.598131 0.553498 0.597092 0.547325 0.597092 0.545267 0.596054 0.545267 0.592939 0.547325 0.591900 0.547325 0.589823 0.543210 0.589823 0.543210 0.590862 0.541152 0.591900 0.539095 0.590862 0.539095 0.585670 0.534979 0.585670 0.532922 0.584631 0.532922 0.581516 0.530864 0.580478 0.530864 0.579439 0.532922 0.578401 0.532922 0.572170 0.530864 0.571132 0.530864 0.569055 0.532922 0.568017 0.534979 0.568017 0.537037 0.569055 0.537037 0.572170 0.545267 0.572170 0.545267 0.566978 0.539095 0.566978 0.537037 0.568017 0.534979 0.566978 0.534979 0.564901 0.526749 0.564901 0.524691 0.563863 0.524691 0.562825 0.522634 0.561786 0.522634 0.558671 0.514403 0.558671 0.512346 0.557632 0.510288 0.557632 0.508230 0.556594 0.508230 0.555556 0.506173 0.554517 0.506173 0.552440 0.504115 0.551402 0.504115 0.549325 0.497942 0.549325 0.497942 0.550363 0.495885 0.551402 0.491770 0.549325 0.491770 0.548287 0.489712 0.547248 0.489712 0.535826 0.487654 0.534787 0.487654 0.519211 0.489712 0.518172 0.489712 0.499481 0.491770 0.498442 0.491770 0.485981 0.493827 0.484943 0.493827 0.481828 0.495885 0.480789 0.497942 0.480789 0.497942 0.475597 0.495885 0.474559 0.495885 0.472482 0.497942 0.471443 0.497942 0.469367 0.500000 0.468328 0.500000 0.466251 0.495885 0.464174 0.495885 0.452752 0.493827 0.451713 0.493827 0.430945 0.495885 0.429907 0.495885 0.426791 0.500000 0.424714 0.504115 0.424714 0.504115 0.421599 0.502058 0.420561 0.502058 0.418484 0.497942 0.418484 0.497942 0.419522 0.495885 0.420561 0.491770 0.418484 0.491770 0.413292 0.493827 0.412253 0.497942 0.412253 0.497942 0.408100 0.495885 0.407061 0.495885 0.403946 0.502058 0.400831 0.506173 0.400831 0.508230 0.399792 0.512346 0.399792 0.514403 0.398754 0.516461 0.399792 0.526749 0.399792 0.528807 0.398754 0.537037 0.398754 0.539095 0.397715 0.543210 0.397715 0.545267 0.396677 0.547325 0.396677 0.549383 0.395639 0.555556 0.395639 0.557613 0.394600 0.565844 0.394600 0.567901 0.395639 0.569959 0.395639 0.574074 0.397715 0.580247 0.397715 0.580247 0.394600 0.584362 0.392523 0.590535 0.392523 0.594650 0.394600 0.600823 0.394600 0.600823 0.391485 0.602881 0.390447 0.606996 0.390447 0.609053 0.389408 0.611111 0.389408 0.613169 0.388370 0.615226 0.388370 0.617284 0.387331 0.619342 0.387331 0.621399 0.386293 0.625514 0.386293 0.627572 0.385254 0.629630 0.385254 0.631687 0.384216 0.637860 0.384216 0.639918 0.383178 0.641975 0.383178 0.644033 0.382139 0.648148 0.382139 0.652263 0.384216 0.652263 0.387331 0.654321 0.388370 0.654321 0.389408 0.658436 0.389408 0.658436 0.387331 0.656379 0.386293 0.656379 0.385254 0.658436 0.384216 0.658436 0.379024 0.652263 0.379024 0.648148 0.376947 0.648148 0.374870 0.646091 0.373832 0.646091 0.365524 0.648148 0.364486 0.650206 0.364486 0.654321 0.362409 0.670782 0.362409 0.672840 0.361371 0.689300 0.361371 0.691358 0.360332 0.703704 0.360332 0.705761 0.361371 0.705761 0.363448 0.703704 0.364486 0.703704 0.366563 0.711934 0.366563 0.713992 0.365524 0.716049 0.365524 0.716049 0.364486 0.718107 0.363448 0.720165 0.363448 0.722222 0.362409 0.726337 0.362409 0.728395 0.361371 0.730453 0.362409 0.734568 0.362409 0.736626 0.363448 0.736626 0.365524 0.738683 0.366563 0.738683 0.368640 0.740741 0.369678 0.740741 0.370717 0.742798 0.371755 0.742798 0.372793 0.746914 0.372793 0.746914 0.368640 0.744856 0.367601 0.744856 0.366563 0.748971 0.364486 0.753086 0.364486 0.753086 0.362409 0.751029 0.361371 0.751029 0.360332 0.748971 0.359294 0.748971 0.354102 0.753086 0.352025 0.759259 0.352025 0.763374 0.349948 0.765432 0.349948 0.769547 0.347871 0.773663 0.347871 0.775720 0.346833 0.777778 0.346833 0.779835 0.345794 0.786008 0.345794 0.788066 0.344756 0.790123 0.344756 0.792181 0.343718 0.794239 0.343718 0.796296 0.342679 0.798354 0.342679 0.800412 0.341641 0.802469 0.341641 0.804527 0.340602 0.806584 0.340602 0.808642 0.339564 0.810700 0.339564 0.810700 0.337487 0.806584 0.337487 0.804527 0.338525 0.800412 0.338525 0.798354 0.337487 0.792181 0.337487 0.790123 0.338525 0.783951 0.338525 0.779835 0.340602 0.777778 0.340602 0.775720 0.341641 0.771605 0.341641 0.769547 0.342679 0.767490 0.342679 0.765432 0.343718 0.763374 0.343718 0.755144 0.347871 0.744856 0.347871 0.742798 0.346833 0.742798 0.345794 0.744856 0.344756 0.744856 0.343718 0.748971 0.341641 0.748971 0.340602 0.753086 0.338525 0.753086 0.337487 0.759259 0.334372 0.759259 0.333333 0.761317 0.332295 0.763374 0.332295 0.765432 0.331256 0.769547 0.331256 0.771605 0.330218 0.773663 0.330218 0.777778 0.328141 0.777778 0.327103 0.779835 0.326064 0.806584 0.326064 0.806584 0.323988 0.771605 0.323988 0.769547 0.322949 0.769547 0.319834 0.773663 0.317757 0.775720 0.317757 0.777778 0.316719 0.788066 0.316719 0.788066 0.315680 0.790123 0.314642 0.792181 0.314642 0.800412 0.310488 0.802469 0.310488 0.804527 0.309450 0.808642 0.309450 0.810700 0.308411 0.816872 0.308411 0.818930 0.307373 0.820988 0.307373 0.823045 0.306334 0.823045 0.303219 0.820988 0.302181 0.820988 0.301142 0.823045 0.300104 0.825103 0.300104 0.827160 0.299065 0.827160 0.296989 0.823045 0.296989 0.820988 0.295950 0.820988 0.292835 0.812757 0.292835 0.810700 0.291796 0.806584 0.291796 0.802469 0.293873 0.798354 0.293873 0.796296 0.292835 0.792181 0.292835 0.792181 0.293873 0.788066 0.295950 0.786008 0.295950 0.779835 0.299065 0.773663 0.299065 0.771605 0.298027 0.771605 0.296989 0.767490 0.296989 0.765432 0.295950 0.763374 0.295950 0.761317 0.294912 0.755144 0.294912 0.753086 0.293873 0.753086 0.292835 0.755144 0.291796 0.755144 0.289720 0.746914 0.289720 0.744856 0.288681 0.746914 0.287643 0.748971 0.287643 0.748971 0.286604 0.751029 0.285566 0.751029 0.284528 0.755144 0.282451 0.755144 0.280374 0.753086 0.280374 0.751029 0.279335 0.751029 0.276220 0.746914 0.276220 0.746914 0.277259 0.744856 0.278297 0.744856 0.279335 0.738683 0.282451 0.738683 0.283489 0.734568 0.285566 0.734568 0.286604 0.730453 0.288681 0.730453 0.289720 0.726337 0.291796 0.726337 0.292835 0.718107 0.296989 0.718107 0.298027 0.711934 0.301142 0.707819 0.299065 0.707819 0.296989 0.705761 0.295950 0.705761 0.294912 0.703704 0.293873 0.703704 0.292835 0.701646 0.291796 0.701646 0.290758 0.699588 0.289720 0.699588 0.287643 0.697531 0.286604 0.697531 0.285566 0.695473 0.284528 0.695473 0.283489 0.693416 0.282451 0.693416 0.281412 0.691358 0.280374 0.687243 0.280374 0.687243 0.282451 0.689300 0.283489 0.689300 0.284528 0.691358 0.285566 0.691358 0.286604 0.693416 0.287643 0.693416 0.288681 0.695473 0.289720 0.695473 0.292835 0.697531 0.293873 0.697531 0.298027 0.699588 0.299065 0.699588 0.302181 0.697531 0.303219 0.697531 0.307373 0.689300 0.311526 0.687243 0.311526 0.685185 0.312565 0.683128 0.311526 0.676955 0.311526 0.674897 0.310488 0.676955 0.309450 0.676955 0.307373 0.670782 0.304258 0.670782 0.303219 0.668724 0.302181 0.668724 0.301142 0.670782 0.300104 0.670782 0.291796 0.672840 0.290758 0.672840 0.285566 0.674897 0.284528 0.674897 0.280374 0.676955 0.279335 0.676955 0.278297 0.679012 0.277259 0.681070 0.278297 0.687243 0.278297 0.687243 0.274143 0.685185 0.273105 0.685185 0.269990 0.689300 0.267913 0.697531 0.267913 0.701646 0.265836 0.705761 0.265836 0.707819 0.264798 0.711934 0.264798 0.713992 0.263759 0.718107 0.263759 0.720165 0.262721 0.726337 0.262721 0.728395 0.261682 0.736626 0.261682 0.738683 0.260644 0.753086 0.260644 0.755144 0.261682 0.755144 0.266874 0.753086 0.267913 0.753086 0.269990 0.757202 0.269990 0.757202 0.267913 0.759259 0.266874 0.759259 0.264798 0.761317 0.263759 0.769547 0.263759 0.769547 0.261682 0.773663 0.259605 0.783951 0.259605 0.786008 0.258567 0.788066 0.258567 0.788066 0.256490 0.783951 0.256490 0.781893 0.255452 0.783951 0.254413 0.786008 0.254413 0.788066 0.253375 0.790123 0.253375 0.790123 0.251298 0.771605 0.251298 0.769547 0.250260 0.769547 0.249221 0.763374 0.249221 0.763374 0.250260 0.761317 0.251298 0.761317 0.252336 0.759259 0.253375 0.755144 0.253375 0.753086 0.254413 0.746914 0.254413 0.744856 0.255452 0.738683 0.255452 0.736626 0.254413 0.734568 0.254413 0.732510 0.253375 0.728395 0.253375 0.724280 0.251298 0.718107 0.251298 0.716049 0.250260 0.716049 0.248183 0.720165 0.246106 0.722222 0.246106 0.730453 0.241952 0.732510 0.241952 0.734568 0.240914 0.736626 0.240914 0.738683 0.239875 0.748971 0.239875 0.751029 0.238837 0.759259 0.238837 0.761317 0.237799 0.763374 0.237799 0.765432 0.236760 0.769547 0.236760 0.771605 0.235722 0.773663 0.235722 0.775720 0.234683 0.783951 0.234683 0.786008 0.233645 0.788066 0.233645 0.790123 0.232606 0.796296 0.232606 0.798354 0.231568 0.800412 0.231568 0.800412 0.226376 0.802469 0.225337 0.804527 0.225337 0.808642 0.223261 0.820988 0.223261 0.823045 0.222222 0.835391 0.222222 0.837449 0.223261 0.843621 0.223261 0.847737 0.225337 0.866255 0.225337 0.868313 0.224299 0.872428 0.224299 0.874486 0.223261 0.880658 0.223261 0.880658 0.221184 0.847737 0.221184 0.843621 0.219107 0.831276 0.219107 0.827160 0.217030 0.827160 0.215992 0.823045 0.215992 0.820988 0.217030 0.818930 0.217030 0.814815 0.219107 0.800412 0.219107 0.796296 0.217030 0.796296 0.215992 0.792181 0.215992 0.790123 0.217030 0.788066 0.217030 0.783951 0.219107 0.775720 0.219107 0.773663 0.218069 0.740741 0.218069 0.738683 0.217030 0.701646 0.217030 0.699588 0.215992 0.664609 0.215992 0.662551 0.214953 0.635802 0.214953 0.633745 0.213915 0.627572 0.213915 0.623457 0.211838 0.623457 0.207684 0.619342 0.205607 0.619342 0.201454 0.617284 0.200415 0.617284 0.198339 0.615226 0.197300 0.615226 0.195223 0.611111 0.195223 0.611111 0.197300 0.613169 0.198339 0.613169 0.201454 0.611111 0.202492 0.609053 0.202492 0.609053 0.208723 0.611111 0.209761 0.611111 0.211838 0.609053 0.212876 0.604938 0.212876 0.602881 0.211838 0.602881 0.209761 0.598765 0.209761 0.596708 0.210800 0.592593 0.210800 0.590535 0.209761 0.590535 0.208723 0.588477 0.207684 0.588477 0.206646 0.586420 0.205607 0.586420 0.203531 0.584362 0.202492 0.584362 0.195223 0.580247 0.195223 0.578189 0.194185 0.578189 0.192108 0.574074 0.192108 0.574074 0.194185 0.576132 0.194185 0.578189 0.195223 0.578189 0.199377 0.580247 0.200415 0.580247 0.206646 0.576132 0.208723 0.574074 0.208723 0.572016 0.207684 0.572016 0.205607 0.569959 0.204569 0.569959 0.203531 0.567901 0.202492 0.561728 0.202492 0.559671 0.201454 0.559671 0.200415 0.555556 0.198339 0.555556 0.197300 0.553498 0.196262 0.553498 0.194185 0.551440 0.193146 0.551440 0.190031 0.557613 0.186916 0.563786 0.186916 0.565844 0.185877 0.594650 0.185877 0.596708 0.186916 0.602881 0.186916 0.604938 0.185877 0.611111 0.185877 0.613169 0.186916 0.683128 0.186916 0.685185 0.185877 0.724280 0.185877 0.726337 0.184839 0.755144 0.184839 0.757202 0.183801 0.771605 0.183801 0.771605 0.181724 0.753086 0.181724 0.751029 0.182762 0.748971 0.181724 0.732510 0.181724 0.730453 0.182762 0.676955 0.182762 0.676955 0.183801 0.674897 0.184839 0.672840 0.184839 0.670782 0.183801 0.594650 0.183801 0.592593 0.182762 0.586420 0.182762 0.584362 0.183801 0.565844 0.183801 0.563786 0.182762 0.563786 0.181724 0.572016 0.177570 0.578189 0.177570 0.580247 0.176532 0.588477 0.176532 0.590535 0.175493 0.596708 0.175493 0.598765 0.174455 0.600823 0.174455 0.602881 0.173416 0.604938 0.173416 0.606996 0.172378 0.613169 0.172378 0.615226 0.171340 0.625514 0.171340 0.627572 0.170301 0.629630 0.170301 0.631687 0.169263 0.637860 0.169263 0.639918 0.168224 0.644033 0.168224 0.646091 0.167186 0.650206 0.167186 0.652263 0.166147 0.658436 0.166147 0.660494 0.165109 0.662551 0.165109 0.664609 0.164071 0.666667 0.164071 0.668724 0.163032 0.676955 0.163032 0.679012 0.161994 0.691358 0.161994 0.693416 0.160955 0.699588 0.160955 0.701646 0.159917 0.703704 0.159917 0.705761 0.158879 0.707819 0.158879 0.709877 0.157840 0.711934 0.157840 0.716049 0.155763 0.718107 0.155763 0.720165 0.154725 0.722222 0.154725 0.724280 0.153686 0.724280 0.152648 0.726337 0.151610 0.730453 0.151610 0.730453 0.149533 0.726337 0.149533 0.726337 0.150571 0.724280 0.151610 0.718107 0.151610 0.718107 0.152648 0.716049 0.153686 0.707819 0.153686 0.703704 0.155763 0.697531 0.155763 0.693416 0.157840 0.689300 0.157840 0.687243 0.158879 0.681070 0.158879 0.679012 0.159917 0.672840 0.159917 0.670782 0.160955 0.668724 0.160955 0.666667 0.161994 0.644033 0.161994 0.641975 0.163032 0.639918 0.161994 0.635802 0.161994 0.633745 0.160955 0.631687 0.160955 0.629630 0.159917 0.627572 0.159917 0.625514 0.158879 0.625514 0.157840 0.627572 0.156802 0.627572 0.155763 0.629630 0.154725 0.629630 0.152648 0.631687 0.151610 0.633745 0.151610 0.635802 0.150571 0.637860 0.150571 0.637860 0.146417 0.633745 0.146417 0.631687 0.147456 0.631687 0.148494 0.629630 0.149533 0.621399 0.149533 0.619342 0.150571 0.613169 0.150571 0.611111 0.151610 0.606996 0.151610 0.604938 0.150571 0.604938 0.148494 0.606996 0.147456 0.606996 0.146417 0.609053 0.145379 0.609053 0.143302 0.611111 0.142264 0.611111 0.141225 0.613169 0.140187 0.613169 0.139148 0.615226 0.138110 0.615226 0.137072 0.627572 0.130841 0.629630 0.130841 0.631687 0.129803 0.631687 0.128764 0.633745 0.127726 0.633745 0.118380 0.635802 0.117342 0.635802 0.116303 0.637860 0.115265 0.637860 0.113188 0.639918 0.112150 0.639918 0.110073 0.641975 0.109034 0.641975 0.107996 0.644033 0.106957 0.644033 0.105919 0.646091 0.104881 0.646091 0.102804 0.648148 0.101765 0.648148 0.100727 0.650206 0.099688 0.650206 0.097612 0.652263 0.096573 0.652263 0.093458 0.648148 0.093458 0.648148 0.095535 0.646091 0.096573 0.646091 0.098650 0.644033 0.099688 0.644033 0.100727 0.641975 0.101765 0.641975 0.103842 0.639918 0.104881 0.639918 0.105919 0.637860 0.106957 0.637860 0.109034 0.635802 0.110073 0.635802 0.111111 0.633745 0.112150 0.633745 0.113188 0.631687 0.114226 0.631687 0.115265 0.629630 0.116303 0.629630 0.117342 0.627572 0.118380 0.627572 0.119418 0.625514 0.120457 0.625514 0.121495 0.623457 0.122534 0.623457 0.124611 0.621399 0.125649 0.621399 0.126687 0.617284 0.128764 0.611111 0.128764 0.611111 0.131880 0.609053 0.132918 0.609053 0.136033 0.606996 0.137072 0.606996 0.139148 0.596708 0.144341 0.596708 0.145379 0.594650 0.146417 0.594650 0.147456 0.592593 0.148494 0.592593 0.150571 0.586420 0.153686 0.584362 0.153686 0.582305 0.152648 0.582305 0.149533 0.580247 0.149533 0.578189 0.148494 0.572016 0.148494 0.567901 0.150571 0.565844 0.150571 0.561728 0.148494 0.563786 0.147456 0.563786 0.139148 0.559671 0.139148 0.559671 0.140187 0.557613 0.141225 0.557613 0.142264 0.553498 0.144341 0.545267 0.144341 0.543210 0.143302 0.543210 0.142264 0.541152 0.141225 0.541152 0.138110 0.543210 0.137072 0.543210 0.134995 0.545267 0.133956 0.545267 0.131880 0.547325 0.130841 0.547325 0.128764 0.549383 0.127726 0.549383 0.124611 0.545267 0.124611 0.545267 0.126687 0.541152 0.128764 0.541152 0.129803 0.539095 0.130841 0.539095 0.132918 0.537037 0.133956 0.534979 0.133956 0.532922 0.132918 0.532922 0.127726 0.530864 0.126687 0.530864 0.114226 0.528807 0.114226 0.526749 0.113188 0.526749 0.110073 0.522634 0.110073 0.522634 0.113188 0.520576 0.114226 0.520576 0.119418 0.518519 0.120457 0.518519 0.127726 0.514403 0.129803 0.510288 0.127726 0.510288 0.124611 0.508230 0.123572 0.508230 0.121495 0.506173 0.120457 0.506173 0.118380 0.504115 0.117342 0.504115 0.115265 0.502058 0.114226 0.502058 0.112150 0.500000 0.111111 0.500000 0.107996 0.497942 0.106957 0.497942 0.102804 0.500000 0.101765 0.504115 0.103842 0.504115 0.104881 0.506173 0.105919 0.506173 0.106957 0.516461 0.106957 0.516461 0.104881 0.510288 0.101765 0.510288 0.100727 0.506173 0.098650 0.506173 0.097612 0.504115 0.096573 0.504115 0.095535 0.497942 0.092420 0.497942 0.091381 0.495885 0.090343 0.495885 0.088266 0.493827 0.087227 0.493827 0.086189 0.491770 0.085151 0.491770 0.076843 0.489712 0.075805 0.489712 0.070613 0.485597 0.070613 0.483539 0.071651 0.481481 0.070613 0.481481 0.069574 0.483539 0.068536 0.485597 0.068536 0.485597 0.061267 0.481481 0.061267 0.481481 0.062305 0.479424 0.063344 0.477366 0.062305 0.477366 0.060228
0 0.545267 0.020768 0.545267 0.022845 0.547325 0.023884 0.547325 0.024922 0.549383 0.025961 0.549383 0.026999 0.551440 0.028037 0.551440 0.029076 0.553498 0.030114 0.553498 0.031153 0.555556 0.032191 0.555556 0.033229 0.557613 0.034268 0.557613 0.036345 0.559671 0.037383 0.559671 0.039460 0.561728 0.040498 0.561728 0.042575 0.563786 0.043614 0.563786 0.045691 0.565844 0.046729 0.565844 0.048806 0.567901 0.049844 0.567901 0.051921 0.569959 0.052960 0.569959 0.053998 0.572016 0.055036 0.572016 0.057113 0.574074 0.058152 0.574074 0.059190 0.576132 0.060228 0.576132 0.062305 0.578189 0.063344 0.578189 0.067497 0.576132 0.068536 0.576132 0.070613 0.582305 0.070613 0.584362 0.071651 0.584362 0.072690 0.586420 0.073728 0.586420 0.076843 0.588477 0.077882 0.588477 0.078920 0.590535 0.079958 0.590535 0.082035 0.592593 0.083074 0.592593 0.084112 0.596708 0.084112 0.596708 0.082035 0.594650 0.080997 0.594650 0.078920 0.592593 0.077882 0.592593 0.075805 0.590535 0.074766 0.590535 0.072690 0.588477 0.071651 0.588477 0.070613 0.586420 0.069574 0.586420 0.067497 0.584362 0.066459 0.584362 0.064382 0.582305 0.063344 0.584362 0.062305 0.584362 0.059190 0.580247 0.059190 0.578189 0.058152 0.578189 0.056075 0.576132 0.055036 0.576132 0.053998 0.574074 0.052960 0.574074 0.050883 0.572016 0.049844 0.572016 0.046729 0.569959 0.045691 0.569959 0.043614 0.567901 0.042575 0.567901 0.040498 0.565844 0.039460 0.565844 0.037383 0.563786 0.036345 0.563786 0.035306 0.561728 0.034268 0.561728 0.033229 0.559671 0.032191 0.559671 0.031153 0.557613 0.030114 0.557613 0.029076 0.555556 0.028037 0.555556 0.026999 0.553498 0.025961 0.553498 0.024922 0.551440 0.023884 0.551440 0.022845 0.549383 0.021807 0.549383 0.020768
0 0.376543 0.014538 0.376543 0.016615 0.378601 0.017653 0.380658 0.017653 0.382716 0.018692 0.382716 0.019730 0.384774 0.020768 0.384774 0.021807 0.386831 0.022845 0.386831 0.023884 0.390947 0.025961 0.390947 0.026999 0.393004 0.028037 0.393004 0.029076 0.395062 0.030114 0.401235 0.030114 0.401235 0.028037 0.399177 0.026999 0.399177 0.024922 0.388889 0.019730 0.388889 0.018692 0.386831 0.017653 0.384774 0.017653 0.382716 0.016615 0.382716 0.015576 0.380658 0.014538
0 0.485597 0.010384 0.483539 0.011423 0.481481 0.011423 0.481481 0.020768 0.479424 0.021807 0.479424 0.024922 0.477366 0.025961 0.477366 0.028037 0.475309 0.029076 0.475309 0.030114 0.473251 0.031153 0.471193 0.031153 0.471193 0.033229 0.473251 0.034268 0.473251 0.044652 0.471193 0.045691 0.471193 0.048806 0.473251 0.049844 0.473251 0.051921 0.477366 0.051921 0.479424 0.050883 0.483539 0.050883 0.483539 0.040498 0.479424 0.040498 0.477366 0.039460 0.477366 0.034268 0.479424 0.033229 0.479424 0.030114 0.481481 0.029076 0.481481 0.025961 0.483539 0.024922 0.491770 0.024922 0.495885 0.026999 0.495885 0.029076 0.500000 0.031153 0.504115 0.031153 0.504115 0.029076 0.502058 0.028037 0.502058 0.025961 0.500000 0.024922 0.500000 0.020768 0.497942 0.020768 0.495885 0.019730 0.495885 0.018692 0.493827 0.017653 0.493827 0.016615 0.491770 0.016615 0.489712 0.015576 0.489712 0.010384