0 0.250531 0.882014 0.248408 0.883453 0.244161 0.883453 0.242038 0.884892 0.237792 0.884892 0.235669 0.886331 0.229299 0.886331 0.227176 0.887770 0.222930 0.887770 0.220807 0.889209 0.212314 0.889209 0.210191 0.890647 0.205945 0.890647 0.203822 0.892086 0.201699 0.892086 0.199575 0.893525 0.195329 0.893525 0.193206 0.894964 0.191083 0.894964 0.191083 0.897842 0.195329 0.897842 0.197452 0.896403 0.199575 0.896403 0.201699 0.894964 0.208068 0.894964 0.210191 0.893525 0.212314 0.893525 0.214437 0.892086 0.220807 0.892086 0.222930 0.890647 0.231423 0.890647 0.233546 0.889209 0.235669 0.889209 0.237792 0.887770 0.244161 0.887770 0.246285 0.886331 0.248408 0.886331 0.250531 0.884892 0.256900 0.884892 0.256900 0.882014
0 0.622081 0.853237 0.622081 0.856115 0.626327 0.858993 0.626327 0.860432 0.628450 0.861871 0.628450 0.863309 0.632696 0.866187 0.632696 0.867626 0.636943 0.870504 0.639066 0.870504 0.641189 0.871942 0.641189 0.874820 0.645435 0.877698 0.647558 0.877698 0.649682 0.879137 0.649682 0.880576 0.651805 0.882014 0.651805 0.883453 0.660297 0.889209 0.660297 0.890647 0.668790 0.896403 0.668790 0.897842 0.677282 0.903597 0.677282 0.905036 0.681529 0.907914 0.681529 0.909353 0.690021 0.915108 0.690021 0.916547 0.694268 0.916547 0.694268 0.913669 0.692144 0.912230 0.692144 0.910791 0.683652 0.905036 0.683652 0.903597 0.681529 0.902158 0.681529 0.900719 0.675159 0.896403 0.675159 0.894964 0.662420 0.886331 0.662420 0.884892 0.653928 0.879137 0.653928 0.877698 0.651805 0.877698 0.649682 0.876259 0.649682 0.874820 0.645435 0.871942 0.643312 0.871942 0.641189 0.870504 0.641189 0.867626 0.634820 0.863309 0.634820 0.861871 0.630573 0.858993 0.630573 0.857554 0.628450 0.856115 0.628450 0.854676 0.626327 0.853237
0 0.140127 0.768345 0.140127 0.771223 0.199575 0.771223 0.199575 0.768345
0 0.014862 0.766906 0.014862 0.769784 0.027601 0.769784 0.029724 0.771223 0.133758 0.771223 0.135881 0.769784 0.135881 0.766906 0.084926 0.766906 0.082803 0.768345 0.046709 0.768345 0.044586 0.766906 0.040340 0.766906 0.038217 0.768345 0.033970 0.768345 0.031847 0.766906
0 0.991507 0.756835 0.989384 0.758273 0.972399 0.758273 0.970276 0.759712 0.951168 0.759712 0.949045 0.761151 0.936306 0.761151 0.936306 0.764029 0.953291 0.764029 0.955414 0.762590 0.970276 0.762590 0.972399 0.761151 0.995754 0.761151 0.997877 0.759712 0.997877 0.756835
0 0.874735 0.694964 0.874735 0.699281 0.878981 0.699281 0.881104 0.697842 0.929936 0.697842 0.929936 0.694964
0 0.955414 0.598561 0.955414 0.601439 0.959660 0.604317 0.961783 0.604317 0.963907 0.605755 0.966030 0.605755 0.976645 0.612950 0.978769 0.612950 0.985138 0.617266 0.987261 0.617266 0.993631 0.621583 0.997877 0.621583 0.997877 0.612950 0.995754 0.611511 0.991507 0.611511 0.989384 0.610072 0.987261 0.610072 0.985138 0.608633 0.983015 0.608633 0.980892 0.607194 0.976645 0.607194 0.972399 0.604317 0.970276 0.604317 0.963907 0.600000 0.961783 0.600000 0.959660 0.598561
0 0.885350 0.597122 0.883227 0.598561 0.874735 0.598561 0.872611 0.600000 0.864119 0.600000 0.861996 0.601439 0.853503 0.601439 0.851380 0.602878 0.851380 0.605755 0.864119 0.605755 0.866242 0.604317 0.868365 0.604317 0.870488 0.602878 0.878981 0.602878 0.881104 0.601439 0.887473 0.601439 0.889597 0.600000 0.893843 0.600000 0.893843 0.597122
0 0.711253 0.565468 0.700637 0.572662 0.700637 0.574101 0.696391 0.576978 0.696391 0.578417 0.690021 0.582734 0.690021 0.584173 0.685775 0.587050 0.685775 0.589928 0.690021 0.589928 0.694268 0.587050 0.694268 0.585612 0.700637 0.581295 0.700637 0.579856 0.707006 0.575540 0.707006 0.574101 0.715499 0.568345 0.715499 0.565468
0 0.757962 0.532374 0.749469 0.538129 0.743100 0.538129 0.740977 0.539568 0.734607 0.539568 0.732484 0.541007 0.730361 0.541007 0.730361 0.543885 0.734607 0.543885 0.736730 0.545324 0.736730 0.546763 0.734607 0.548201 0.734607 0.551079 0.738854 0.551079 0.738854 0.549640 0.745223 0.545324 0.753715 0.545324 0.755839 0.543885 0.755839 0.542446 0.757962 0.541007 0.762208 0.541007 0.764331 0.539568 0.770701 0.539568 0.772824 0.538129 0.777070 0.538129 0.777070 0.535252 0.764331 0.535252 0.762208 0.533813 0.762208 0.532374
0 0.184713 0.474820 0.184713 0.482014 0.186837 0.483453 0.186837 0.489209 0.188960 0.490647 0.188960 0.494964 0.191083 0.496403 0.191083 0.500719 0.193206 0.502158 0.193206 0.506475 0.195329 0.507914 0.195329 0.513669 0.197452 0.515108 0.197452 0.516547 0.199575 0.517986 0.199575 0.522302 0.201699 0.523741 0.201699 0.528058 0.203822 0.529496 0.203822 0.532374 0.205945 0.533813 0.205945 0.536691 0.208068 0.538129 0.208068 0.541007 0.210191 0.542446 0.210191 0.543885 0.212314 0.545324 0.212314 0.548201 0.214437 0.549640 0.214437 0.552518 0.216561 0.553957 0.216561 0.555396 0.220807 0.555396 0.220807 0.552518 0.218684 0.551079 0.218684 0.549640 0.216561 0.548201 0.216561 0.545324 0.214437 0.543885 0.214437 0.539568 0.212314 0.538129 0.212314 0.536691 0.210191 0.535252 0.210191 0.532374 0.208068 0.530935 0.208068 0.528058 0.205945 0.526619 0.205945 0.522302 0.203822 0.520863 0.203822 0.516547 0.201699 0.515108 0.201699 0.510791 0.199575 0.509353 0.199575 0.505036 0.197452 0.503597 0.197452 0.499281 0.195329 0.497842 0.195329 0.494964 0.193206 0.493525 0.193206 0.487770 0.191083 0.486331 0.191083 0.479137 0.188960 0.477698 0.188960 0.474820
0 0.237792 0.463309 0.237792 0.466187 0.239915 0.467626 0.239915 0.470504 0.242038 0.471942 0.242038 0.473381 0.244161 0.474820 0.244161 0.476259 0.246285 0.477698 0.246285 0.480576 0.248408 0.482014 0.248408 0.484892 0.250531 0.486331 0.250531 0.489209 0.252654 0.490647 0.252654 0.493525 0.254777 0.494964 0.254777 0.497842 0.256900 0.499281 0.256900 0.500719 0.259023 0.502158 0.259023 0.505036 0.261146 0.506475 0.261146 0.509353 0.263270 0.510791 0.263270 0.513669 0.265393 0.515108 0.265393 0.517986 0.267516 0.519424 0.267516 0.522302 0.269639 0.523741 0.269639 0.525180 0.271762 0.526619 0.271762 0.530935 0.273885 0.532374 0.273885 0.535252 0.276008 0.536691 0.276008 0.541007 0.278132 0.542446 0.278132 0.545324 0.280255 0.546763 0.280255 0.549640 0.282378 0.551079 0.282378 0.552518 0.284501 0.553957 0.284501 0.556835 0.286624 0.558273 0.286624 0.561151 0.288747 0.562590 0.288747 0.565468 0.290870 0.566906 0.290870 0.568345 0.292994 0.569784 0.292994 0.572662 0.295117 0.574101 0.295117 0.575540 0.297240 0.576978 0.297240 0.578417 0.301486 0.578417 0.301486 0.572662 0.297240 0.569784 0.297240 0.566906 0.295117 0.565468 0.295117 0.562590 0.292994 0.561151 0.292994 0.558273 0.290870 0.556835 0.290870 0.555396 0.288747 0.553957 0.288747 0.545324 0.286624 0.543885 0.286624 0.541007 0.284501 0.539568 0.284501 0.536691 0.282378 0.535252 0.282378 0.530935 0.280255 0.529496 0.280255 0.526619 0.278132 0.525180 0.278132 0.522302 0.276008 0.520863 0.276008 0.516547 0.271762 0.513669 0.271762 0.512230 0.269639 0.510791 0.269639 0.506475 0.267516 0.505036 0.267516 0.503597 0.265393 0.502158 0.265393 0.497842 0.263270 0.496403 0.263270 0.492086 0.259023 0.489209 0.259023 0.487770 0.256900 0.486331 0.256900 0.484892 0.254777 0.483453 0.254777 0.480576 0.252654 0.479137 0.252654 0.476259 0.250531 0.474820 0.250531 0.471942 0.248408 0.470504 0.248408 0.469065 0.246285 0.469065 0.244161 0.467626 0.244161 0.464748 0.242038 0.463309
0 0.630573 0.293525 0.628450 0.294964 0.611465 0.294964 0.611465 0.302158 0.615711 0.305036 0.615711 0.306475 0.617834 0.307914 0.624204 0.307914 0.624204 0.302158 0.626327 0.300719 0.628450 0.300719 0.632696 0.297842 0.634820 0.297842 0.636943 0.296403 0.636943 0.293525
0 0.484076 0.279137 0.484076 0.282014 0.481953 0.283453 0.479830 0.282014 0.479830 0.280576 0.475584 0.280576 0.475584 0.287770 0.477707 0.287770 0.479830 0.289209 0.479830 0.290647 0.477707 0.292086 0.471338 0.292086 0.471338 0.293525 0.469214 0.294964 0.469214 0.297842 0.471338 0.299281 0.475584 0.299281 0.481953 0.294964 0.486200 0.294964 0.492569 0.299281 0.492569 0.303597 0.494692 0.305036 0.494692 0.312230 0.496815 0.313669 0.496815 0.316547 0.501062 0.316547 0.501062 0.303597 0.498938 0.302158 0.498938 0.296403 0.496815 0.296403 0.490446 0.292086 0.490446 0.290647 0.488323 0.289209 0.488323 0.279137
0 0.356688 0.058993 0.354565 0.060432 0.354565 0.069065 0.356688 0.070504 0.356688 0.073381 0.354565 0.074820 0.354565 0.080576 0.352442 0.082014 0.352442 0.083453 0.350318 0.084892 0.350318 0.087770 0.346072 0.090647 0.346072 0.097842 0.350318 0.097842 0.350318 0.093525 0.354565 0.090647 0.358811 0.090647 0.358811 0.086331 0.360934 0.084892 0.360934 0.080576 0.363057 0.079137 0.363057 0.067626 0.367304 0.064748 0.367304 0.061871 0.365180 0.060432 0.365180 0.058993
0 0.456476 0.050360 0.456476 0.053237 0.458599 0.054676 0.458599 0.057554 0.460722 0.058993 0.460722 0.071942 0.462845 0.073381 0.460722 0.074820 0.458599 0.074820 0.458599 0.077698 0.462845 0.080576 0.464968 0.080576 0.467091 0.082014 0.467091 0.083453 0.471338 0.086331 0.471338 0.089209 0.475584 0.092086 0.475584 0.093525 0.477707 0.094964 0.477707 0.096403 0.481953 0.099281 0.481953 0.105036 0.484076 0.106475 0.486200 0.106475 0.488323 0.107914 0.488323 0.109353 0.490446 0.110791 0.490446 0.112230 0.492569 0.113669 0.492569 0.115108 0.494692 0.116547 0.494692 0.119424 0.496815 0.120863 0.496815 0.130935 0.498938 0.132374 0.498938 0.138129 0.503185 0.141007 0.503185 0.161151 0.505308 0.162590 0.505308 0.164029 0.503185 0.165468 0.501062 0.165468 0.501062 0.168345 0.505308 0.171223 0.505308 0.179856 0.501062 0.182734 0.498938 0.182734 0.496815 0.184173 0.492569 0.184173 0.490446 0.182734 0.488323 0.182734 0.486200 0.181295 0.481953 0.181295 0.479830 0.179856 0.477707 0.179856 0.475584 0.178417 0.473461 0.178417 0.460722 0.169784 0.460722 0.168345 0.458599 0.166906 0.454352 0.166906 0.452229 0.168345 0.450106 0.168345 0.447983 0.166906 0.447983 0.164029 0.445860 0.162590 0.443737 0.162590 0.439490 0.159712 0.439490 0.156835 0.433121 0.156835 0.433121 0.159712 0.430998 0.161151 0.428875 0.159712 0.426752 0.159712 0.418259 0.153957 0.418259 0.152518 0.416136 0.151079 0.414013 0.151079 0.409766 0.148201 0.409766 0.146763 0.407643 0.145324 0.403397 0.145324 0.401274 0.146763 0.397028 0.143885 0.392781 0.143885 0.392781 0.146763 0.397028 0.149640 0.397028 0.151079 0.399151 0.151079 0.401274 0.152518 0.401274 0.153957 0.403397 0.155396 0.403397 0.156835 0.405520 0.158273 0.405520 0.159712 0.403397 0.161151 0.399151 0.161151 0.397028 0.162590 0.397028 0.165468 0.401274 0.165468 0.405520 0.168345 0.409766 0.168345 0.411890 0.166906 0.418259 0.166906 0.424628 0.171223 0.426752 0.171223 0.428875 0.172662 0.430998 0.172662 0.433121 0.174101 0.437367 0.174101 0.439490 0.172662 0.443737 0.172662 0.445860 0.174101 0.445860 0.175540 0.450106 0.175540 0.452229 0.176978 0.452229 0.178417 0.456476 0.178417 0.460722 0.181295 0.469214 0.181295 0.473461 0.184173 0.479830 0.184173 0.481953 0.185612 0.486200 0.185612 0.488323 0.187050 0.490446 0.187050 0.496815 0.191367 0.496815 0.192806 0.515924 0.192806 0.522293 0.197122 0.522293 0.200000 0.526539 0.200000 0.528662 0.201439 0.528662 0.202878 0.532909 0.205755 0.532909 0.207194 0.535032 0.208633 0.535032 0.215827 0.532909 0.217266 0.530786 0.217266 0.526539 0.220144 0.526539 0.223022 0.524416 0.224460 0.522293 0.224460 0.522293 0.225899 0.520170 0.227338 0.518047 0.227338 0.515924 0.225899 0.515924 0.221583 0.509554 0.221583 0.509554 0.223022 0.507431 0.224460 0.507431 0.228777 0.503185 0.231655 0.501062 0.231655 0.494692 0.235971 0.494692 0.238849 0.496815 0.238849 0.498938 0.240288 0.498938 0.244604 0.496815 0.246043 0.496815 0.247482 0.494692 0.248921 0.488323 0.248921 0.488323 0.251799 0.490446 0.253237 0.490446 0.256115 0.492569 0.257554 0.492569 0.260432 0.494692 0.261871 0.492569 0.263309 0.492569 0.269065 0.498938 0.269065 0.498938 0.263309 0.501062 0.261871 0.501062 0.254676 0.503185 0.253237 0.503185 0.251799 0.505308 0.250360 0.505308 0.248921 0.509554 0.246043 0.509554 0.244604 0.520170 0.237410 0.522293 0.237410 0.524416 0.235971 0.526539 0.235971 0.530786 0.238849 0.530786 0.240288 0.532909 0.241727 0.532909 0.243165 0.535032 0.244604 0.535032 0.246043 0.537155 0.247482 0.537155 0.248921 0.543524 0.248921 0.545648 0.250360 0.543524 0.251799 0.541401 0.251799 0.541401 0.254676 0.545648 0.257554 0.545648 0.273381 0.543524 0.274820 0.543524 0.279137 0.545648 0.280576 0.545648 0.286331 0.543524 0.287770 0.543524 0.290647 0.545648 0.290647 0.547771 0.292086 0.547771 0.296403 0.545648 0.297842 0.539278 0.297842 0.539278 0.302158 0.537155 0.303597 0.537155 0.307914 0.539278 0.309353 0.537155 0.310791 0.535032 0.310791 0.532909 0.312230 0.532909 0.313669 0.530786 0.315108 0.530786 0.317986 0.528662 0.319424 0.526539 0.319424 0.522293 0.322302 0.522293 0.326619 0.520170 0.328058 0.518047 0.328058 0.518047 0.338129 0.515924 0.339568 0.515924 0.342446 0.520170 0.342446 0.520170 0.339568 0.522293 0.338129 0.524416 0.339568 0.524416 0.343885 0.522293 0.345324 0.522293 0.346763 0.520170 0.348201 0.520170 0.353957 0.518047 0.355396 0.513800 0.355396 0.513800 0.356835 0.511677 0.358273 0.511677 0.364029 0.515924 0.364029 0.518047 0.365468 0.515924 0.366906 0.511677 0.366906 0.511677 0.374101 0.509554 0.375540 0.509554 0.382734 0.507431 0.384173 0.507431 0.391367 0.505308 0.392806 0.505308 0.401439 0.503185 0.402878 0.503185 0.405755 0.501062 0.407194 0.501062 0.418705 0.498938 0.420144 0.498938 0.425899 0.503185 0.425899 0.507431 0.428777 0.507431 0.431655 0.505308 0.433094 0.505308 0.434532 0.503185 0.435971 0.503185 0.437410 0.501062 0.438849 0.501062 0.443165 0.498938 0.444604 0.498938 0.450360 0.496815 0.451799 0.496815 0.456115 0.498938 0.457554 0.496815 0.458993 0.494692 0.458993 0.494692 0.471942 0.496815 0.473381 0.496815 0.482014 0.494692 0.483453 0.494692 0.493525 0.492569 0.494964 0.492569 0.516547 0.494692 0.517986 0.494692 0.528058 0.496815 0.529496 0.496815 0.535252 0.498938 0.536691 0.498938 0.542446 0.501062 0.543885 0.501062 0.566906 0.503185 0.568345 0.503185 0.578417 0.505308 0.579856 0.505308 0.591367 0.507431 0.592806 0.507431 0.605755 0.505308 0.607194 0.503185 0.607194 0.503185 0.610072 0.505308 0.611511 0.505308 0.618705 0.503185 0.620144 0.503185 0.623022 0.501062 0.624460 0.501062 0.627338 0.496815 0.630216 0.492569 0.630216 0.488323 0.627338 0.486200 0.627338 0.484076 0.625899 0.481953 0.625899 0.475584 0.621583 0.473461 0.621583 0.464968 0.615827 0.464968 0.614388 0.462845 0.612950 0.462845 0.611511 0.460722 0.610072 0.460722 0.608633 0.458599 0.607194 0.458599 0.605755 0.456476 0.604317 0.456476 0.602878 0.454352 0.601439 0.454352 0.598561 0.452229 0.597122 0.452229 0.595683 0.450106 0.594245 0.450106 0.592806 0.447983 0.591367 0.447983 0.588489 0.445860 0.587050 0.445860 0.585612 0.443737 0.584173 0.445860 0.582734 0.445860 0.581295 0.447983 0.579856 0.450106 0.579856 0.450106 0.576978 0.447983 0.576978 0.445860 0.575540 0.443737 0.575540 0.437367 0.571223 0.437367 0.568345 0.435244 0.566906 0.435244 0.565468 0.433121 0.564029 0.433121 0.558273 0.430998 0.556835 0.430998 0.543885 0.428875 0.542446 0.430998 0.541007 0.430998 0.526619 0.433121 0.525180 0.433121 0.507914 0.435244 0.506475 0.435244 0.489209 0.437367 0.487770 0.437367 0.463309 0.439490 0.461871 0.439490 0.444604 0.430998 0.444604 0.430998 0.453237 0.428875 0.454676 0.428875 0.492086 0.426752 0.493525 0.426752 0.519424 0.424628 0.520863 0.424628 0.535252 0.422505 0.536691 0.422505 0.546763 0.424628 0.548201 0.424628 0.556835 0.426752 0.558273 0.426752 0.562590 0.428875 0.564029 0.428875 0.566906 0.430998 0.568345 0.430998 0.574101 0.433121 0.575540 0.433121 0.576978 0.435244 0.578417 0.435244 0.581295 0.437367 0.582734 0.437367 0.585612 0.439490 0.587050 0.439490 0.591367 0.441614 0.592806 0.441614 0.595683 0.443737 0.597122 0.443737 0.601439 0.441614 0.602878 0.437367 0.600000 0.435244 0.600000 0.433121 0.598561 0.430998 0.598561 0.428875 0.597122 0.420382 0.597122 0.411890 0.591367 0.409766 0.591367 0.397028 0.582734 0.394904 0.582734 0.388535 0.578417 0.388535 0.574101 0.382166 0.574101 0.377919 0.571223 0.377919 0.566906 0.375796 0.565468 0.375796 0.561151 0.373673 0.559712 0.373673 0.556835 0.371550 0.555396 0.371550 0.553957 0.369427 0.552518 0.369427 0.546763 0.367304 0.545324 0.367304 0.530935 0.365180 0.529496 0.365180 0.515108 0.363057 0.513669 0.363057 0.500719 0.365180 0.499281 0.365180 0.490647 0.367304 0.489209 0.367304 0.486331 0.365180 0.484892 0.365180 0.483453 0.367304 0.482014 0.367304 0.480576 0.369427 0.479137 0.375796 0.479137 0.375796 0.476259 0.377919 0.474820 0.377919 0.471942 0.380042 0.470504 0.380042 0.464748 0.377919 0.463309 0.380042 0.461871 0.380042 0.457554 0.382166 0.456115 0.382166 0.454676 0.384289 0.453237 0.384289 0.451799 0.386412 0.450360 0.386412 0.447482 0.382166 0.447482 0.382166 0.448921 0.380042 0.450360 0.380042 0.451799 0.377919 0.453237 0.377919 0.454676 0.375796 0.456115 0.375796 0.458993 0.373673 0.460432 0.373673 0.461871 0.371550 0.463309 0.371550 0.466187 0.369427 0.467626 0.369427 0.470504 0.367304 0.471942 0.367304 0.473381 0.365180 0.474820 0.365180 0.477698 0.363057 0.479137 0.363057 0.480576 0.360934 0.482014 0.360934 0.484892 0.358811 0.486331 0.358811 0.487770 0.356688 0.489209 0.356688 0.494964 0.354565 0.496403 0.354565 0.515108 0.356688 0.516547 0.356688 0.533813 0.358811 0.535252 0.358811 0.543885 0.360934 0.545324 0.360934 0.551079 0.363057 0.552518 0.363057 0.558273 0.365180 0.559712 0.365180 0.561151 0.363057 0.562590 0.360934 0.562590 0.358811 0.561151 0.356688 0.561151 0.354565 0.559712 0.354565 0.558273 0.352442 0.556835 0.350318 0.556835 0.343949 0.552518 0.341826 0.552518 0.339703 0.551079 0.339703 0.549640 0.337580 0.549640 0.335456 0.548201 0.331210 0.548201 0.331210 0.551079 0.335456 0.553957 0.335456 0.555396 0.337580 0.556835 0.341826 0.556835 0.354565 0.565468 0.356688 0.565468 0.369427 0.574101 0.369427 0.575540 0.371550 0.576978 0.371550 0.579856 0.373673 0.581295 0.373673 0.582734 0.375796 0.584173 0.375796 0.588489 0.377919 0.589928 0.377919 0.591367 0.380042 0.592806 0.380042 0.594245 0.377919 0.595683 0.375796 0.595683 0.373673 0.597122 0.343949 0.597122 0.341826 0.598561 0.333333 0.598561 0.331210 0.600000 0.314225 0.600000 0.314225 0.602878 0.312102 0.604317 0.309979 0.604317 0.307856 0.605755 0.305732 0.605755 0.303609 0.607194 0.301486 0.607194 0.299363 0.608633 0.297240 0.608633 0.295117 0.610072 0.286624 0.610072 0.271762 0.600000 0.269639 0.600000 0.256900 0.591367 0.254777 0.591367 0.252654 0.589928 0.252654 0.587050 0.248408 0.584173 0.246285 0.584173 0.244161 0.582734 0.244161 0.579856 0.242038 0.579856 0.239915 0.578417 0.239915 0.574101 0.237792 0.572662 0.233546 0.572662 0.233546 0.575540 0.235669 0.576978 0.235669 0.578417 0.237792 0.578417 0.239915 0.579856 0.239915 0.582734 0.242038 0.582734 0.244161 0.584173 0.244161 0.587050 0.248408 0.589928 0.250531 0.589928 0.252654 0.591367 0.252654 0.594245 0.297240 0.624460 0.299363 0.624460 0.314225 0.634532 0.316348 0.634532 0.326964 0.641727 0.329087 0.641727 0.339703 0.648921 0.337580 0.650360 0.337580 0.651799 0.335456 0.653237 0.329087 0.653237 0.326964 0.651799 0.322718 0.651799 0.322718 0.654676 0.324841 0.654676 0.326964 0.656115 0.329087 0.656115 0.331210 0.657554 0.331210 0.660432 0.333333 0.660432 0.335456 0.661871 0.339703 0.661871 0.339703 0.660432 0.341826 0.658993 0.343949 0.658993 0.346072 0.657554 0.348195 0.658993 0.354565 0.658993 0.360934 0.663309 0.360934 0.664748 0.358811 0.666187 0.358811 0.667626 0.354565 0.670504 0.352442 0.670504 0.350318 0.671942 0.348195 0.671942 0.343949 0.674820 0.341826 0.674820 0.339703 0.676259 0.337580 0.676259 0.335456 0.677698 0.307856 0.677698 0.305732 0.676259 0.297240 0.676259 0.295117 0.674820 0.286624 0.674820 0.284501 0.673381 0.273885 0.673381 0.271762 0.671942 0.263270 0.671942 0.261146 0.670504 0.248408 0.670504 0.246285 0.669065 0.231423 0.669065 0.229299 0.667626 0.208068 0.667626 0.205945 0.666187 0.199575 0.666187 0.197452 0.664748 0.184713 0.664748 0.182590 0.663309 0.171975 0.663309 0.169851 0.661871 0.159236 0.661871 0.157113 0.660432 0.148620 0.660432 0.146497 0.658993 0.140127 0.658993 0.140127 0.661871 0.138004 0.663309 0.127389 0.663309 0.125265 0.664748 0.123142 0.664748 0.123142 0.667626 0.131635 0.667626 0.133758 0.666187 0.135881 0.666187 0.138004 0.667626 0.163482 0.667626 0.165605 0.669065 0.176221 0.669065 0.178344 0.670504 0.197452 0.670504 0.199575 0.671942 0.218684 0.671942 0.220807 0.673381 0.225053 0.673381 0.227176 0.674820 0.237792 0.674820 0.239915 0.676259 0.248408 0.676259 0.250531 0.677698 0.261146 0.677698 0.263270 0.679137 0.271762 0.679137 0.273885 0.680576 0.284501 0.680576 0.286624 0.682014 0.295117 0.682014 0.297240 0.683453 0.307856 0.683453 0.309979 0.684892 0.320594 0.684892 0.322718 0.686331 0.324841 0.686331 0.326964 0.687770 0.335456 0.687770 0.339703 0.690647 0.346072 0.690647 0.348195 0.692086 0.350318 0.692086 0.352442 0.693525 0.354565 0.693525 0.356688 0.694964 0.356688 0.699281 0.360934 0.699281 0.363057 0.697842 0.363057 0.696403 0.365180 0.694964 0.373673 0.694964 0.375796 0.696403 0.375796 0.697842 0.386412 0.697842 0.390658 0.700719 0.390658 0.703597 0.392781 0.705036 0.392781 0.707914 0.394904 0.709353 0.394904 0.710791 0.392781 0.712230 0.392781 0.713669 0.390658 0.715108 0.390658 0.716547 0.388535 0.717986 0.388535 0.719424 0.384289 0.722302 0.384289 0.723741 0.380042 0.726619 0.380042 0.728058 0.375796 0.730935 0.375796 0.732374 0.373673 0.733813 0.373673 0.735252 0.363057 0.742446 0.356688 0.742446 0.354565 0.743885 0.348195 0.743885 0.346072 0.745324 0.339703 0.745324 0.337580 0.746763 0.331210 0.746763 0.329087 0.748201 0.322718 0.748201 0.320594 0.749640 0.312102 0.749640 0.309979 0.751079 0.301486 0.751079 0.299363 0.752518 0.292994 0.752518 0.290870 0.753957 0.284501 0.753957 0.282378 0.755396 0.278132 0.755396 0.276008 0.756835 0.269639 0.756835 0.267516 0.758273 0.261146 0.758273 0.259023 0.759712 0.252654 0.759712 0.250531 0.761151 0.246285 0.761151 0.244161 0.762590 0.237792 0.762590 0.235669 0.764029 0.229299 0.764029 0.227176 0.765468 0.216561 0.765468 0.214437 0.766906 0.205945 0.766906 0.205945 0.769784 0.218684 0.769784 0.220807 0.768345 0.227176 0.768345 0.229299 0.766906 0.235669 0.766906 0.237792 0.765468 0.244161 0.765468 0.246285 0.764029 0.254777 0.764029 0.256900 0.762590 0.267516 0.762590 0.269639 0.761151 0.278132 0.761151 0.280255 0.759712 0.290870 0.759712 0.292994 0.758273 0.303609 0.758273 0.305732 0.756835 0.314225 0.756835 0.316348 0.755396 0.320594 0.755396 0.322718 0.753957 0.331210 0.753957 0.333333 0.752518 0.341826 0.752518 0.343949 0.751079 0.352442 0.751079 0.356688 0.753957 0.360934 0.753957 0.363057 0.752518 0.365180 0.752518 0.367304 0.751079 0.369427 0.751079 0.371550 0.749640 0.380042 0.749640 0.384289 0.746763 0.390658 0.746763 0.392781 0.745324 0.394904 0.745324 0.397028 0.743885 0.407643 0.743885 0.409766 0.742446 0.411890 0.742446 0.414013 0.743885 0.418259 0.743885 0.420382 0.745324 0.420382 0.746763 0.422505 0.748201 0.422505 0.752518 0.424628 0.753957 0.424628 0.755396 0.426752 0.756835 0.424628 0.758273 0.424628 0.761151 0.428875 0.761151 0.428875 0.759712 0.430998 0.758273 0.430998 0.756835 0.433121 0.755396 0.433121 0.753957 0.435244 0.752518 0.435244 0.748201 0.433121 0.748201 0.430998 0.746763 0.430998 0.745324 0.433121 0.743885 0.433121 0.739568 0.437367 0.736691 0.441614 0.736691 0.443737 0.735252 0.445860 0.736691 0.445860 0.738129 0.443737 0.739568 0.441614 0.739568 0.441614 0.742446 0.445860 0.742446 0.445860 0.739568 0.447983 0.738129 0.450106 0.738129 0.458599 0.732374 0.460722 0.732374 0.462845 0.730935 0.467091 0.730935 0.469214 0.729496 0.471338 0.729496 0.473461 0.728058 0.479830 0.728058 0.481953 0.729496 0.481953 0.732374 0.479830 0.733813 0.479830 0.736691 0.477707 0.738129 0.477707 0.741007 0.475584 0.742446 0.475584 0.743885 0.473461 0.745324 0.473461 0.746763 0.467091 0.751079 0.464968 0.751079 0.464968 0.752518 0.456476 0.758273 0.454352 0.758273 0.450106 0.761151 0.450106 0.762590 0.445860 0.765468 0.439490 0.765468 0.437367 0.766906 0.430998 0.766906 0.428875 0.768345 0.428875 0.771223 0.422505 0.775540 0.422505 0.776978 0.418259 0.779856 0.416136 0.778417 0.416136 0.776978 0.418259 0.775540 0.418259 0.774101 0.420382 0.772662 0.420382 0.769784 0.416136 0.769784 0.416136 0.771223 0.414013 0.772662 0.414013 0.774101 0.411890 0.775540 0.411890 0.776978 0.409766 0.778417 0.409766 0.779856 0.407643 0.781295 0.407643 0.782734 0.405520 0.784173 0.405520 0.785612 0.403397 0.787050 0.403397 0.788489 0.401274 0.789928 0.401274 0.792806 0.399151 0.794245 0.399151 0.795683 0.397028 0.797122 0.397028 0.798561 0.394904 0.800000 0.394904 0.801439 0.380042 0.811511 0.377919 0.811511 0.377919 0.812950 0.363057 0.823022 0.363057 0.824460 0.356688 0.828777 0.354565 0.828777 0.352442 0.830216 0.352442 0.831655 0.309979 0.860432 0.307856 0.860432 0.307856 0.863309 0.312102 0.863309 0.314225 0.861871 0.316348 0.861871 0.326964 0.854676 0.329087 0.854676 0.339703 0.847482 0.341826 0.847482 0.371550 0.827338 0.373673 0.827338 0.375796 0.825899 0.377919 0.827338 0.377919 0.828777 0.375796 0.830216 0.375796 0.833094 0.373673 0.834532 0.373673 0.837410 0.371550 0.838849 0.371550 0.840288 0.369427 0.841727 0.369427 0.844604 0.367304 0.846043 0.367304 0.847482 0.365180 0.848921 0.365180 0.851799 0.363057 0.853237 0.363057 0.854676 0.360934 0.856115 0.360934 0.857554 0.358811 0.858993 0.358811 0.861871 0.356688 0.863309 0.356688 0.864748 0.354565 0.866187 0.354565 0.869065 0.352442 0.870504 0.352442 0.873381 0.350318 0.874820 0.350318 0.876259 0.348195 0.877698 0.348195 0.880576 0.346072 0.882014 0.346072 0.883453 0.343949 0.884892 0.343949 0.887770 0.341826 0.889209 0.341826 0.893525 0.339703 0.894964 0.339703 0.897842 0.337580 0.899281 0.337580 0.902158 0.335456 0.903597 0.335456 0.906475 0.333333 0.907914 0.333333 0.912230 0.331210 0.913669 0.331210 0.917986 0.329087 0.919424 0.329087 0.923741 0.326964 0.925180 0.326964 0.929496 0.324841 0.930935 0.324841 0.935252 0.322718 0.936691 0.322718 0.941007 0.320594 0.942446 0.320594 0.945324 0.318471 0.946763 0.318471 0.951079 0.316348 0.952518 0.316348 0.955396 0.314225 0.956835 0.314225 0.959712 0.312102 0.961151 0.312102 0.964029 0.316348 0.964029 0.318471 0.962590 0.318471 0.959712 0.320594 0.958273 0.320594 0.955396 0.322718 0.953957 0.322718 0.949640 0.324841 0.948201 0.324841 0.945324 0.326964 0.943885 0.326964 0.941007 0.329087 0.939568 0.329087 0.935252 0.331210 0.933813 0.331210 0.929496 0.333333 0.928058 0.333333 0.923741 0.335456 0.922302 0.335456 0.919424 0.337580 0.917986 0.337580 0.915108 0.339703 0.913669 0.339703 0.912230 0.341826 0.910791 0.341826 0.906475 0.343949 0.905036 0.343949 0.902158 0.346072 0.900719 0.346072 0.897842 0.348195 0.896403 0.348195 0.892086 0.350318 0.890647 0.350318 0.889209 0.352442 0.887770 0.352442 0.886331 0.354565 0.884892 0.354565 0.882014 0.356688 0.880576 0.356688 0.877698 0.358811 0.876259 0.358811 0.874820 0.360934 0.873381 0.360934 0.871942 0.363057 0.870504 0.363057 0.869065 0.365180 0.867626 0.365180 0.866187 0.367304 0.864748 0.367304 0.863309 0.369427 0.861871 0.369427 0.858993 0.371550 0.857554 0.371550 0.856115 0.373673 0.854676 0.373673 0.853237 0.377919 0.850360 0.377919 0.848921 0.380042 0.847482 0.380042 0.846043 0.382166 0.844604 0.382166 0.841727 0.384289 0.840288 0.384289 0.838849 0.386412 0.837410 0.386412 0.835971 0.390658 0.833094 0.390658 0.831655 0.392781 0.830216 0.392781 0.828777 0.394904 0.827338 0.394904 0.825899 0.397028 0.824460 0.397028 0.823022 0.399151 0.821583 0.399151 0.820144 0.403397 0.817266 0.403397 0.814388 0.405520 0.812950 0.405520 0.810072 0.407643 0.808633 0.407643 0.805755 0.411890 0.802878 0.411890 0.801439 0.414013 0.800000 0.416136 0.800000 0.416136 0.798561 0.426752 0.791367 0.428875 0.791367 0.428875 0.789928 0.439490 0.782734 0.441614 0.782734 0.441614 0.781295 0.443737 0.779856 0.443737 0.778417 0.447983 0.775540 0.450106 0.775540 0.454352 0.772662 0.454352 0.771223 0.462845 0.765468 0.467091 0.768345 0.464968 0.769784 0.464968 0.784173 0.462845 0.785612 0.462845 0.802878 0.460722 0.804317 0.460722 0.805755 0.458599 0.807194 0.458599 0.808633 0.456476 0.810072 0.456476 0.814388 0.458599 0.814388 0.460722 0.815827 0.460722 0.818705 0.462845 0.820144 0.462845 0.841727 0.460722 0.843165 0.460722 0.846043 0.458599 0.847482 0.458599 0.853237 0.460722 0.853237 0.462845 0.854676 0.462845 0.860432 0.464968 0.861871 0.464968 0.880576 0.467091 0.882014 0.467091 0.892086 0.469214 0.893525 0.469214 0.903597 0.473461 0.903597 0.473461 0.892086 0.471338 0.890647 0.471338 0.850360 0.473461 0.848921 0.473461 0.841727 0.475584 0.840288 0.475584 0.838849 0.477707 0.837410 0.479830 0.838849 0.479830 0.840288 0.481953 0.841727 0.481953 0.867626 0.479830 0.869065 0.479830 0.877698 0.484076 0.877698 0.486200 0.876259 0.486200 0.863309 0.488323 0.861871 0.488323 0.847482 0.490446 0.846043 0.490446 0.810072 0.492569 0.808633 0.492569 0.802878 0.496815 0.800000 0.496815 0.797122 0.498938 0.795683 0.498938 0.789928 0.501062 0.788489 0.501062 0.782734 0.503185 0.781295 0.503185 0.776978 0.505308 0.775540 0.509554 0.778417 0.509554 0.781295 0.511677 0.782734 0.511677 0.785612 0.513800 0.787050 0.513800 0.789928 0.515924 0.791367 0.515924 0.794245 0.518047 0.795683 0.518047 0.802878 0.520170 0.802878 0.522293 0.804317 0.522293 0.807194 0.524416 0.808633 0.524416 0.811511 0.526539 0.812950 0.526539 0.814388 0.528662 0.815827 0.528662 0.817266 0.530786 0.818705 0.530786 0.821583 0.532909 0.823022 0.532909 0.824460 0.535032 0.825899 0.535032 0.827338 0.537155 0.828777 0.537155 0.831655 0.539278 0.833094 0.539278 0.834532 0.541401 0.835971 0.541401 0.837410 0.543524 0.838849 0.543524 0.841727 0.545648 0.843165 0.545648 0.844604 0.547771 0.846043 0.547771 0.847482 0.549894 0.848921 0.549894 0.850360 0.552017 0.851799 0.552017 0.854676 0.554140 0.856115 0.554140 0.857554 0.556263 0.858993 0.556263 0.860432 0.558386 0.861871 0.558386 0.863309 0.560510 0.864748 0.560510 0.866187 0.562633 0.867626 0.562633 0.869065 0.564756 0.870504 0.564756 0.871942 0.566879 0.873381 0.566879 0.874820 0.569002 0.876259 0.569002 0.877698 0.571125 0.879137 0.571125 0.880576 0.573248 0.882014 0.573248 0.883453 0.577495 0.886331 0.577495 0.887770 0.579618 0.889209 0.579618 0.890647 0.581741 0.892086 0.581741 0.893525 0.583864 0.894964 0.583864 0.896403 0.585987 0.897842 0.585987 0.899281 0.590234 0.902158 0.590234 0.903597 0.592357 0.905036 0.592357 0.907914 0.594480 0.909353 0.594480 0.910791 0.598726 0.913669 0.598726 0.915108 0.600849 0.916547 0.600849 0.917986 0.602972 0.919424 0.602972 0.920863 0.605096 0.922302 0.605096 0.923741 0.607219 0.925180 0.607219 0.926619 0.609342 0.928058 0.609342 0.929496 0.611465 0.930935 0.611465 0.932374 0.613588 0.933813 0.613588 0.935252 0.615711 0.936691 0.615711 0.938129 0.617834 0.939568 0.617834 0.941007 0.622081 0.941007 0.622081 0.938129 0.619958 0.936691 0.619958 0.935252 0.617834 0.933813 0.617834 0.930935 0.615711 0.929496 0.615711 0.928058 0.613588 0.926619 0.613588 0.925180 0.611465 0.923741 0.611465 0.922302 0.609342 0.920863 0.609342 0.919424 0.607219 0.917986 0.607219 0.916547 0.605096 0.915108 0.605096 0.912230 0.600849 0.909353 0.600849 0.907914 0.598726 0.906475 0.598726 0.905036 0.596603 0.903597 0.596603 0.902158 0.594480 0.900719 0.594480 0.899281 0.592357 0.897842 0.592357 0.894964 0.588110 0.892086 0.588110 0.890647 0.585987 0.889209 0.585987 0.887770 0.583864 0.886331 0.583864 0.884892 0.581741 0.883453 0.581741 0.882014 0.579618 0.880576 0.579618 0.877698 0.575372 0.874820 0.575372 0.873381 0.573248 0.871942 0.573248 0.870504 0.571125 0.869065 0.571125 0.867626 0.569002 0.866187 0.569002 0.863309 0.566879 0.861871 0.566879 0.858993 0.562633 0.856115 0.562633 0.854676 0.560510 0.853237 0.560510 0.851799 0.556263 0.848921 0.556263 0.846043 0.554140 0.844604 0.554140 0.840288 0.552017 0.838849 0.552017 0.833094 0.549894 0.831655 0.549894 0.812950 0.556263 0.808633 0.560510 0.808633 0.564756 0.811511 0.564756 0.812950 0.566879 0.814388 0.566879 0.820144 0.571125 0.820144 0.573248 0.818705 0.577495 0.821583 0.577495 0.827338 0.581741 0.830216 0.581741 0.834532 0.583864 0.835971 0.583864 0.838849 0.585987 0.840288 0.585987 0.844604 0.588110 0.846043 0.588110 0.851799 0.590234 0.853237 0.590234 0.857554 0.592357 0.858993 0.592357 0.870504 0.594480 0.871942 0.594480 0.880576 0.596603 0.882014 0.596603 0.883453 0.600849 0.883453 0.602972 0.882014 0.602972 0.876259 0.600849 0.874820 0.600849 0.864748 0.598726 0.863309 0.598726 0.860432 0.600849 0.858993 0.602972 0.860432 0.602972 0.861871 0.605096 0.863309 0.605096 0.867626 0.607219 0.869065 0.607219 0.870504 0.609342 0.871942 0.609342 0.874820 0.611465 0.876259 0.611465 0.879137 0.613588 0.880576 0.613588 0.883453 0.615711 0.884892 0.615711 0.889209 0.619958 0.889209 0.619958 0.884892 0.617834 0.883453 0.617834 0.879137 0.615711 0.877698 0.615711 0.874820 0.613588 0.873381 0.613588 0.869065 0.611465 0.867626 0.611465 0.864748 0.609342 0.863309 0.609342 0.858993 0.607219 0.857554 0.607219 0.853237 0.605096 0.851799 0.605096 0.848921 0.602972 0.847482 0.602972 0.841727 0.600849 0.840288 0.600849 0.834532 0.602972 0.833094 0.605096 0.834532 0.605096 0.835971 0.609342 0.835971 0.609342 0.833094 0.607219 0.831655 0.607219 0.830216 0.605096 0.828777 0.605096 0.827338 0.600849 0.824460 0.600849 0.823022 0.598726 0.821583 0.598726 0.820144 0.596603 0.818705 0.596603 0.817266 0.594480 0.815827 0.594480 0.814388 0.592357 0.812950 0.592357 0.804317 0.594480 0.802878 0.598726 0.805755 0.598726 0.807194 0.600849 0.808633 0.600849 0.810072 0.602972 0.811511 0.602972 0.812950 0.605096 0.814388 0.605096 0.817266 0.609342 0.820144 0.609342 0.821583 0.611465 0.823022 0.611465 0.824460 0.613588 0.825899 0.613588 0.827338 0.615711 0.828777 0.615711 0.830216 0.619958 0.833094 0.619958 0.834532 0.624204 0.837410 0.624204 0.838849 0.626327 0.840288 0.626327 0.841727 0.628450 0.843165 0.628450 0.844604 0.630573 0.846043 0.630573 0.847482 0.632696 0.848921 0.632696 0.850360 0.636943 0.853237 0.636943 0.854676 0.641189 0.854676 0.641189 0.851799 0.639066 0.850360 0.639066 0.848921 0.636943 0.847482 0.636943 0.844604 0.634820 0.843165 0.634820 0.841727 0.632696 0.840288 0.632696 0.837410 0.634820 0.835971 0.636943 0.835971 0.639066 0.837410 0.639066 0.838849 0.649682 0.846043 0.649682 0.847482 0.658174 0.853237 0.658174 0.854676 0.666667 0.860432 0.666667 0.861871 0.679406 0.870504 0.679406 0.871942 0.685775 0.876259 0.685775 0.877698 0.692144 0.882014 0.692144 0.883453 0.700637 0.889209 0.700637 0.890647 0.709130 0.896403 0.709130 0.897842 0.749469 0.925180 0.749469 0.926619 0.751592 0.926619 0.753715 0.928058 0.753715 0.929496 0.762208 0.935252 0.762208 0.936691 0.774947 0.945324 0.774947 0.946763 0.785563 0.953957 0.785563 0.955396 0.789809 0.958273 0.794055 0.958273 0.794055 0.955396 0.791932 0.953957 0.791932 0.952518 0.783439 0.946763 0.785563 0.945324 0.789809 0.945324 0.789809 0.942446 0.787686 0.941007 0.785563 0.941007 0.781316 0.938129 0.779193 0.938129 0.774947 0.935252 0.772824 0.935252 0.743100 0.915108 0.743100 0.913669 0.730361 0.905036 0.730361 0.903597 0.713376 0.892086 0.713376 0.890647 0.700637 0.882014 0.700637 0.880576 0.692144 0.874820 0.692144 0.873381 0.681529 0.866187 0.681529 0.864748 0.679406 0.863309 0.679406 0.861871 0.670913 0.856115 0.670913 0.854676 0.668790 0.853237 0.668790 0.851799 0.666667 0.850360 0.666667 0.848921 0.660297 0.844604 0.660297 0.843165 0.656051 0.840288 0.656051 0.838849 0.653928 0.837410 0.653928 0.835971 0.651805 0.834532 0.651805 0.833094 0.649682 0.831655 0.649682 0.830216 0.647558 0.828777 0.647558 0.827338 0.643312 0.824460 0.643312 0.823022 0.641189 0.821583 0.641189 0.820144 0.639066 0.818705 0.639066 0.817266 0.634820 0.814388 0.634820 0.812950 0.632696 0.811511 0.632696 0.810072 0.630573 0.808633 0.630573 0.805755 0.628450 0.804317 0.628450 0.802878 0.626327 0.801439 0.626327 0.800000 0.624204 0.800000 0.622081 0.798561 0.622081 0.797122 0.619958 0.795683 0.619958 0.794245 0.617834 0.792806 0.617834 0.791367 0.615711 0.789928 0.615711 0.785612 0.619958 0.782734 0.622081 0.782734 0.628450 0.787050 0.628450 0.788489 0.630573 0.788489 0.641189 0.795683 0.641189 0.797122 0.707006 0.841727 0.711253 0.841727 0.711253 0.838849 0.702760 0.833094 0.702760 0.831655 0.700637 0.831655 0.698514 0.830216 0.698514 0.828777 0.666667 0.807194 0.666667 0.805755 0.653928 0.797122 0.653928 0.795683 0.643312 0.788489 0.643312 0.785612 0.645435 0.784173 0.647558 0.784173 0.649682 0.785612 0.651805 0.785612 0.656051 0.788489 0.658174 0.788489 0.664544 0.792806 0.666667 0.792806 0.668790 0.794245 0.670913 0.794245 0.673036 0.795683 0.675159 0.795683 0.679406 0.798561 0.681529 0.798561 0.685775 0.801439 0.687898 0.801439 0.692144 0.804317 0.694268 0.804317 0.696391 0.805755 0.698514 0.805755 0.702760 0.808633 0.704883 0.808633 0.707006 0.810072 0.709130 0.810072 0.713376 0.812950 0.715499 0.812950 0.719745 0.815827 0.721868 0.815827 0.726115 0.818705 0.728238 0.818705 0.732484 0.821583 0.734607 0.821583 0.738854 0.824460 0.740977 0.824460 0.743100 0.825899 0.745223 0.825899 0.747346 0.827338 0.749469 0.827338 0.753715 0.830216 0.755839 0.830216 0.757962 0.831655 0.760085 0.831655 0.762208 0.833094 0.764331 0.833094 0.766454 0.834532 0.768577 0.834532 0.770701 0.835971 0.772824 0.835971 0.779193 0.840288 0.783439 0.840288 0.783439 0.837410 0.779193 0.834532 0.777070 0.834532 0.774947 0.833094 0.772824 0.833094 0.753715 0.820144 0.753715 0.818705 0.751592 0.817266 0.749469 0.817266 0.743100 0.812950 0.743100 0.811511 0.740977 0.810072 0.738854 0.810072 0.732484 0.805755 0.732484 0.804317 0.726115 0.800000 0.723992 0.800000 0.721868 0.798561 0.723992 0.797122 0.723992 0.794245 0.717622 0.789928 0.717622 0.788489 0.704883 0.779856 0.704883 0.778417 0.700637 0.778417 0.700637 0.781295 0.702760 0.782734 0.702760 0.784173 0.700637 0.785612 0.698514 0.784173 0.696391 0.784173 0.692144 0.781295 0.690021 0.781295 0.687898 0.779856 0.683652 0.779856 0.683652 0.782734 0.685775 0.782734 0.715499 0.802878 0.717622 0.802878 0.728238 0.810072 0.726115 0.811511 0.723992 0.811511 0.719745 0.808633 0.717622 0.808633 0.715499 0.807194 0.713376 0.807194 0.711253 0.805755 0.709130 0.805755 0.704883 0.802878 0.702760 0.802878 0.698514 0.800000 0.696391 0.800000 0.692144 0.797122 0.690021 0.797122 0.687898 0.795683 0.685775 0.795683 0.681529 0.792806 0.679406 0.792806 0.677282 0.791367 0.675159 0.791367 0.670913 0.788489 0.668790 0.788489 0.662420 0.784173 0.660297 0.784173 0.658174 0.782734 0.656051 0.782734 0.649682 0.778417 0.647558 0.778417 0.643312 0.775540 0.641189 0.775540 0.634820 0.771223 0.634820 0.768345 0.639066 0.765468 0.649682 0.765468 0.653928 0.768345 0.658174 0.768345 0.658174 0.765468 0.647558 0.758273 0.647558 0.753957 0.649682 0.752518 0.649682 0.751079 0.656051 0.746763 0.658174 0.746763 0.664544 0.751079 0.664544 0.752518 0.673036 0.758273 0.675159 0.758273 0.677282 0.759712 0.677282 0.762590 0.681529 0.762590 0.681529 0.759712 0.679406 0.759712 0.677282 0.758273 0.677282 0.755396 0.668790 0.749640 0.668790 0.748201 0.664544 0.745324 0.664544 0.738129 0.673036 0.732374 0.683652 0.732374 0.685775 0.733813 0.700637 0.733813 0.702760 0.735252 0.713376 0.735252 0.715499 0.736691 0.732484 0.736691 0.734607 0.738129 0.762208 0.738129 0.764331 0.739568 0.904459 0.739568 0.904459 0.736691 0.819533 0.736691 0.817410 0.735252 0.791932 0.735252 0.789809 0.733813 0.766454 0.733813 0.764331 0.732374 0.743100 0.732374 0.740977 0.730935 0.726115 0.730935 0.723992 0.729496 0.711253 0.729496 0.709130 0.728058 0.698514 0.728058 0.696391 0.726619 0.685775 0.726619 0.681529 0.723741 0.685775 0.720863 0.690021 0.720863 0.690021 0.719424 0.694268 0.716547 0.702760 0.716547 0.707006 0.713669 0.711253 0.713669 0.713376 0.715108 0.717622 0.715108 0.721868 0.717986 0.726115 0.717986 0.726115 0.712230 0.732484 0.707914 0.740977 0.707914 0.743100 0.706475 0.779193 0.706475 0.781316 0.705036 0.794055 0.705036 0.796178 0.703597 0.817410 0.703597 0.819533 0.702158 0.830149 0.702158 0.832272 0.700719 0.847134 0.700719 0.847134 0.697842 0.804671 0.697842 0.802548 0.696403 0.796178 0.696403 0.794055 0.694964 0.794055 0.693525 0.796178 0.692086 0.804671 0.692086 0.804671 0.690647 0.806794 0.689209 0.808917 0.689209 0.811040 0.687770 0.815287 0.687770 0.819533 0.684892 0.821656 0.684892 0.823779 0.683453 0.828025 0.683453 0.830149 0.682014 0.832272 0.682014 0.834395 0.680576 0.838641 0.680576 0.840764 0.679137 0.842887 0.679137 0.847134 0.676259 0.851380 0.676259 0.853503 0.674820 0.855626 0.674820 0.857749 0.673381 0.861996 0.673381 0.864119 0.671942 0.868365 0.671942 0.870488 0.670504 0.872611 0.670504 0.874735 0.671942 0.878981 0.671942 0.878981 0.670504 0.881104 0.669065 0.885350 0.669065 0.887473 0.667626 0.889597 0.667626 0.893843 0.664748 0.902335 0.664748 0.904459 0.663309 0.912951 0.663309 0.915074 0.664748 0.923567 0.664748 0.925690 0.666187 0.929936 0.666187 0.932059 0.667626 0.936306 0.667626 0.938429 0.669065 0.942675 0.669065 0.944798 0.670504 0.951168 0.670504 0.953291 0.671942 0.959660 0.671942 0.961783 0.673381 0.966030 0.673381 0.968153 0.674820 0.972399 0.674820 0.974522 0.676259 0.978769 0.676259 0.980892 0.677698 0.985138 0.677698 0.985138 0.674820 0.983015 0.674820 0.980892 0.673381 0.976645 0.673381 0.974522 0.671942 0.970276 0.671942 0.968153 0.670504 0.961783 0.670504 0.959660 0.669065 0.955414 0.669065 0.953291 0.667626 0.946921 0.667626 0.944798 0.666187 0.940552 0.666187 0.938429 0.664748 0.934183 0.664748 0.932059 0.663309 0.929936 0.663309 0.927813 0.661871 0.927813 0.660432 0.929936 0.658993 0.932059 0.658993 0.934183 0.657554 0.942675 0.657554 0.944798 0.656115 0.951168 0.656115 0.951168 0.653237 0.944798 0.653237 0.942675 0.654676 0.925690 0.654676 0.923567 0.656115 0.910828 0.656115 0.908705 0.657554 0.898089 0.657554 0.895966 0.656115 0.895966 0.654676 0.898089 0.653237 0.900212 0.653237 0.902335 0.651799 0.902335 0.650360 0.904459 0.648921 0.906582 0.648921 0.910828 0.646043 0.912951 0.646043 0.915074 0.644604 0.917197 0.644604 0.917197 0.643165 0.919321 0.641727 0.921444 0.641727 0.923567 0.640288 0.925690 0.640288 0.932059 0.635971 0.940552 0.635971 0.957537 0.624460 0.957537 0.621583 0.953291 0.621583 0.949045 0.624460 0.946921 0.624460 0.944798 0.625899 0.942675 0.625899 0.940552 0.627338 0.938429 0.627338 0.934183 0.630216 0.919321 0.630216 0.917197 0.631655 0.898089 0.631655 0.895966 0.633094 0.883227 0.633094 0.881104 0.634532 0.870488 0.634532 0.870488 0.637410 0.883227 0.637410 0.885350 0.635971 0.895966 0.635971 0.898089 0.634532 0.910828 0.634532 0.912951 0.635971 0.912951 0.637410 0.910828 0.638849 0.908705 0.638849 0.906582 0.640288 0.904459 0.640288 0.895966 0.646043 0.891720 0.646043 0.887473 0.648921 0.885350 0.648921 0.881104 0.651799 0.876858 0.651799 0.872611 0.654676 0.851380 0.654676 0.849257 0.656115 0.834395 0.656115 0.832272 0.657554 0.823779 0.657554 0.821656 0.658993 0.815287 0.658993 0.813163 0.660432 0.811040 0.660432 0.808917 0.661871 0.800425 0.661871 0.798301 0.663309 0.794055 0.663309 0.791932 0.664748 0.777070 0.664748 0.774947 0.666187 0.770701 0.666187 0.768577 0.667626 0.764331 0.667626 0.762208 0.669065 0.760085 0.669065 0.757962 0.670504 0.749469 0.670504 0.747346 0.671942 0.736730 0.671942 0.732484 0.669065 0.732484 0.667626 0.734607 0.666187 0.736730 0.666187 0.738854 0.664748 0.743100 0.664748 0.745223 0.663309 0.747346 0.663309 0.749469 0.661871 0.753715 0.661871 0.755839 0.660432 0.760085 0.660432 0.762208 0.658993 0.766454 0.658993 0.768577 0.657554 0.770701 0.657554 0.772824 0.656115 0.777070 0.656115 0.779193 0.654676 0.783439 0.654676 0.785563 0.653237 0.789809 0.653237 0.791932 0.651799 0.794055 0.651799 0.796178 0.650360 0.800425 0.650360 0.802548 0.648921 0.806794 0.648921 0.808917 0.647482 0.815287 0.647482 0.817410 0.646043 0.821656 0.646043 0.823779 0.644604 0.830149 0.644604 0.832272 0.643165 0.838641 0.643165 0.838641 0.640288 0.832272 0.640288 0.830149 0.641727 0.821656 0.641727 0.819533 0.643165 0.813163 0.643165 0.811040 0.644604 0.804671 0.644604 0.802548 0.646043 0.796178 0.646043 0.794055 0.647482 0.789809 0.647482 0.787686 0.648921 0.783439 0.648921 0.781316 0.650360 0.777070 0.650360 0.774947 0.651799 0.770701 0.651799 0.768577 0.653237 0.764331 0.653237 0.762208 0.654676 0.757962 0.654676 0.755839 0.656115 0.749469 0.656115 0.747346 0.657554 0.745223 0.657554 0.743100 0.658993 0.736730 0.658993 0.734607 0.660432 0.728238 0.660432 0.726115 0.661871 0.721868 0.661871 0.719745 0.663309 0.713376 0.663309 0.711253 0.664748 0.707006 0.664748 0.704883 0.666187 0.696391 0.666187 0.694268 0.667626 0.692144 0.667626 0.690021 0.666187 0.683652 0.666187 0.681529 0.664748 0.679406 0.664748 0.677282 0.663309 0.673036 0.663309 0.670913 0.661871 0.670913 0.660432 0.673036 0.658993 0.677282 0.658993 0.681529 0.656115 0.683652 0.656115 0.685775 0.654676 0.687898 0.654676 0.692144 0.651799 0.694268 0.651799 0.696391 0.650360 0.698514 0.650360 0.700637 0.648921 0.702760 0.648921 0.704883 0.647482 0.707006 0.647482 0.709130 0.646043 0.711253 0.646043 0.713376 0.644604 0.715499 0.644604 0.719745 0.641727 0.721868 0.641727 0.723992 0.640288 0.726115 0.640288 0.728238 0.638849 0.730361 0.638849 0.732484 0.637410 0.734607 0.637410 0.736730 0.635971 0.738854 0.635971 0.740977 0.634532 0.743100 0.634532 0.747346 0.631655 0.751592 0.631655 0.753715 0.630216 0.755839 0.630216 0.757962 0.628777 0.760085 0.628777 0.762208 0.627338 0.764331 0.627338 0.766454 0.625899 0.768577 0.625899 0.770701 0.624460 0.772824 0.624460 0.774947 0.623022 0.777070 0.623022 0.777070 0.620144 0.772824 0.620144 0.770701 0.621583 0.766454 0.621583 0.764331 0.623022 0.762208 0.623022 0.760085 0.624460 0.755839 0.624460 0.753715 0.625899 0.751592 0.625899 0.749469 0.627338 0.747346 0.627338 0.745223 0.628777 0.743100 0.628777 0.740977 0.630216 0.738854 0.630216 0.736730 0.631655 0.734607 0.631655 0.732484 0.633094 0.730361 0.633094 0.728238 0.634532 0.726115 0.634532 0.723992 0.635971 0.721868 0.635971 0.719745 0.637410 0.715499 0.637410 0.713376 0.638849 0.711253 0.638849 0.709130 0.640288 0.707006 0.640288 0.704883 0.641727 0.702760 0.641727 0.700637 0.643165 0.698514 0.643165 0.696391 0.644604 0.694268 0.644604 0.692144 0.646043 0.690021 0.646043 0.687898 0.647482 0.685775 0.647482 0.683652 0.648921 0.681529 0.648921 0.679406 0.650360 0.677282 0.650360 0.675159 0.651799 0.673036 0.651799 0.668790 0.654676 0.664544 0.654676 0.662420 0.656115 0.656051 0.656115 0.653928 0.654676 0.651805 0.654676 0.647558 0.651799 0.645435 0.651799 0.639066 0.647482 0.634820 0.647482 0.628450 0.643165 0.628450 0.634532 0.626327 0.633094 0.634820 0.627338 0.636943 0.627338 0.645435 0.621583 0.647558 0.621583 0.649682 0.620144 0.651805 0.620144 0.653928 0.618705 0.656051 0.618705 0.658174 0.620144 0.662420 0.620144 0.664544 0.621583 0.681529 0.621583 0.681529 0.618705 0.679406 0.618705 0.675159 0.615827 0.660297 0.615827 0.658174 0.614388 0.660297 0.612950 0.660297 0.610072 0.656051 0.610072 0.651805 0.612950 0.649682 0.612950 0.645435 0.615827 0.641189 0.615827 0.636943 0.612950 0.639066 0.611511 0.639066 0.608633 0.643312 0.605755 0.643312 0.604317 0.658174 0.594245 0.658174 0.592806 0.660297 0.591367 0.662420 0.591367 0.664544 0.589928 0.664544 0.588489 0.685775 0.574101 0.687898 0.574101 0.692144 0.571223 0.692144 0.569784 0.694268 0.568345 0.694268 0.566906 0.698514 0.564029 0.700637 0.564029 0.700637 0.562590 0.704883 0.559712 0.704883 0.558273 0.707006 0.556835 0.709130 0.556835 0.711253 0.555396 0.711253 0.552518 0.707006 0.552518 0.704883 0.553957 0.704883 0.555396 0.702760 0.556835 0.698514 0.556835 0.698514 0.558273 0.694268 0.561151 0.692144 0.561151 0.673036 0.574101 0.670913 0.574101 0.668790 0.575540 0.668790 0.576978 0.666667 0.578417 0.664544 0.578417 0.630573 0.601439 0.628450 0.601439 0.607219 0.615827 0.605096 0.615827 0.596603 0.621583 0.592357 0.621583 0.590234 0.623022 0.588110 0.623022 0.585987 0.624460 0.583864 0.624460 0.581741 0.625899 0.579618 0.625899 0.577495 0.627338 0.575372 0.627338 0.573248 0.628777 0.569002 0.628777 0.566879 0.627338 0.566879 0.617266 0.569002 0.615827 0.569002 0.610072 0.571125 0.608633 0.571125 0.605755 0.573248 0.604317 0.573248 0.601439 0.575372 0.600000 0.575372 0.597122 0.577495 0.595683 0.577495 0.591367 0.579618 0.589928 0.579618 0.584173 0.581741 0.582734 0.581741 0.581295 0.583864 0.579856 0.583864 0.576978 0.585987 0.575540 0.585987 0.572662 0.588110 0.571223 0.588110 0.562590 0.590234 0.561151 0.590234 0.555396 0.592357 0.553957 0.592357 0.551079 0.594480 0.549640 0.594480 0.548201 0.596603 0.546763 0.596603 0.545324 0.600849 0.542446 0.600849 0.541007 0.605096 0.538129 0.605096 0.536691 0.611465 0.532374 0.611465 0.525180 0.615711 0.522302 0.615711 0.520863 0.628450 0.512230 0.628450 0.509353 0.626327 0.507914 0.626327 0.506475 0.628450 0.505036 0.628450 0.502158 0.639066 0.494964 0.639066 0.492086 0.643312 0.489209 0.645435 0.489209 0.649682 0.486331 0.649682 0.483453 0.651805 0.482014 0.653928 0.482014 0.653928 0.479137 0.649682 0.479137 0.649682 0.480576 0.647558 0.482014 0.645435 0.482014 0.634820 0.489209 0.634820 0.490647 0.624204 0.497842 0.624204 0.499281 0.615711 0.505036 0.615711 0.506475 0.613588 0.507914 0.613588 0.509353 0.611465 0.510791 0.611465 0.512230 0.607219 0.515108 0.607219 0.516547 0.605096 0.517986 0.605096 0.519424 0.602972 0.520863 0.602972 0.522302 0.600849 0.523741 0.600849 0.525180 0.598726 0.526619 0.598726 0.528058 0.592357 0.532374 0.590234 0.532374 0.583864 0.536691 0.581741 0.536691 0.571125 0.543885 0.569002 0.543885 0.562633 0.548201 0.560510 0.548201 0.558386 0.549640 0.558386 0.551079 0.556263 0.552518 0.552017 0.552518 0.537155 0.562590 0.537155 0.565468 0.541401 0.565468 0.556263 0.555396 0.556263 0.553957 0.558386 0.552518 0.562633 0.552518 0.566879 0.549640 0.569002 0.549640 0.573248 0.546763 0.575372 0.546763 0.579618 0.543885 0.581741 0.543885 0.583864 0.545324 0.581741 0.546763 0.581741 0.548201 0.579618 0.549640 0.579618 0.552518 0.577495 0.553957 0.577495 0.555396 0.575372 0.556835 0.575372 0.561151 0.573248 0.562590 0.573248 0.564029 0.571125 0.565468 0.571125 0.568345 0.569002 0.569784 0.569002 0.572662 0.566879 0.574101 0.566879 0.575540 0.564756 0.576978 0.564756 0.581295 0.562633 0.582734 0.562633 0.584173 0.560510 0.585612 0.560510 0.588489 0.558386 0.589928 0.558386 0.592806 0.556263 0.594245 0.556263 0.595683 0.554140 0.597122 0.554140 0.600000 0.552017 0.601439 0.552017 0.604317 0.549894 0.605755 0.549894 0.608633 0.547771 0.610072 0.547771 0.612950 0.545648 0.614388 0.545648 0.615827 0.543524 0.617266 0.543524 0.620144 0.539278 0.623022 0.535032 0.623022 0.528662 0.618705 0.528662 0.617266 0.526539 0.615827 0.526539 0.589928 0.528662 0.588489 0.528662 0.585612 0.526539 0.584173 0.526539 0.578417 0.528662 0.576978 0.528662 0.574101 0.530786 0.572662 0.532909 0.572662 0.535032 0.571223 0.535032 0.568345 0.530786 0.568345 0.528662 0.569784 0.528662 0.572662 0.526539 0.574101 0.524416 0.574101 0.524416 0.575540 0.522293 0.576978 0.520170 0.576978 0.518047 0.575540 0.518047 0.566906 0.515924 0.565468 0.515924 0.538129 0.513800 0.536691 0.513800 0.493525 0.515924 0.492086 0.515924 0.486331 0.513800 0.484892 0.513800 0.470504 0.511677 0.469065 0.511677 0.451799 0.513800 0.450360 0.513800 0.433094 0.515924 0.431655 0.515924 0.421583 0.518047 0.420144 0.518047 0.412950 0.520170 0.411511 0.520170 0.410072 0.522293 0.408633 0.522293 0.398561 0.524416 0.397122 0.524416 0.389928 0.526539 0.388489 0.526539 0.385612 0.528662 0.384173 0.528662 0.378417 0.532909 0.375540 0.532909 0.371223 0.530786 0.369784 0.530786 0.361151 0.532909 0.359712 0.532909 0.353957 0.535032 0.352518 0.535032 0.345324 0.537155 0.343885 0.537155 0.338129 0.539278 0.336691 0.539278 0.333813 0.541401 0.332374 0.541401 0.329496 0.545648 0.326619 0.545648 0.325180 0.547771 0.323741 0.547771 0.320863 0.549894 0.319424 0.549894 0.317986 0.552017 0.316547 0.552017 0.312230 0.556263 0.309353 0.556263 0.306475 0.560510 0.303597 0.560510 0.299281 0.562633 0.297842 0.579618 0.297842 0.581741 0.299281 0.579618 0.300719 0.579618 0.302158 0.577495 0.303597 0.577495 0.306475 0.581741 0.306475 0.581741 0.305036 0.588110 0.300719 0.598726 0.300719 0.598726 0.297842 0.600849 0.296403 0.607219 0.296403 0.607219 0.293525 0.596603 0.293525 0.592357 0.290647 0.588110 0.290647 0.588110 0.292086 0.585987 0.293525 0.583864 0.293525 0.581741 0.294964 0.566879 0.294964 0.564756 0.293525 0.562633 0.293525 0.560510 0.292086 0.560510 0.290647 0.558386 0.289209 0.558386 0.260432 0.560510 0.258993 0.560510 0.241727 0.562633 0.240288 0.562633 0.238849 0.564756 0.237410 0.569002 0.237410 0.571125 0.238849 0.575372 0.238849 0.577495 0.237410 0.583864 0.237410 0.588110 0.234532 0.590234 0.234532 0.592357 0.233094 0.598726 0.233094 0.600849 0.231655 0.602972 0.231655 0.605096 0.233094 0.605096 0.237410 0.607219 0.238849 0.611465 0.238849 0.613588 0.237410 0.615711 0.238849 0.615711 0.244604 0.619958 0.247482 0.624204 0.247482 0.624204 0.244604 0.626327 0.243165 0.626327 0.235971 0.632696 0.231655 0.636943 0.234532 0.636943 0.235971 0.639066 0.237410 0.639066 0.238849 0.643312 0.238849 0.645435 0.237410 0.647558 0.237410 0.647558 0.231655 0.649682 0.230216 0.656051 0.230216 0.656051 0.225899 0.649682 0.225899 0.647558 0.227338 0.636943 0.227338 0.634820 0.228777 0.630573 0.228777 0.628450 0.230216 0.626327 0.228777 0.619958 0.228777 0.617834 0.230216 0.615711 0.228777 0.598726 0.228777 0.596603 0.230216 0.592357 0.230216 0.590234 0.228777 0.590234 0.227338 0.592357 0.225899 0.592357 0.224460 0.594480 0.223022 0.594480 0.221583 0.596603 0.220144 0.596603 0.212950 0.598726 0.211511 0.600849 0.211511 0.602972 0.210072 0.607219 0.210072 0.609342 0.211511 0.613588 0.211511 0.615711 0.212950 0.617834 0.212950 0.622081 0.215827 0.639066 0.215827 0.641189 0.217266 0.647558 0.217266 0.649682 0.215827 0.658174 0.215827 0.662420 0.218705 0.662420 0.221583 0.666667 0.221583 0.666667 0.214388 0.664544 0.212950 0.656051 0.212950 0.653928 0.211511 0.651805 0.211511 0.647558 0.208633 0.647558 0.202878 0.651805 0.200000 0.653928 0.200000 0.656051 0.201439 0.658174 0.201439 0.662420 0.204317 0.664544 0.204317 0.666667 0.205755 0.670913 0.205755 0.670913 0.202878 0.668790 0.201439 0.668790 0.200000 0.666667 0.200000 0.664544 0.198561 0.660297 0.198561 0.658174 0.197122 0.656051 0.197122 0.653928 0.195683 0.653928 0.194245 0.658174 0.191367 0.673036 0.191367 0.673036 0.189928 0.677282 0.187050 0.677282 0.181295 0.675159 0.179856 0.662420 0.179856 0.660297 0.178417 0.660297 0.176978 0.656051 0.176978 0.651805 0.179856 0.647558 0.179856 0.645435 0.178417 0.639066 0.178417 0.634820 0.175540 0.628450 0.175540 0.626327 0.174101 0.626327 0.172662 0.615711 0.172662 0.615711 0.175540 0.611465 0.178417 0.607219 0.178417 0.605096 0.179856 0.600849 0.176978 0.598726 0.176978 0.596603 0.175540 0.596603 0.174101 0.598726 0.172662 0.600849 0.172662 0.605096 0.175540 0.609342 0.175540 0.609342 0.169784 0.598726 0.169784 0.596603 0.168345 0.596603 0.156835 0.598726 0.155396 0.598726 0.152518 0.602972 0.149640 0.611465 0.149640 0.613588 0.148201 0.622081 0.148201 0.622081 0.146763 0.624204 0.145324 0.624204 0.142446 0.619958 0.142446 0.617834 0.141007 0.613588 0.141007 0.609342 0.138129 0.605096 0.138129 0.602972 0.139568 0.600849 0.139568 0.598726 0.138129 0.598726 0.136691 0.594480 0.136691 0.592357 0.138129 0.590234 0.136691 0.579618 0.136691 0.575372 0.133813 0.575372 0.128058 0.573248 0.126619 0.573248 0.122302 0.566879 0.122302 0.566879 0.128058 0.562633 0.130935 0.560510 0.130935 0.556263 0.133813 0.554140 0.133813 0.552017 0.135252 0.539278 0.135252 0.535032 0.138129 0.535032 0.142446 0.541401 0.146763 0.543524 0.146763 0.545648 0.148201 0.545648 0.149640 0.547771 0.151079 0.549894 0.151079 0.554140 0.153957 0.554140 0.155396 0.552017 0.156835 0.552017 0.159712 0.547771 0.162590 0.543524 0.162590 0.541401 0.164029 0.539278 0.164029 0.537155 0.162590 0.537155 0.161151 0.532909 0.161151 0.532909 0.165468 0.535032 0.166906 0.535032 0.169784 0.530786 0.172662 0.520170 0.172662 0.518047 0.171223 0.515924 0.171223 0.513800 0.169784 0.513800 0.139568 0.511677 0.138129 0.511677 0.133813 0.509554 0.132374 0.509554 0.130935 0.507431 0.129496 0.507431 0.125180 0.501062 0.120863 0.501062 0.119424 0.498938 0.117986 0.498938 0.115108 0.496815 0.113669 0.496815 0.109353 0.494692 0.107914 0.494692 0.106475 0.488323 0.102158 0.488323 0.097842 0.486200 0.096403 0.486200 0.094964 0.484076 0.093525 0.484076 0.084892 0.490446 0.080576 0.494692 0.080576 0.498938 0.077698 0.498938 0.074820 0.492569 0.074820 0.488323 0.077698 0.486200 0.077698 0.481953 0.080576 0.477707 0.080576 0.473461 0.077698 0.473461 0.061871 0.471338 0.060432 0.471338 0.057554 0.469214 0.056115 0.467091 0.056115 0.464968 0.054676 0.464968 0.053237 0.460722 0.050360
0 0.443737 0.030216 0.441614 0.031655 0.441614 0.035971 0.439490 0.037410 0.435244 0.037410 0.435244 0.038849 0.433121 0.040288 0.433121 0.041727 0.430998 0.043165 0.430998 0.044604 0.424628 0.048921 0.422505 0.048921 0.420382 0.050360 0.416136 0.050360 0.416136 0.051799 0.411890 0.054676 0.409766 0.054676 0.409766 0.056115 0.407643 0.057554 0.407643 0.058993 0.401274 0.063309 0.394904 0.063309 0.394904 0.064748 0.392781 0.066187 0.390658 0.066187 0.388535 0.064748 0.386412 0.064748 0.384289 0.063309 0.380042 0.063309 0.377919 0.064748 0.377919 0.066187 0.371550 0.070504 0.371550 0.074820 0.373673 0.076259 0.371550 0.077698 0.371550 0.080576 0.373673 0.082014 0.373673 0.083453 0.375796 0.084892 0.375796 0.087770 0.377919 0.089209 0.377919 0.090647 0.380042 0.092086 0.380042 0.093525 0.382166 0.094964 0.382166 0.100719 0.371550 0.107914 0.369427 0.107914 0.369427 0.123741 0.365180 0.126619 0.363057 0.125180 0.360934 0.125180 0.358811 0.123741 0.358811 0.122302 0.354565 0.119424 0.350318 0.119424 0.350318 0.122302 0.354565 0.125180 0.354565 0.126619 0.356688 0.128058 0.356688 0.133813 0.360934 0.133813 0.365180 0.136691 0.371550 0.136691 0.375796 0.133813 0.382166 0.138129 0.382166 0.139568 0.386412 0.139568 0.386412 0.136691 0.384289 0.135252 0.384289 0.133813 0.382166 0.132374 0.382166 0.130935 0.380042 0.130935 0.375796 0.128058 0.375796 0.117986 0.377919 0.116547 0.377919 0.115108 0.380042 0.113669 0.382166 0.115108 0.384289 0.115108 0.388535 0.117986 0.388535 0.119424 0.390658 0.120863 0.390658 0.125180 0.392781 0.126619 0.392781 0.129496 0.397028 0.129496 0.397028 0.120863 0.394904 0.119424 0.394904 0.103597 0.392781 0.102158 0.392781 0.100719 0.394904 0.099281 0.394904 0.086331 0.392781 0.084892 0.392781 0.080576 0.390658 0.079137 0.390658 0.077698 0.392781 0.076259 0.392781 0.074820 0.397028 0.071942 0.397028 0.070504 0.401274 0.067626 0.405520 0.067626 0.409766 0.070504 0.409766 0.071942 0.414013 0.071942 0.414013 0.069065 0.416136 0.067626 0.416136 0.066187 0.418259 0.064748 0.426752 0.064748 0.426752 0.058993 0.428875 0.057554 0.433121 0.057554 0.435244 0.056115 0.435244 0.051799 0.441614 0.047482 0.443737 0.047482 0.445860 0.048921 0.452229 0.048921 0.452229 0.046043 0.450106 0.046043 0.447983 0.044604 0.447983 0.041727 0.452229 0.038849 0.452229 0.031655 0.450106 0.030216