0 0.198413 0.772999 0.198413 0.774194 0.195767 0.775388 0.190476 0.775388 0.190476 0.777778 0.193122 0.777778 0.201058 0.781362 0.203704 0.781362 0.206349 0.782557 0.208995 0.782557 0.211640 0.783751 0.214286 0.783751 0.222222 0.787336 0.222222 0.788530 0.224868 0.788530 0.227513 0.789725 0.232804 0.789725 0.232804 0.787336 0.224868 0.783751 0.224868 0.778973 0.222222 0.778973 0.219577 0.777778 0.214286 0.777778 0.203704 0.772999
0 0.380952 0.596177 0.380952 0.597372 0.378307 0.598566 0.375661 0.597372 0.370370 0.597372 0.370370 0.602151 0.373016 0.603345 0.373016 0.604540 0.378307 0.604540 0.386243 0.608124 0.386243 0.609319 0.388889 0.610514 0.388889 0.611708 0.391534 0.612903 0.391534 0.614098 0.394180 0.615293 0.396825 0.615293 0.402116 0.617682 0.410053 0.617682 0.410053 0.614098 0.407407 0.612903 0.407407 0.611708 0.404762 0.610514 0.404762 0.609319 0.399471 0.606930 0.399471 0.605735 0.396825 0.604540 0.396825 0.603345 0.391534 0.600956 0.391534 0.599761 0.388889 0.598566 0.388889 0.597372 0.386243 0.596177
0 0.198413 0.440860 0.198413 0.446834 0.201058 0.448029 0.198413 0.449223 0.198413 0.454002 0.193122 0.456392 0.193122 0.458781 0.195767 0.459976 0.195767 0.469534 0.193122 0.470729 0.193122 0.473118 0.195767 0.474313 0.195767 0.476703 0.203704 0.480287 0.208995 0.480287 0.211640 0.479092 0.211640 0.476703 0.208995 0.475508 0.208995 0.471924 0.211640 0.470729 0.211640 0.463560 0.214286 0.462366 0.214286 0.456392 0.216931 0.455197 0.216931 0.452808 0.214286 0.451613 0.214286 0.446834 0.211640 0.445639 0.211640 0.440860
0 0.359788 0.424134 0.359788 0.426523 0.354497 0.428913 0.349206 0.428913 0.349206 0.432497 0.346561 0.433692 0.335979 0.433692 0.333333 0.432497 0.325397 0.432497 0.325397 0.434886 0.328042 0.434886 0.330688 0.436081 0.349206 0.436081 0.351852 0.434886 0.354497 0.434886 0.357143 0.433692 0.357143 0.432497 0.359788 0.431302 0.365079 0.431302 0.365079 0.424134
0 0.669312 0.414576 0.669312 0.418160 0.664021 0.420550 0.661376 0.420550 0.658730 0.421744 0.656085 0.421744 0.653439 0.422939 0.653439 0.431302 0.650794 0.432497 0.648148 0.432497 0.645503 0.433692 0.645503 0.436081 0.650794 0.438471 0.650794 0.439665 0.653439 0.440860 0.653439 0.448029 0.656085 0.449223 0.656085 0.450418 0.661376 0.452808 0.661376 0.454002 0.666667 0.456392 0.666667 0.457587 0.671958 0.459976 0.671958 0.462366 0.677249 0.464755 0.677249 0.465950 0.679894 0.467145 0.679894 0.468339 0.693122 0.474313 0.693122 0.475508 0.698413 0.475508 0.701058 0.476703 0.711640 0.476703 0.711640 0.474313 0.703704 0.474313 0.693122 0.469534 0.693122 0.468339 0.690476 0.467145 0.690476 0.464755 0.685185 0.464755 0.679894 0.462366 0.679894 0.461171 0.677249 0.459976 0.677249 0.457587 0.674603 0.456392 0.674603 0.455197 0.669312 0.452808 0.669312 0.451613 0.666667 0.450418 0.666667 0.449223 0.664021 0.448029 0.664021 0.445639 0.661376 0.444444 0.661376 0.434886 0.664021 0.433692 0.664021 0.430108 0.666667 0.428913 0.666667 0.425329 0.669312 0.424134 0.671958 0.424134 0.682540 0.419355 0.682540 0.415771 0.679894 0.414576
0 0.230159 0.394265 0.230159 0.396655 0.232804 0.397849 0.232804 0.400239 0.235450 0.400239 0.238095 0.401434 0.238095 0.403823 0.240741 0.405018 0.238095 0.406213 0.238095 0.412186 0.243386 0.412186 0.246032 0.413381 0.246032 0.416965 0.251323 0.416965 0.253968 0.415771 0.256614 0.416965 0.259259 0.416965 0.267196 0.420550 0.267196 0.422939 0.272487 0.422939 0.275132 0.424134 0.277778 0.424134 0.283069 0.426523 0.288360 0.426523 0.291005 0.427718 0.291005 0.430108 0.293651 0.430108 0.296296 0.431302 0.301587 0.431302 0.304233 0.432497 0.309524 0.432497 0.309524 0.430108 0.304233 0.430108 0.296296 0.426523 0.291005 0.426523 0.288360 0.425329 0.288360 0.420550 0.285714 0.420550 0.283069 0.419355 0.280423 0.419355 0.277778 0.418160 0.275132 0.418160 0.264550 0.413381 0.264550 0.412186 0.253968 0.407407 0.253968 0.401434 0.248677 0.401434 0.235450 0.395460 0.235450 0.394265
0 0.925926 0.265233 0.925926 0.266428 0.923280 0.267622 0.923280 0.274791 0.920635 0.275986 0.920635 0.278375 0.923280 0.279570 0.931217 0.279570 0.936508 0.277180 0.936508 0.267622 0.931217 0.265233
0 0.341270 0.230585 0.341270 0.234170 0.338624 0.235364 0.338624 0.238949 0.343915 0.241338 0.343915 0.242533 0.346561 0.243728 0.351852 0.243728 0.354497 0.244922 0.354497 0.246117 0.362434 0.249701 0.367725 0.249701 0.367725 0.248507 0.370370 0.247312 0.375661 0.247312 0.375661 0.244922 0.370370 0.244922 0.359788 0.240143 0.359788 0.232975 0.351852 0.232975 0.346561 0.230585
0 0.634921 0.084827 0.632275 0.086022 0.629630 0.086022 0.626984 0.087216 0.619048 0.087216 0.616402 0.088411 0.613757 0.087216 0.608466 0.087216 0.605820 0.088411 0.592593 0.088411 0.589947 0.089606 0.587302 0.089606 0.579365 0.093190 0.579365 0.096774 0.589947 0.096774 0.592593 0.095579 0.595238 0.095579 0.603175 0.091995 0.613757 0.091995 0.619048 0.089606 0.626984 0.089606 0.629630 0.088411 0.656085 0.088411 0.658730 0.087216 0.661376 0.087216 0.664021 0.088411 0.674603 0.088411 0.677249 0.089606 0.690476 0.089606 0.693122 0.090800 0.695767 0.090800 0.698413 0.091995 0.703704 0.091995 0.706349 0.093190 0.711640 0.093190 0.714286 0.091995 0.716931 0.091995 0.719577 0.090800 0.724868 0.090800 0.738095 0.096774 0.743386 0.096774 0.748677 0.094385 0.761905 0.094385 0.761905 0.091995 0.759259 0.091995 0.756614 0.090800 0.753968 0.090800 0.751323 0.089606 0.727513 0.089606 0.724868 0.088411 0.714286 0.088411 0.711640 0.087216 0.695767 0.087216 0.693122 0.086022 0.674603 0.086022 0.671958 0.084827
0 0.354497 0.069295 0.354497 0.070490 0.351852 0.071685 0.351852 0.075269 0.349206 0.076464 0.349206 0.083632 0.346561 0.084827 0.335979 0.084827 0.335979 0.088411 0.346561 0.088411 0.346561 0.084827 0.349206 0.083632 0.351852 0.084827 0.351852 0.087216 0.354497 0.087216 0.357143 0.088411 0.362434 0.088411 0.365079 0.087216 0.365079 0.084827 0.362434 0.083632 0.362434 0.082437 0.359788 0.081243 0.359788 0.069295
0 0.190476 0.039427 0.190476 0.041816 0.193122 0.043011 0.193122 0.048984 0.195767 0.050179 0.193122 0.051374 0.187831 0.051374 0.187831 0.053763 0.190476 0.053763 0.193122 0.054958 0.198413 0.054958 0.198413 0.053763 0.203704 0.051374 0.206349 0.051374 0.206349 0.044205 0.201058 0.041816 0.198413 0.041816 0.195767 0.040621 0.195767 0.039427
0 0.248677 0.025090 0.248677 0.027479 0.246032 0.028674 0.246032 0.029869 0.243386 0.031063 0.243386 0.032258 0.240741 0.033453 0.240741 0.034648 0.238095 0.035842 0.238095 0.038232 0.248677 0.038232 0.251323 0.039427 0.251323 0.040621 0.256614 0.040621 0.259259 0.039427 0.261905 0.039427 0.264550 0.040621 0.264550 0.041816 0.261905 0.043011 0.261905 0.045400 0.264550 0.046595 0.264550 0.051374 0.259259 0.053763 0.259259 0.056153 0.261905 0.057348 0.261905 0.071685 0.259259 0.072879 0.246032 0.072879 0.240741 0.075269 0.238095 0.075269 0.232804 0.077658 0.232804 0.081243 0.230159 0.082437 0.227513 0.081243 0.227513 0.080048 0.216931 0.080048 0.208995 0.083632 0.206349 0.083632 0.206349 0.087216 0.203704 0.088411 0.198413 0.088411 0.198413 0.090800 0.201058 0.091995 0.201058 0.094385 0.195767 0.096774 0.195767 0.097969 0.193122 0.099164 0.187831 0.099164 0.185185 0.097969 0.179894 0.097969 0.177249 0.099164 0.169312 0.099164 0.166667 0.097969 0.161376 0.097969 0.161376 0.100358 0.169312 0.103943 0.169312 0.105137 0.166667 0.106332 0.166667 0.108722 0.171958 0.108722 0.174603 0.107527 0.177249 0.108722 0.177249 0.111111 0.174603 0.112306 0.174603 0.115890 0.177249 0.117085 0.177249 0.120669 0.179894 0.121864 0.179894 0.123059 0.177249 0.124253 0.174603 0.124253 0.171958 0.123059 0.164021 0.123059 0.164021 0.125448 0.161376 0.126643 0.161376 0.130227 0.158730 0.131422 0.158730 0.132616 0.153439 0.135006 0.153439 0.138590 0.150794 0.139785 0.150794 0.140980 0.145503 0.143369 0.142857 0.143369 0.140212 0.142174 0.140212 0.136201 0.142857 0.135006 0.142857 0.131422 0.137566 0.131422 0.137566 0.133811 0.134921 0.135006 0.134921 0.139785 0.132275 0.140980 0.132275 0.142174 0.129630 0.143369 0.121693 0.143369 0.121693 0.150538 0.119048 0.151732 0.113757 0.151732 0.113757 0.152927 0.108466 0.155317 0.092593 0.155317 0.089947 0.154122 0.084656 0.154122 0.082011 0.155317 0.082011 0.157706 0.084656 0.158901 0.084656 0.167264 0.082011 0.168459 0.079365 0.168459 0.079365 0.172043 0.082011 0.172043 0.089947 0.175627 0.092593 0.175627 0.095238 0.176822 0.097884 0.176822 0.105820 0.180406 0.105820 0.181601 0.111111 0.183990 0.111111 0.185185 0.116402 0.187575 0.116402 0.189964 0.121693 0.189964 0.121693 0.187575 0.119048 0.186380 0.121693 0.185185 0.121693 0.182796 0.124339 0.181601 0.124339 0.178017 0.129630 0.175627 0.132275 0.175627 0.134921 0.174432 0.142857 0.174432 0.142857 0.173238 0.145503 0.172043 0.148148 0.172043 0.150794 0.170848 0.153439 0.170848 0.156085 0.169654 0.156085 0.166069 0.158730 0.164875 0.158730 0.163680 0.161376 0.162485 0.161376 0.148148 0.164021 0.146953 0.164021 0.145759 0.166667 0.144564 0.166667 0.143369 0.171958 0.140980 0.177249 0.140980 0.177249 0.138590 0.182540 0.136201 0.187831 0.138590 0.187831 0.142174 0.190476 0.142174 0.195767 0.144564 0.198413 0.144564 0.201058 0.145759 0.198413 0.146953 0.195767 0.146953 0.193122 0.148148 0.190476 0.146953 0.182540 0.146953 0.182540 0.149343 0.185185 0.150538 0.185185 0.156511 0.187831 0.157706 0.187831 0.158901 0.190476 0.160096 0.190476 0.164875 0.187831 0.166069 0.182540 0.166069 0.179894 0.167264 0.177249 0.167264 0.174603 0.166069 0.174603 0.162485 0.169312 0.162485 0.169312 0.164875 0.166667 0.166069 0.166667 0.169654 0.169312 0.170848 0.169312 0.173238 0.174603 0.173238 0.174603 0.172043 0.177249 0.170848 0.185185 0.170848 0.187831 0.169654 0.190476 0.169654 0.193122 0.168459 0.195767 0.169654 0.195767 0.172043 0.198413 0.173238 0.198413 0.174432 0.201058 0.175627 0.203704 0.175627 0.206349 0.176822 0.203704 0.178017 0.198413 0.178017 0.198413 0.182796 0.201058 0.183990 0.201058 0.187575 0.208995 0.187575 0.211640 0.188769 0.211640 0.192354 0.214286 0.193548 0.214286 0.197133 0.216931 0.198327 0.211640 0.200717 0.211640 0.207885 0.216931 0.207885 0.219577 0.206691 0.232804 0.206691 0.232804 0.204301 0.222222 0.199522 0.222222 0.195938 0.219577 0.194743 0.219577 0.188769 0.216931 0.187575 0.216931 0.176822 0.222222 0.174432 0.224868 0.175627 0.224868 0.180406 0.232804 0.180406 0.232804 0.178017 0.238095 0.175627 0.238095 0.166069 0.235450 0.164875 0.235450 0.161290 0.238095 0.160096 0.240741 0.160096 0.240741 0.157706 0.238095 0.156511 0.235450 0.156511 0.232804 0.155317 0.232804 0.143369 0.235450 0.142174 0.235450 0.140980 0.238095 0.139785 0.240741 0.139785 0.243386 0.140980 0.243386 0.142174 0.246032 0.143369 0.246032 0.150538 0.248677 0.150538 0.253968 0.152927 0.253968 0.154122 0.251323 0.155317 0.251323 0.158901 0.253968 0.158901 0.256614 0.160096 0.259259 0.160096 0.261905 0.161290 0.256614 0.163680 0.256614 0.164875 0.253968 0.166069 0.251323 0.166069 0.251323 0.168459 0.253968 0.169654 0.256614 0.169654 0.261905 0.172043 0.261905 0.176822 0.264550 0.178017 0.261905 0.179211 0.261905 0.183990 0.264550 0.183990 0.267196 0.185185 0.283069 0.185185 0.283069 0.181601 0.280423 0.180406 0.280423 0.179211 0.298942 0.170848 0.301587 0.172043 0.309524 0.172043 0.312169 0.170848 0.312169 0.166069 0.314815 0.164875 0.322751 0.168459 0.322751 0.169654 0.320106 0.170848 0.320106 0.173238 0.328042 0.173238 0.328042 0.167264 0.330688 0.166069 0.330688 0.161290 0.328042 0.160096 0.328042 0.158901 0.330688 0.157706 0.330688 0.152927 0.333333 0.151732 0.333333 0.146953 0.328042 0.146953 0.328042 0.148148 0.317460 0.152927 0.312169 0.152927 0.309524 0.151732 0.309524 0.150538 0.306878 0.149343 0.306878 0.139785 0.304233 0.138590 0.304233 0.136201 0.301587 0.136201 0.296296 0.133811 0.296296 0.130227 0.298942 0.129032 0.298942 0.125448 0.301587 0.124253 0.301587 0.123059 0.304233 0.121864 0.304233 0.120669 0.306878 0.119474 0.312169 0.121864 0.312169 0.124253 0.314815 0.125448 0.317460 0.125448 0.330688 0.131422 0.335979 0.131422 0.338624 0.132616 0.338624 0.133811 0.341270 0.135006 0.341270 0.142174 0.346561 0.144564 0.351852 0.144564 0.357143 0.146953 0.357143 0.148148 0.359788 0.149343 0.359788 0.150538 0.365079 0.152927 0.365079 0.154122 0.370370 0.156511 0.370370 0.157706 0.375661 0.160096 0.370370 0.162485 0.370370 0.164875 0.378307 0.168459 0.380952 0.168459 0.386243 0.170848 0.386243 0.175627 0.391534 0.175627 0.394180 0.176822 0.394180 0.178017 0.399471 0.180406 0.399471 0.181601 0.402116 0.182796 0.402116 0.188769 0.404762 0.189964 0.402116 0.191159 0.402116 0.193548 0.404762 0.193548 0.407407 0.194743 0.407407 0.195938 0.410053 0.197133 0.407407 0.198327 0.407407 0.203106 0.404762 0.204301 0.404762 0.206691 0.407407 0.207885 0.407407 0.210275 0.410053 0.211470 0.410053 0.217443 0.415344 0.217443 0.415344 0.216249 0.417989 0.215054 0.420635 0.215054 0.420635 0.213859 0.425926 0.211470 0.425926 0.206691 0.428571 0.205496 0.428571 0.201912 0.425926 0.200717 0.425926 0.197133 0.423280 0.195938 0.420635 0.195938 0.415344 0.193548 0.415344 0.189964 0.420635 0.187575 0.420635 0.186380 0.423280 0.185185 0.423280 0.183990 0.425926 0.182796 0.425926 0.178017 0.428571 0.176822 0.436508 0.176822 0.439153 0.178017 0.441799 0.178017 0.444444 0.179211 0.444444 0.180406 0.447090 0.181601 0.447090 0.183990 0.457672 0.188769 0.457672 0.189964 0.460317 0.189964 0.465608 0.192354 0.465608 0.193548 0.476190 0.193548 0.484127 0.197133 0.484127 0.198327 0.486772 0.199522 0.492063 0.199522 0.494709 0.198327 0.497354 0.198327 0.497354 0.197133 0.500000 0.195938 0.500000 0.193548 0.486772 0.193548 0.481481 0.191159 0.476190 0.191159 0.468254 0.187575 0.468254 0.186380 0.462963 0.183990 0.462963 0.181601 0.460317 0.180406 0.460317 0.179211 0.457672 0.178017 0.462963 0.175627 0.462963 0.166069 0.465608 0.164875 0.465608 0.163680 0.470899 0.161290 0.473545 0.161290 0.476190 0.160096 0.481481 0.162485 0.481481 0.166069 0.484127 0.167264 0.484127 0.168459 0.486772 0.169654 0.492063 0.169654 0.492063 0.166069 0.489418 0.164875 0.489418 0.157706 0.494709 0.155317 0.497354 0.156511 0.500000 0.156511 0.502646 0.157706 0.515873 0.157706 0.518519 0.156511 0.518519 0.155317 0.521164 0.154122 0.521164 0.152927 0.523810 0.151732 0.526455 0.151732 0.529101 0.152927 0.531746 0.152927 0.537037 0.155317 0.537037 0.166069 0.531746 0.168459 0.531746 0.169654 0.529101 0.170848 0.529101 0.173238 0.534392 0.173238 0.537037 0.174432 0.537037 0.197133 0.539683 0.197133 0.544974 0.199522 0.544974 0.201912 0.547619 0.203106 0.547619 0.207885 0.550265 0.209080 0.550265 0.210275 0.552910 0.211470 0.552910 0.218638 0.555556 0.219833 0.555556 0.228196 0.552910 0.229391 0.552910 0.230585 0.550265 0.231780 0.550265 0.234170 0.544974 0.236559 0.542328 0.235364 0.542328 0.234170 0.539683 0.234170 0.537037 0.232975 0.537037 0.231780 0.534392 0.230585 0.529101 0.230585 0.529101 0.232975 0.531746 0.234170 0.534392 0.234170 0.537037 0.235364 0.537037 0.240143 0.539683 0.240143 0.542328 0.241338 0.542328 0.244922 0.539683 0.246117 0.539683 0.250896 0.537037 0.252091 0.537037 0.256870 0.534392 0.258065 0.534392 0.260454 0.531746 0.261649 0.529101 0.261649 0.529101 0.265233 0.526455 0.266428 0.523810 0.266428 0.521164 0.267622 0.521164 0.271207 0.518519 0.272401 0.518519 0.275986 0.515873 0.277180 0.507937 0.277180 0.505291 0.278375 0.502646 0.278375 0.500000 0.279570 0.500000 0.280765 0.497354 0.281959 0.492063 0.279570 0.492063 0.278375 0.489418 0.277180 0.489418 0.275986 0.484127 0.273596 0.484127 0.272401 0.481481 0.271207 0.478836 0.271207 0.476190 0.270012 0.476190 0.268817 0.473545 0.267622 0.473545 0.266428 0.470899 0.265233 0.470899 0.264038 0.465608 0.264038 0.462963 0.262843 0.462963 0.261649 0.457672 0.261649 0.455026 0.262843 0.449735 0.262843 0.447090 0.261649 0.431217 0.261649 0.425926 0.259259 0.425926 0.255675 0.410053 0.255675 0.407407 0.254480 0.407407 0.253286 0.404762 0.252091 0.404762 0.249701 0.399471 0.249701 0.396825 0.250896 0.396825 0.253286 0.399471 0.254480 0.396825 0.255675 0.396825 0.258065 0.407407 0.258065 0.410053 0.259259 0.410053 0.262843 0.407407 0.264038 0.407407 0.266428 0.410053 0.267622 0.402116 0.271207 0.402116 0.272401 0.399471 0.273596 0.394180 0.273596 0.394180 0.274791 0.388889 0.277180 0.380952 0.277180 0.378307 0.275986 0.375661 0.275986 0.370370 0.273596 0.367725 0.273596 0.365079 0.272401 0.354497 0.272401 0.351852 0.273596 0.346561 0.273596 0.346561 0.278375 0.351852 0.280765 0.354497 0.280765 0.359788 0.283154 0.359788 0.284349 0.365079 0.284349 0.370370 0.286738 0.370370 0.287933 0.367725 0.289128 0.367725 0.291517 0.362434 0.293907 0.359788 0.293907 0.354497 0.296296 0.349206 0.296296 0.346561 0.297491 0.333333 0.297491 0.330688 0.296296 0.325397 0.296296 0.325397 0.299881 0.320106 0.302270 0.317460 0.302270 0.314815 0.303465 0.312169 0.303465 0.309524 0.302270 0.309524 0.301075 0.304233 0.301075 0.301587 0.302270 0.301587 0.304659 0.298942 0.305854 0.296296 0.305854 0.293651 0.307049 0.288360 0.304659 0.285714 0.304659 0.283069 0.303465 0.283069 0.302270 0.272487 0.302270 0.269841 0.303465 0.267196 0.303465 0.264550 0.304659 0.259259 0.304659 0.259259 0.305854 0.256614 0.307049 0.251323 0.307049 0.248677 0.305854 0.248677 0.303465 0.243386 0.301075 0.240741 0.301075 0.238095 0.299881 0.238095 0.298686 0.232804 0.296296 0.232804 0.295102 0.224868 0.291517 0.222222 0.291517 0.219577 0.290323 0.219577 0.285544 0.216931 0.284349 0.216931 0.283154 0.214286 0.281959 0.214286 0.280765 0.203704 0.275986 0.203704 0.274791 0.201058 0.273596 0.195767 0.273596 0.193122 0.272401 0.193122 0.270012 0.190476 0.268817 0.190476 0.265233 0.185185 0.265233 0.185185 0.268817 0.182540 0.270012 0.171958 0.270012 0.171958 0.272401 0.179894 0.272401 0.185185 0.274791 0.185185 0.278375 0.182540 0.279570 0.182540 0.283154 0.185185 0.283154 0.193122 0.286738 0.193122 0.287933 0.195767 0.287933 0.198413 0.289128 0.198413 0.290323 0.201058 0.291517 0.201058 0.298686 0.203704 0.299881 0.203704 0.301075 0.206349 0.302270 0.206349 0.303465 0.208995 0.304659 0.208995 0.307049 0.211640 0.308244 0.211640 0.309438 0.214286 0.310633 0.214286 0.316607 0.198413 0.323775 0.198413 0.326165 0.201058 0.326165 0.206349 0.328554 0.214286 0.328554 0.216931 0.329749 0.219577 0.329749 0.222222 0.330944 0.224868 0.330944 0.227513 0.332139 0.227513 0.338112 0.230159 0.339307 0.230159 0.342891 0.232804 0.344086 0.232804 0.347670 0.235450 0.348865 0.235450 0.351254 0.238095 0.352449 0.238095 0.353644 0.230159 0.357228 0.227513 0.357228 0.224868 0.358423 0.216931 0.358423 0.216931 0.359618 0.214286 0.360812 0.211640 0.360812 0.201058 0.365591 0.201058 0.366786 0.195767 0.369176 0.195767 0.377539 0.193122 0.378734 0.193122 0.381123 0.206349 0.387097 0.211640 0.387097 0.214286 0.388292 0.214286 0.389486 0.219577 0.389486 0.219577 0.387097 0.214286 0.387097 0.211640 0.385902 0.211640 0.384707 0.203704 0.381123 0.203704 0.378734 0.201058 0.377539 0.201058 0.376344 0.203704 0.375149 0.203704 0.372760 0.206349 0.371565 0.206349 0.370370 0.214286 0.366786 0.216931 0.366786 0.216931 0.365591 0.224868 0.362007 0.227513 0.362007 0.232804 0.359618 0.235450 0.359618 0.238095 0.358423 0.246032 0.358423 0.248677 0.359618 0.248677 0.362007 0.251323 0.363202 0.251323 0.365591 0.248677 0.366786 0.243386 0.366786 0.243386 0.369176 0.246032 0.369176 0.248677 0.370370 0.248677 0.372760 0.253968 0.375149 0.253968 0.378734 0.256614 0.379928 0.256614 0.381123 0.261905 0.381123 0.264550 0.379928 0.269841 0.379928 0.272487 0.381123 0.277778 0.381123 0.277778 0.378734 0.275132 0.378734 0.264550 0.373955 0.264550 0.367981 0.261905 0.366786 0.261905 0.363202 0.259259 0.362007 0.259259 0.360812 0.261905 0.359618 0.264550 0.359618 0.269841 0.357228 0.283069 0.357228 0.285714 0.358423 0.293651 0.358423 0.293651 0.356033 0.291005 0.354839 0.288360 0.354839 0.285714 0.353644 0.285714 0.352449 0.277778 0.352449 0.277778 0.353644 0.275132 0.354839 0.267196 0.354839 0.264550 0.353644 0.264550 0.352449 0.272487 0.348865 0.277778 0.348865 0.283069 0.346476 0.285714 0.346476 0.285714 0.345281 0.288360 0.344086 0.298942 0.344086 0.304233 0.346476 0.304233 0.347670 0.309524 0.350060 0.317460 0.350060 0.328042 0.354839 0.328042 0.358423 0.330688 0.358423 0.343915 0.364397 0.343915 0.366786 0.341270 0.367981 0.338624 0.367981 0.338624 0.370370 0.343915 0.370370 0.343915 0.369176 0.346561 0.367981 0.349206 0.367981 0.354497 0.370370 0.354497 0.371565 0.357143 0.372760 0.357143 0.373955 0.359788 0.375149 0.359788 0.376344 0.362434 0.376344 0.370370 0.379928 0.373016 0.379928 0.375661 0.381123 0.375661 0.382318 0.378307 0.383513 0.378307 0.388292 0.383598 0.388292 0.386243 0.389486 0.388889 0.389486 0.396825 0.393070 0.399471 0.393070 0.402116 0.394265 0.402116 0.396655 0.404762 0.397849 0.404762 0.400239 0.410053 0.400239 0.410053 0.399044 0.412698 0.397849 0.415344 0.399044 0.415344 0.400239 0.420635 0.402628 0.431217 0.402628 0.433862 0.403823 0.436508 0.403823 0.441799 0.406213 0.441799 0.412186 0.447090 0.412186 0.457672 0.407407 0.460317 0.407407 0.468254 0.410992 0.468254 0.412186 0.470899 0.413381 0.470899 0.416965 0.476190 0.416965 0.476190 0.413381 0.473545 0.412186 0.473545 0.407407 0.476190 0.406213 0.478836 0.406213 0.481481 0.405018 0.484127 0.405018 0.486772 0.406213 0.489418 0.406213 0.494709 0.408602 0.497354 0.408602 0.505291 0.412186 0.505291 0.416965 0.507937 0.418160 0.507937 0.420550 0.510582 0.421744 0.510582 0.424134 0.507937 0.425329 0.507937 0.431302 0.505291 0.432497 0.505291 0.436081 0.502646 0.437276 0.497354 0.437276 0.494709 0.436081 0.494709 0.431302 0.489418 0.431302 0.486772 0.432497 0.486772 0.434886 0.492063 0.437276 0.492063 0.438471 0.489418 0.439665 0.489418 0.443250 0.492063 0.444444 0.492063 0.445639 0.494709 0.446834 0.494709 0.450418 0.492063 0.451613 0.492063 0.454002 0.500000 0.454002 0.502646 0.455197 0.502646 0.465950 0.500000 0.467145 0.500000 0.481481 0.497354 0.482676 0.497354 0.487455 0.500000 0.488650 0.500000 0.494624 0.502646 0.495818 0.502646 0.500597 0.500000 0.501792 0.492063 0.501792 0.492063 0.505376 0.494709 0.505376 0.497354 0.506571 0.497354 0.507766 0.502646 0.510155 0.502646 0.517324 0.500000 0.518519 0.500000 0.525687 0.497354 0.526882 0.497354 0.532855 0.500000 0.534050 0.500000 0.544803 0.502646 0.545998 0.502646 0.547192 0.505291 0.548387 0.505291 0.554361 0.507937 0.555556 0.507937 0.584229 0.502646 0.586619 0.497354 0.586619 0.497354 0.590203 0.500000 0.591398 0.500000 0.594982 0.502646 0.596177 0.502646 0.599761 0.505291 0.600956 0.505291 0.602151 0.507937 0.602151 0.513228 0.604540 0.513228 0.606930 0.510582 0.608124 0.507937 0.608124 0.507937 0.612903 0.505291 0.614098 0.505291 0.622461 0.502646 0.623656 0.497354 0.623656 0.497354 0.626045 0.500000 0.627240 0.500000 0.628435 0.502646 0.629630 0.502646 0.630824 0.500000 0.632019 0.500000 0.634409 0.502646 0.634409 0.507937 0.636798 0.507937 0.640382 0.510582 0.641577 0.510582 0.645161 0.515873 0.647551 0.515873 0.649940 0.523810 0.649940 0.526455 0.651135 0.523810 0.652330 0.521164 0.652330 0.521164 0.655914 0.507937 0.661888 0.507937 0.663082 0.505291 0.664277 0.500000 0.664277 0.497354 0.665472 0.494709 0.665472 0.486772 0.661888 0.486772 0.660693 0.473545 0.654719 0.473545 0.653524 0.468254 0.651135 0.468254 0.649940 0.460317 0.646356 0.460317 0.645161 0.447090 0.639188 0.447090 0.637993 0.439153 0.634409 0.439153 0.633214 0.431217 0.629630 0.431217 0.628435 0.425926 0.626045 0.425926 0.624851 0.420635 0.622461 0.420635 0.621266 0.417989 0.620072 0.410053 0.620072 0.410053 0.622461 0.412698 0.623656 0.412698 0.626045 0.415344 0.627240 0.415344 0.632019 0.417989 0.633214 0.417989 0.645161 0.420635 0.646356 0.420635 0.654719 0.425926 0.654719 0.425926 0.637993 0.428571 0.636798 0.431217 0.636798 0.441799 0.641577 0.441799 0.642772 0.447090 0.645161 0.447090 0.646356 0.449735 0.647551 0.449735 0.648746 0.452381 0.649940 0.452381 0.652330 0.455026 0.653524 0.455026 0.658303 0.457672 0.659498 0.457672 0.665472 0.460317 0.666667 0.460317 0.675030 0.462963 0.676225 0.462963 0.679809 0.457672 0.682198 0.444444 0.682198 0.441799 0.681004 0.441799 0.679809 0.439153 0.678614 0.439153 0.677419 0.436508 0.676225 0.436508 0.675030 0.433862 0.673835 0.433862 0.671446 0.431217 0.670251 0.431217 0.666667 0.425926 0.666667 0.425926 0.671446 0.423280 0.672640 0.420635 0.672640 0.420635 0.675030 0.423280 0.676225 0.423280 0.677419 0.428571 0.679809 0.431217 0.679809 0.436508 0.682198 0.441799 0.682198 0.444444 0.683393 0.444444 0.684588 0.455026 0.689367 0.455026 0.690562 0.452381 0.691756 0.452381 0.694146 0.457672 0.694146 0.460317 0.692951 0.468254 0.696535 0.468254 0.698925 0.470899 0.700119 0.470899 0.703704 0.473545 0.704898 0.473545 0.714456 0.476190 0.715651 0.473545 0.716846 0.473545 0.718041 0.468254 0.720430 0.468254 0.721625 0.460317 0.725209 0.460317 0.726404 0.457672 0.727599 0.455026 0.727599 0.455026 0.728793 0.444444 0.733572 0.428571 0.733572 0.415344 0.727599 0.415344 0.719235 0.423280 0.715651 0.423280 0.709677 0.417989 0.709677 0.417989 0.710872 0.415344 0.712067 0.415344 0.713262 0.410053 0.715651 0.407407 0.715651 0.407407 0.719235 0.404762 0.720430 0.404762 0.721625 0.402116 0.722820 0.396825 0.722820 0.396825 0.728793 0.394180 0.729988 0.351852 0.729988 0.349206 0.728793 0.346561 0.728793 0.343915 0.727599 0.343915 0.726404 0.330688 0.720430 0.330688 0.719235 0.309524 0.709677 0.309524 0.704898 0.306878 0.704898 0.301587 0.702509 0.298942 0.702509 0.288360 0.697730 0.288360 0.696535 0.283069 0.694146 0.277778 0.694146 0.277778 0.696535 0.280423 0.697730 0.280423 0.701314 0.283069 0.701314 0.285714 0.702509 0.288360 0.702509 0.291005 0.703704 0.291005 0.704898 0.298942 0.708483 0.298942 0.709677 0.312169 0.715651 0.312169 0.716846 0.328042 0.724014 0.328042 0.729988 0.330688 0.729988 0.333333 0.731183 0.341270 0.731183 0.351852 0.735962 0.354497 0.735962 0.357143 0.737157 0.359788 0.737157 0.365079 0.739546 0.367725 0.739546 0.380952 0.745520 0.380952 0.747909 0.388889 0.747909 0.394180 0.750299 0.394180 0.755078 0.386243 0.758662 0.380952 0.758662 0.378307 0.759857 0.365079 0.759857 0.362434 0.758662 0.349206 0.758662 0.349206 0.762246 0.362434 0.762246 0.365079 0.763441 0.365079 0.764636 0.373016 0.764636 0.375661 0.763441 0.383598 0.763441 0.386243 0.764636 0.388889 0.764636 0.391534 0.765830 0.394180 0.765830 0.396825 0.767025 0.396825 0.770609 0.394180 0.771804 0.383598 0.771804 0.380952 0.770609 0.370370 0.770609 0.367725 0.769415 0.365079 0.769415 0.362434 0.768220 0.362434 0.767025 0.357143 0.767025 0.354497 0.768220 0.341270 0.768220 0.338624 0.767025 0.335979 0.767025 0.333333 0.765830 0.322751 0.765830 0.322751 0.768220 0.330688 0.768220 0.333333 0.769415 0.338624 0.769415 0.341270 0.770609 0.341270 0.771804 0.359788 0.771804 0.362434 0.772999 0.373016 0.772999 0.375661 0.774194 0.383598 0.774194 0.386243 0.775388 0.388889 0.775388 0.391534 0.776583 0.394180 0.776583 0.396825 0.777778 0.396825 0.780167 0.394180 0.781362 0.388889 0.781362 0.388889 0.783751 0.391534 0.783751 0.396825 0.786141 0.396825 0.789725 0.399471 0.790920 0.399471 0.793309 0.402116 0.794504 0.402116 0.795699 0.407407 0.798088 0.407407 0.799283 0.410053 0.800478 0.410053 0.801673 0.417989 0.805257 0.417989 0.806452 0.412698 0.808841 0.410053 0.808841 0.407407 0.810036 0.404762 0.810036 0.404762 0.813620 0.407407 0.813620 0.410053 0.814815 0.407407 0.816010 0.407407 0.818399 0.415344 0.818399 0.417989 0.817204 0.425926 0.817204 0.428571 0.818399 0.433862 0.818399 0.436508 0.819594 0.447090 0.819594 0.457672 0.824373 0.462963 0.824373 0.465608 0.825568 0.468254 0.825568 0.470899 0.826762 0.470899 0.827957 0.468254 0.829152 0.455026 0.829152 0.452381 0.827957 0.449735 0.827957 0.444444 0.825568 0.441799 0.825568 0.439153 0.824373 0.436508 0.824373 0.433862 0.823178 0.410053 0.823178 0.407407 0.824373 0.404762 0.824373 0.402116 0.825568 0.388889 0.825568 0.383598 0.823178 0.383598 0.819594 0.373016 0.819594 0.370370 0.820789 0.365079 0.820789 0.362434 0.821983 0.357143 0.821983 0.357143 0.824373 0.375661 0.824373 0.378307 0.825568 0.378307 0.826762 0.380952 0.827957 0.380952 0.830346 0.386243 0.832736 0.386243 0.833931 0.394180 0.837515 0.394180 0.842294 0.396825 0.843489 0.396825 0.847073 0.402116 0.847073 0.402116 0.844683 0.404762 0.843489 0.404762 0.842294 0.412698 0.838710 0.433862 0.838710 0.436508 0.839904 0.484127 0.839904 0.486772 0.841099 0.492063 0.841099 0.494709 0.839904 0.497354 0.841099 0.497354 0.844683 0.500000 0.844683 0.502646 0.845878 0.500000 0.847073 0.500000 0.848268 0.497354 0.849462 0.497354 0.851852 0.494709 0.853047 0.489418 0.853047 0.486772 0.854241 0.484127 0.854241 0.478836 0.856631 0.476190 0.856631 0.470899 0.859020 0.468254 0.859020 0.465608 0.860215 0.462963 0.860215 0.460317 0.861410 0.457672 0.861410 0.455026 0.862605 0.449735 0.862605 0.447090 0.863799 0.444444 0.863799 0.441799 0.864994 0.439153 0.864994 0.436508 0.866189 0.428571 0.866189 0.425926 0.867384 0.423280 0.867384 0.420635 0.868578 0.417989 0.868578 0.417989 0.872162 0.428571 0.872162 0.431217 0.870968 0.436508 0.870968 0.439153 0.869773 0.444444 0.869773 0.447090 0.868578 0.449735 0.868578 0.452381 0.867384 0.457672 0.867384 0.460317 0.866189 0.462963 0.866189 0.465608 0.864994 0.468254 0.864994 0.470899 0.863799 0.476190 0.863799 0.478836 0.862605 0.481481 0.862605 0.484127 0.863799 0.481481 0.864994 0.481481 0.867384 0.478836 0.868578 0.478836 0.870968 0.476190 0.872162 0.476190 0.873357 0.473545 0.874552 0.473545 0.876941 0.470899 0.878136 0.470899 0.879331 0.468254 0.880526 0.468254 0.881720 0.460317 0.885305 0.460317 0.886499 0.455026 0.888889 0.452381 0.888889 0.444444 0.892473 0.444444 0.893668 0.441799 0.894863 0.439153 0.894863 0.439153 0.896057 0.436508 0.897252 0.436508 0.900836 0.441799 0.900836 0.444444 0.902031 0.444444 0.903226 0.449735 0.903226 0.452381 0.904421 0.452381 0.911589 0.449735 0.912784 0.449735 0.916368 0.447090 0.917563 0.447090 0.919952 0.444444 0.921147 0.444444 0.923536 0.449735 0.923536 0.449735 0.921147 0.452381 0.919952 0.452381 0.917563 0.455026 0.916368 0.455026 0.913978 0.457672 0.912784 0.457672 0.910394 0.460317 0.909200 0.460317 0.906810 0.462963 0.905615 0.462963 0.904421 0.465608 0.903226 0.473545 0.903226 0.476190 0.902031 0.476190 0.899642 0.478836 0.898447 0.478836 0.896057 0.507937 0.882915 0.507937 0.881720 0.515873 0.878136 0.521164 0.878136 0.523810 0.876941 0.526455 0.878136 0.526455 0.881720 0.529101 0.882915 0.529101 0.913978 0.531746 0.915173 0.531746 0.925926 0.534392 0.927121 0.534392 0.933094 0.539683 0.933094 0.539683 0.927121 0.537037 0.925926 0.537037 0.890084 0.539683 0.888889 0.539683 0.880526 0.542328 0.879331 0.544974 0.880526 0.544974 0.902031 0.550265 0.902031 0.550265 0.896057 0.552910 0.894863 0.552910 0.886499 0.555556 0.885305 0.555556 0.880526 0.558201 0.879331 0.558201 0.875747 0.560847 0.874552 0.560847 0.873357 0.576720 0.866189 0.582011 0.868578 0.582011 0.880526 0.587302 0.880526 0.587302 0.873357 0.589947 0.872162 0.592593 0.873357 0.592593 0.878136 0.595238 0.879331 0.595238 0.882915 0.597884 0.884110 0.597884 0.896057 0.603175 0.896057 0.603175 0.893668 0.605820 0.892473 0.605820 0.891278 0.608466 0.890084 0.613757 0.890084 0.616402 0.888889 0.621693 0.888889 0.624339 0.887694 0.624339 0.886499 0.626984 0.885305 0.632275 0.887694 0.632275 0.890084 0.634921 0.891278 0.634921 0.894863 0.637566 0.896057 0.637566 0.898447 0.640212 0.899642 0.640212 0.904421 0.642857 0.905615 0.642857 0.906810 0.648148 0.906810 0.648148 0.885305 0.650794 0.884110 0.653439 0.884110 0.658730 0.886499 0.658730 0.887694 0.666667 0.887694 0.669312 0.888889 0.669312 0.890084 0.671958 0.891278 0.671958 0.893668 0.674603 0.894863 0.674603 0.896057 0.677249 0.897252 0.677249 0.899642 0.679894 0.900836 0.685185 0.900836 0.690476 0.903226 0.690476 0.904421 0.693122 0.905615 0.693122 0.906810 0.695767 0.908005 0.695767 0.909200 0.701058 0.909200 0.701058 0.906810 0.698413 0.905615 0.698413 0.904421 0.695767 0.903226 0.695767 0.900836 0.693122 0.899642 0.693122 0.897252 0.690476 0.896057 0.690476 0.894863 0.693122 0.893668 0.693122 0.890084 0.690476 0.888889 0.690476 0.887694 0.685185 0.885305 0.685185 0.884110 0.682540 0.882915 0.682540 0.881720 0.679894 0.880526 0.679894 0.875747 0.682540 0.874552 0.685185 0.874552 0.690476 0.872162 0.695767 0.872162 0.695767 0.866189 0.693122 0.864994 0.693122 0.862605 0.690476 0.861410 0.690476 0.857826 0.693122 0.856631 0.701058 0.856631 0.703704 0.857826 0.711640 0.857826 0.714286 0.859020 0.719577 0.859020 0.722222 0.860215 0.732804 0.860215 0.735450 0.861410 0.748677 0.861410 0.751323 0.860215 0.751323 0.857826 0.746032 0.857826 0.743386 0.856631 0.716931 0.856631 0.714286 0.855436 0.711640 0.855436 0.708995 0.854241 0.706349 0.854241 0.703704 0.853047 0.698413 0.853047 0.695767 0.851852 0.693122 0.851852 0.687831 0.849462 0.685185 0.849462 0.677249 0.845878 0.677249 0.843489 0.679894 0.842294 0.701058 0.842294 0.701058 0.839904 0.693122 0.839904 0.690476 0.838710 0.685185 0.838710 0.682540 0.837515 0.682540 0.836320 0.679894 0.835125 0.685185 0.832736 0.693122 0.832736 0.695767 0.831541 0.706349 0.831541 0.708995 0.830346 0.743386 0.830346 0.764550 0.839904 0.764550 0.843489 0.767196 0.844683 0.772487 0.844683 0.777778 0.847073 0.777778 0.848268 0.788360 0.853047 0.788360 0.854241 0.791005 0.855436 0.791005 0.857826 0.793651 0.859020 0.796296 0.859020 0.801587 0.861410 0.804233 0.861410 0.820106 0.868578 0.820106 0.872162 0.822751 0.873357 0.822751 0.874552 0.828042 0.874552 0.830688 0.875747 0.830688 0.876941 0.835979 0.876941 0.835979 0.873357 0.833333 0.872162 0.833333 0.869773 0.830688 0.868578 0.830688 0.861410 0.828042 0.861410 0.809524 0.853047 0.809524 0.851852 0.806878 0.850657 0.806878 0.847073 0.804233 0.847073 0.801587 0.845878 0.793651 0.845878 0.772487 0.836320 0.772487 0.833931 0.783069 0.829152 0.785714 0.829152 0.791005 0.826762 0.801587 0.826762 0.806878 0.824373 0.812169 0.824373 0.814815 0.823178 0.820106 0.823178 0.822751 0.821983 0.825397 0.821983 0.828042 0.820789 0.838624 0.820789 0.841270 0.819594 0.854497 0.819594 0.857143 0.818399 0.867725 0.818399 0.870370 0.817204 0.873016 0.817204 0.873016 0.813620 0.870370 0.813620 0.862434 0.810036 0.862434 0.808841 0.873016 0.804062 0.873016 0.802867 0.875661 0.801673 0.875661 0.799283 0.878307 0.798088 0.878307 0.796894 0.880952 0.795699 0.880952 0.793309 0.875661 0.793309 0.870370 0.795699 0.870370 0.796894 0.867725 0.798088 0.865079 0.798088 0.862434 0.796894 0.862434 0.795699 0.859788 0.794504 0.849206 0.794504 0.846561 0.795699 0.833333 0.795699 0.830688 0.796894 0.806878 0.796894 0.804233 0.795699 0.796296 0.795699 0.793651 0.796894 0.783069 0.796894 0.780423 0.798088 0.775132 0.798088 0.772487 0.796894 0.777778 0.794504 0.780423 0.794504 0.793651 0.788530 0.793651 0.787336 0.804233 0.782557 0.820106 0.782557 0.820106 0.780167 0.809524 0.780167 0.806878 0.778973 0.809524 0.777778 0.809524 0.776583 0.812169 0.775388 0.814815 0.775388 0.814815 0.774194 0.817460 0.772999 0.820106 0.772999 0.820106 0.771804 0.825397 0.769415 0.825397 0.768220 0.841270 0.761051 0.843915 0.761051 0.843915 0.753883 0.846561 0.752688 0.846561 0.751493 0.849206 0.750299 0.849206 0.749104 0.854497 0.746714 0.854497 0.745520 0.857143 0.744325 0.857143 0.743130 0.859788 0.741935 0.859788 0.740741 0.862434 0.739546 0.862434 0.738351 0.865079 0.737157 0.865079 0.735962 0.867725 0.734767 0.867725 0.733572 0.873016 0.731183 0.878307 0.731183 0.878307 0.726404 0.875661 0.725209 0.880952 0.722820 0.880952 0.721625 0.886243 0.719235 0.886243 0.718041 0.891534 0.715651 0.891534 0.713262 0.883598 0.713262 0.880952 0.712067 0.880952 0.707288 0.875661 0.707288 0.875661 0.710872 0.873016 0.712067 0.873016 0.715651 0.870370 0.716846 0.870370 0.719235 0.867725 0.720430 0.867725 0.721625 0.865079 0.722820 0.865079 0.724014 0.862434 0.725209 0.862434 0.726404 0.857143 0.728793 0.857143 0.729988 0.854497 0.731183 0.854497 0.732378 0.849206 0.734767 0.849206 0.735962 0.846561 0.737157 0.846561 0.738351 0.843915 0.739546 0.843915 0.740741 0.841270 0.741935 0.841270 0.743130 0.838624 0.744325 0.838624 0.745520 0.833333 0.747909 0.833333 0.749104 0.830688 0.750299 0.830688 0.751493 0.825397 0.753883 0.825397 0.755078 0.820106 0.757467 0.820106 0.758662 0.806878 0.764636 0.806878 0.765830 0.798942 0.769415 0.798942 0.770609 0.793651 0.772999 0.791005 0.772999 0.788360 0.774194 0.785714 0.774194 0.783069 0.775388 0.777778 0.775388 0.772487 0.777778 0.769841 0.777778 0.769841 0.778973 0.764550 0.781362 0.746032 0.781362 0.743386 0.782557 0.732804 0.782557 0.730159 0.781362 0.730159 0.776583 0.727513 0.775388 0.727513 0.772999 0.722222 0.772999 0.719577 0.771804 0.719577 0.768220 0.735450 0.761051 0.735450 0.759857 0.738095 0.758662 0.738095 0.757467 0.740741 0.756272 0.740741 0.755078 0.743386 0.753883 0.746032 0.753883 0.751323 0.756272 0.751323 0.757467 0.753968 0.758662 0.753968 0.761051 0.756614 0.762246 0.756614 0.763441 0.761905 0.763441 0.761905 0.761051 0.759259 0.759857 0.759259 0.758662 0.756614 0.757467 0.756614 0.753883 0.753968 0.752688 0.753968 0.749104 0.761905 0.745520 0.764550 0.745520 0.764550 0.744325 0.767196 0.743130 0.767196 0.741935 0.769841 0.740741 0.769841 0.738351 0.775132 0.735962 0.775132 0.734767 0.777778 0.733572 0.777778 0.732378 0.780423 0.731183 0.780423 0.729988 0.788360 0.726404 0.798942 0.726404 0.798942 0.724014 0.796296 0.722820 0.798942 0.721625 0.798942 0.720430 0.801587 0.719235 0.801587 0.718041 0.804233 0.716846 0.804233 0.715651 0.806878 0.714456 0.806878 0.713262 0.812169 0.710872 0.812169 0.709677 0.814815 0.708483 0.814815 0.707288 0.820106 0.704898 0.820106 0.703704 0.825397 0.701314 0.825397 0.700119 0.828042 0.698925 0.828042 0.697730 0.838624 0.692951 0.841270 0.694146 0.846561 0.694146 0.849206 0.695341 0.854497 0.695341 0.854497 0.691756 0.851852 0.690562 0.851852 0.684588 0.854497 0.683393 0.854497 0.681004 0.857143 0.679809 0.857143 0.678614 0.859788 0.677419 0.859788 0.676225 0.862434 0.675030 0.862434 0.672640 0.867725 0.670251 0.867725 0.669056 0.870370 0.667861 0.870370 0.666667 0.875661 0.664277 0.875661 0.663082 0.886243 0.658303 0.888889 0.659498 0.888889 0.660693 0.891534 0.661888 0.896825 0.661888 0.896825 0.649940 0.899471 0.648746 0.899471 0.643967 0.894180 0.643967 0.886243 0.647551 0.883598 0.647551 0.883598 0.648746 0.880952 0.649940 0.878307 0.649940 0.878307 0.651135 0.875661 0.652330 0.875661 0.654719 0.870370 0.657109 0.870370 0.658303 0.859788 0.663082 0.859788 0.664277 0.854497 0.666667 0.854497 0.667861 0.851852 0.669056 0.851852 0.670251 0.846561 0.672640 0.843915 0.671446 0.843915 0.670251 0.846561 0.669056 0.846561 0.667861 0.849206 0.666667 0.849206 0.665472 0.851852 0.664277 0.851852 0.663082 0.854497 0.661888 0.854497 0.660693 0.859788 0.658303 0.859788 0.657109 0.862434 0.655914 0.862434 0.654719 0.865079 0.653524 0.865079 0.652330 0.875661 0.647551 0.875661 0.646356 0.878307 0.645161 0.878307 0.641577 0.880952 0.640382 0.883598 0.640382 0.891534 0.636798 0.891534 0.635603 0.894180 0.634409 0.894180 0.632019 0.896825 0.630824 0.896825 0.629630 0.899471 0.628435 0.899471 0.627240 0.902116 0.626045 0.902116 0.623656 0.896825 0.623656 0.894180 0.624851 0.894180 0.626045 0.891534 0.627240 0.891534 0.628435 0.888889 0.629630 0.888889 0.630824 0.886243 0.632019 0.886243 0.633214 0.883598 0.634409 0.880952 0.633214 0.880952 0.627240 0.873016 0.627240 0.870370 0.628435 0.870370 0.632019 0.867725 0.633214 0.867725 0.636798 0.865079 0.637993 0.865079 0.641577 0.862434 0.642772 0.862434 0.646356 0.859788 0.647551 0.859788 0.649940 0.857143 0.651135 0.857143 0.652330 0.854497 0.653524 0.854497 0.654719 0.851852 0.655914 0.851852 0.657109 0.849206 0.658303 0.849206 0.659498 0.846561 0.660693 0.846561 0.661888 0.830688 0.669056 0.825397 0.669056 0.817460 0.672640 0.814815 0.672640 0.812169 0.671446 0.812169 0.665472 0.814815 0.664277 0.814815 0.659498 0.809524 0.659498 0.809524 0.661888 0.806878 0.663082 0.804233 0.661888 0.804233 0.657109 0.806878 0.655914 0.806878 0.654719 0.809524 0.653524 0.812169 0.654719 0.812169 0.655914 0.817460 0.655914 0.817460 0.651135 0.820106 0.649940 0.820106 0.645161 0.822751 0.643967 0.822751 0.640382 0.825397 0.639188 0.830688 0.639188 0.830688 0.637993 0.833333 0.636798 0.833333 0.630824 0.835979 0.629630 0.835979 0.622461 0.838624 0.621266 0.838624 0.616487 0.841270 0.615293 0.841270 0.612903 0.843915 0.611708 0.843915 0.606930 0.841270 0.605735 0.843915 0.604540 0.843915 0.597372 0.841270 0.596177 0.841270 0.592593 0.835979 0.592593 0.835979 0.594982 0.833333 0.596177 0.833333 0.599761 0.830688 0.600956 0.830688 0.603345 0.828042 0.604540 0.828042 0.606930 0.820106 0.610514 0.817460 0.610514 0.814815 0.611708 0.812169 0.611708 0.806878 0.614098 0.801587 0.614098 0.798942 0.612903 0.798942 0.608124 0.801587 0.606930 0.801587 0.602151 0.804233 0.600956 0.804233 0.598566 0.809524 0.596177 0.809524 0.594982 0.812169 0.593787 0.812169 0.592593 0.817460 0.590203 0.817460 0.585424 0.809524 0.585424 0.806878 0.586619 0.804233 0.586619 0.798942 0.589008 0.796296 0.589008 0.793651 0.587814 0.796296 0.586619 0.796296 0.585424 0.798942 0.584229 0.798942 0.583035 0.809524 0.578256 0.809524 0.577061 0.812169 0.575866 0.812169 0.574671 0.814815 0.573477 0.814815 0.572282 0.817460 0.571087 0.817460 0.567503 0.814815 0.566308 0.814815 0.559140 0.812169 0.557945 0.812169 0.554361 0.806878 0.554361 0.806878 0.563919 0.804233 0.565114 0.804233 0.567503 0.801587 0.568698 0.801587 0.571087 0.798942 0.572282 0.798942 0.575866 0.796296 0.577061 0.796296 0.578256 0.793651 0.579450 0.793651 0.580645 0.791005 0.581840 0.791005 0.583035 0.777778 0.589008 0.775132 0.587814 0.769841 0.587814 0.769841 0.591398 0.767196 0.592593 0.767196 0.593787 0.764550 0.594982 0.764550 0.596177 0.761905 0.597372 0.761905 0.598566 0.759259 0.599761 0.759259 0.600956 0.746032 0.606930 0.746032 0.609319 0.743386 0.610514 0.740741 0.609319 0.732804 0.609319 0.724868 0.612903 0.722222 0.612903 0.719577 0.614098 0.714286 0.611708 0.714286 0.605735 0.716931 0.604540 0.716931 0.597372 0.719577 0.596177 0.719577 0.585424 0.722222 0.584229 0.722222 0.563919 0.724868 0.562724 0.724868 0.559140 0.722222 0.557945 0.722222 0.548387 0.719577 0.547192 0.719577 0.543608 0.716931 0.542413 0.716931 0.541219 0.711640 0.541219 0.711640 0.544803 0.714286 0.545998 0.714286 0.547192 0.708995 0.549582 0.706349 0.549582 0.703704 0.548387 0.695767 0.548387 0.695767 0.550777 0.693122 0.551971 0.693122 0.559140 0.690476 0.560335 0.690476 0.561529 0.687831 0.562724 0.685185 0.561529 0.685185 0.555556 0.687831 0.554361 0.687831 0.547192 0.682540 0.547192 0.682540 0.549582 0.679894 0.550777 0.679894 0.554361 0.677249 0.555556 0.677249 0.557945 0.674603 0.559140 0.674603 0.562724 0.677249 0.562724 0.679894 0.563919 0.677249 0.565114 0.677249 0.572282 0.669312 0.575866 0.666667 0.574671 0.666667 0.571087 0.661376 0.571087 0.661376 0.572282 0.656085 0.574671 0.653439 0.574671 0.650794 0.573477 0.650794 0.572282 0.648148 0.571087 0.648148 0.565114 0.650794 0.563919 0.650794 0.554361 0.648148 0.553166 0.648148 0.545998 0.645503 0.544803 0.645503 0.541219 0.648148 0.540024 0.648148 0.537634 0.642857 0.537634 0.642857 0.540024 0.640212 0.541219 0.640212 0.542413 0.637566 0.543608 0.629630 0.540024 0.629630 0.536440 0.624339 0.536440 0.624339 0.544803 0.621693 0.545998 0.621693 0.550777 0.619048 0.551971 0.619048 0.555556 0.616402 0.556750 0.611111 0.554361 0.611111 0.547192 0.608466 0.545998 0.603175 0.545998 0.603175 0.550777 0.605820 0.551971 0.605820 0.557945 0.603175 0.559140 0.603175 0.567503 0.600529 0.568698 0.600529 0.572282 0.597884 0.573477 0.597884 0.575866 0.600529 0.575866 0.603175 0.577061 0.603175 0.579450 0.600529 0.580645 0.600529 0.583035 0.597884 0.584229 0.597884 0.585424 0.595238 0.586619 0.595238 0.587814 0.584656 0.592593 0.584656 0.594982 0.587302 0.594982 0.589947 0.596177 0.589947 0.597372 0.587302 0.598566 0.587302 0.600956 0.584656 0.602151 0.584656 0.604540 0.582011 0.605735 0.582011 0.606930 0.579365 0.608124 0.579365 0.609319 0.576720 0.610514 0.576720 0.611708 0.574074 0.612903 0.568783 0.612903 0.568783 0.620072 0.566138 0.621266 0.566138 0.622461 0.563492 0.623656 0.563492 0.626045 0.555556 0.629630 0.552910 0.629630 0.547619 0.627240 0.547619 0.624851 0.542328 0.622461 0.542328 0.621266 0.539683 0.620072 0.539683 0.617682 0.537037 0.616487 0.537037 0.615293 0.534392 0.614098 0.534392 0.611708 0.529101 0.611708 0.526455 0.610514 0.529101 0.609319 0.534392 0.609319 0.537037 0.608124 0.537037 0.605735 0.534392 0.604540 0.534392 0.600956 0.531746 0.599761 0.531746 0.598566 0.529101 0.597372 0.529101 0.594982 0.526455 0.593787 0.526455 0.587814 0.523810 0.586619 0.523810 0.575866 0.521164 0.574671 0.521164 0.565114 0.518519 0.563919 0.518519 0.531661 0.515873 0.530466 0.515873 0.513740 0.513228 0.512545 0.513228 0.499403 0.510582 0.498208 0.510582 0.476703 0.513228 0.475508 0.513228 0.469534 0.515873 0.468339 0.515873 0.462366 0.518519 0.461171 0.518519 0.458781 0.515873 0.457587 0.521164 0.455197 0.521164 0.450418 0.523810 0.449223 0.523810 0.442055 0.526455 0.440860 0.526455 0.437276 0.529101 0.436081 0.529101 0.432497 0.526455 0.431302 0.526455 0.425329 0.529101 0.424134 0.529101 0.421744 0.534392 0.419355 0.537037 0.419355 0.537037 0.418160 0.539683 0.416965 0.539683 0.414576 0.531746 0.414576 0.526455 0.416965 0.523810 0.415771 0.523810 0.414576 0.521164 0.413381 0.521164 0.397849 0.523810 0.396655 0.523810 0.387097 0.526455 0.385902 0.526455 0.384707 0.531746 0.382318 0.534392 0.382318 0.539683 0.384707 0.539683 0.385902 0.542328 0.387097 0.542328 0.390681 0.544974 0.391876 0.544974 0.399044 0.547619 0.400239 0.547619 0.409797 0.544974 0.410992 0.544974 0.414576 0.550265 0.414576 0.552910 0.415771 0.552910 0.418160 0.555556 0.419355 0.555556 0.427718 0.558201 0.428913 0.558201 0.432497 0.566138 0.432497 0.566138 0.420550 0.563492 0.419355 0.563492 0.410992 0.566138 0.409797 0.566138 0.407407 0.568783 0.406213 0.568783 0.403823 0.571429 0.402628 0.571429 0.400239 0.560847 0.400239 0.558201 0.399044 0.558201 0.394265 0.555556 0.393070 0.555556 0.385902 0.566138 0.381123 0.566138 0.377539 0.563492 0.376344 0.563492 0.375149 0.566138 0.373955 0.566138 0.371565 0.560847 0.369176 0.560847 0.367981 0.558201 0.366786 0.558201 0.365591 0.568783 0.360812 0.579365 0.360812 0.582011 0.362007 0.582011 0.363202 0.587302 0.363202 0.589947 0.362007 0.592593 0.362007 0.595238 0.363202 0.600529 0.363202 0.600529 0.360812 0.597884 0.360812 0.592593 0.358423 0.592593 0.354839 0.589947 0.353644 0.589947 0.352449 0.592593 0.351254 0.592593 0.348865 0.597884 0.346476 0.597884 0.345281 0.600529 0.344086 0.603175 0.345281 0.603175 0.346476 0.605820 0.347670 0.605820 0.350060 0.603175 0.351254 0.603175 0.354839 0.608466 0.357228 0.608466 0.358423 0.613757 0.358423 0.616402 0.357228 0.619048 0.358423 0.619048 0.362007 0.616402 0.363202 0.605820 0.363202 0.605820 0.366786 0.608466 0.367981 0.608466 0.372760 0.605820 0.373955 0.605820 0.377539 0.603175 0.378734 0.603175 0.379928 0.595238 0.383513 0.592593 0.383513 0.589947 0.384707 0.589947 0.389486 0.597884 0.389486 0.600529 0.388292 0.608466 0.388292 0.608466 0.387097 0.613757 0.384707 0.616402 0.384707 0.619048 0.385902 0.624339 0.385902 0.626984 0.387097 0.626984 0.388292 0.640212 0.388292 0.642857 0.387097 0.642857 0.385902 0.645503 0.384707 0.645503 0.383513 0.661376 0.376344 0.677249 0.376344 0.677249 0.373955 0.674603 0.372760 0.674603 0.371565 0.666667 0.367981 0.666667 0.364397 0.669312 0.363202 0.679894 0.363202 0.679894 0.359618 0.671958 0.359618 0.669312 0.360812 0.666667 0.359618 0.666667 0.354839 0.664021 0.353644 0.658730 0.353644 0.656085 0.352449 0.656085 0.351254 0.653439 0.350060 0.653439 0.345281 0.656085 0.344086 0.658730 0.344086 0.661376 0.342891 0.661376 0.339307 0.656085 0.339307 0.650794 0.341697 0.650794 0.342891 0.648148 0.344086 0.645503 0.344086 0.642857 0.342891 0.640212 0.342891 0.637566 0.341697 0.637566 0.339307 0.632275 0.339307 0.629630 0.338112 0.629630 0.334528 0.626984 0.333333 0.626984 0.327360 0.624339 0.326165 0.624339 0.322581 0.621693 0.321386 0.621693 0.315412 0.619048 0.314217 0.621693 0.313023 0.621693 0.307049 0.626984 0.304659 0.626984 0.302270 0.621693 0.299881 0.621693 0.298686 0.616402 0.298686 0.608466 0.295102 0.608466 0.293907 0.603175 0.291517 0.597884 0.291517 0.595238 0.290323 0.595238 0.289128 0.592593 0.287933 0.592593 0.286738 0.595238 0.285544 0.597884 0.285544 0.597884 0.283154 0.595238 0.281959 0.595238 0.279570 0.592593 0.278375 0.592593 0.277180 0.589947 0.275986 0.589947 0.273596 0.587302 0.272401 0.587302 0.270012 0.592593 0.267622 0.595238 0.267622 0.595238 0.265233 0.587302 0.261649 0.587302 0.247312 0.589947 0.246117 0.589947 0.237754 0.597884 0.234170 0.600529 0.234170 0.608466 0.230585 0.608466 0.229391 0.611111 0.228196 0.611111 0.227001 0.616402 0.224612 0.616402 0.219833 0.611111 0.219833 0.611111 0.221027 0.608466 0.222222 0.603175 0.222222 0.597884 0.219833 0.597884 0.218638 0.595238 0.217443 0.595238 0.212664 0.592593 0.211470 0.592593 0.209080 0.587302 0.206691 0.579365 0.206691 0.579365 0.207885 0.574074 0.210275 0.568783 0.207885 0.568783 0.206691 0.574074 0.204301 0.576720 0.204301 0.576720 0.199522 0.574074 0.198327 0.574074 0.193548 0.576720 0.192354 0.576720 0.189964 0.582011 0.187575 0.587302 0.187575 0.589947 0.188769 0.595238 0.188769 0.597884 0.187575 0.600529 0.187575 0.605820 0.189964 0.605820 0.191159 0.608466 0.192354 0.608466 0.193548 0.613757 0.193548 0.613757 0.187575 0.616402 0.186380 0.616402 0.176822 0.619048 0.175627 0.619048 0.169654 0.608466 0.169654 0.605820 0.168459 0.605820 0.167264 0.600529 0.164875 0.597884 0.164875 0.595238 0.163680 0.595238 0.162485 0.589947 0.162485 0.589947 0.163680 0.584656 0.166069 0.582011 0.166069 0.579365 0.164875 0.579365 0.145759 0.576720 0.144564 0.576720 0.138590 0.574074 0.137395 0.574074 0.133811 0.571429 0.133811 0.568783 0.132616 0.568783 0.123059 0.566138 0.121864 0.566138 0.115890 0.563492 0.114695 0.563492 0.105137 0.566138 0.103943 0.566138 0.102748 0.568783 0.101553 0.568783 0.100358 0.571429 0.099164 0.574074 0.099164 0.574074 0.096774 0.566138 0.096774 0.558201 0.100358 0.558201 0.101553 0.555556 0.102748 0.555556 0.103943 0.552910 0.105137 0.552910 0.109916 0.550265 0.111111 0.550265 0.123059 0.552910 0.124253 0.552910 0.126643 0.550265 0.127838 0.550265 0.129032 0.547619 0.130227 0.542328 0.130227 0.539683 0.131422 0.531746 0.127838 0.531746 0.126643 0.529101 0.125448 0.523810 0.125448 0.521164 0.124253 0.513228 0.124253 0.513228 0.125448 0.510582 0.126643 0.510582 0.135006 0.505291 0.137395 0.502646 0.137395 0.497354 0.135006 0.497354 0.133811 0.494709 0.132616 0.494709 0.112306 0.492063 0.111111 0.492063 0.106332 0.489418 0.105137 0.489418 0.103943 0.486772 0.102748 0.486772 0.101553 0.484127 0.100358 0.484127 0.093190 0.481481 0.091995 0.481481 0.087216 0.478836 0.086022 0.465608 0.086022 0.465608 0.090800 0.462963 0.091995 0.462963 0.094385 0.465608 0.095579 0.470899 0.095579 0.473545 0.096774 0.473545 0.097969 0.476190 0.099164 0.476190 0.101553 0.478836 0.102748 0.478836 0.108722 0.476190 0.109916 0.476190 0.111111 0.473545 0.112306 0.473545 0.118280 0.470899 0.119474 0.470899 0.120669 0.468254 0.121864 0.468254 0.125448 0.465608 0.126643 0.462963 0.126643 0.460317 0.127838 0.449735 0.127838 0.449735 0.133811 0.455026 0.133811 0.457672 0.132616 0.460317 0.133811 0.460317 0.136201 0.457672 0.137395 0.457672 0.140980 0.460317 0.142174 0.457672 0.143369 0.449735 0.143369 0.447090 0.144564 0.444444 0.144564 0.439153 0.146953 0.436508 0.146953 0.433862 0.148148 0.433862 0.152927 0.439153 0.152927 0.441799 0.151732 0.444444 0.151732 0.447090 0.152927 0.449735 0.152927 0.452381 0.154122 0.452381 0.157706 0.449735 0.158901 0.449735 0.161290 0.447090 0.162485 0.447090 0.164875 0.441799 0.167264 0.433862 0.167264 0.431217 0.166069 0.425926 0.166069 0.423280 0.167264 0.420635 0.166069 0.420635 0.156511 0.417989 0.155317 0.412698 0.155317 0.410053 0.156511 0.407407 0.156511 0.407407 0.157706 0.404762 0.158901 0.402116 0.158901 0.402116 0.164875 0.399471 0.166069 0.396825 0.164875 0.388889 0.164875 0.380952 0.161290 0.380952 0.160096 0.378307 0.158901 0.378307 0.156511 0.375661 0.155317 0.375661 0.151732 0.373016 0.150538 0.373016 0.142174 0.375661 0.140980 0.375661 0.139785 0.378307 0.138590 0.386243 0.142174 0.391534 0.142174 0.391534 0.138590 0.388889 0.138590 0.386243 0.137395 0.383598 0.137395 0.378307 0.135006 0.378307 0.133811 0.375661 0.132616 0.375661 0.131422 0.380952 0.129032 0.380952 0.127838 0.383598 0.126643 0.386243 0.127838 0.386243 0.129032 0.391534 0.129032 0.391534 0.127838 0.394180 0.126643 0.396825 0.126643 0.396825 0.124253 0.394180 0.123059 0.394180 0.121864 0.391534 0.120669 0.391534 0.117085 0.386243 0.114695 0.388889 0.113501 0.391534 0.113501 0.394180 0.114695 0.399471 0.114695 0.399471 0.112306 0.396825 0.112306 0.391534 0.109916 0.388889 0.109916 0.386243 0.108722 0.383598 0.108722 0.378307 0.106332 0.375661 0.106332 0.373016 0.105137 0.373016 0.103943 0.370370 0.103943 0.367725 0.102748 0.365079 0.102748 0.362434 0.101553 0.362434 0.097969 0.354497 0.097969 0.351852 0.099164 0.349206 0.099164 0.346561 0.097969 0.346561 0.095579 0.341270 0.095579 0.338624 0.096774 0.338624 0.100358 0.335979 0.101553 0.335979 0.102748 0.333333 0.103943 0.322751 0.103943 0.320106 0.102748 0.320106 0.097969 0.322751 0.096774 0.325397 0.096774 0.325397 0.091995 0.328042 0.090800 0.328042 0.088411 0.322751 0.088411 0.320106 0.089606 0.314815 0.089606 0.309524 0.091995 0.304233 0.091995 0.301587 0.090800 0.301587 0.089606 0.298942 0.088411 0.293651 0.088411 0.291005 0.087216 0.293651 0.086022 0.296296 0.086022 0.296296 0.081243 0.298942 0.080048 0.298942 0.077658 0.301587 0.076464 0.301587 0.074074 0.291005 0.074074 0.285714 0.071685 0.288360 0.070490 0.288360 0.065711 0.285714 0.064516 0.285714 0.062127 0.298942 0.056153 0.301587 0.056153 0.306878 0.053763 0.309524 0.053763 0.312169 0.052569 0.314815 0.052569 0.317460 0.051374 0.320106 0.051374 0.322751 0.050179 0.325397 0.050179 0.333333 0.046595 0.333333 0.043011 0.330688 0.041816 0.320106 0.041816 0.317460 0.043011 0.317460 0.044205 0.301587 0.051374 0.298942 0.051374 0.296296 0.052569 0.293651 0.052569 0.285714 0.056153 0.280423 0.056153 0.275132 0.053763 0.275132 0.051374 0.277778 0.050179 0.277778 0.046595 0.280423 0.045400 0.280423 0.043011 0.288360 0.039427 0.298942 0.039427 0.298942 0.035842 0.296296 0.034648 0.296296 0.031063 0.291005 0.031063 0.291005 0.032258 0.288360 0.033453 0.288360 0.034648 0.285714 0.035842 0.280423 0.035842 0.277778 0.034648 0.272487 0.034648 0.269841 0.033453 0.267196 0.033453 0.256614 0.028674 0.259259 0.027479 0.259259 0.025090
0 0.362434 0.022700 0.362434 0.044205 0.359788 0.045400 0.357143 0.045400 0.357143 0.051374 0.362434 0.051374 0.362434 0.050179 0.365079 0.048984 0.367725 0.050179 0.373016 0.050179 0.373016 0.046595 0.370370 0.045400 0.370370 0.041816 0.367725 0.040621 0.367725 0.022700